
**********************************************************
ConnectDAWs File Logger | only the ConnectionManagerThread will write to this file to avoid blocking calls inside the audio thread.
Log started: 17 Dec 2024 10:49:01am

Network Benchmark | start
size of start timestamps: 269
size of end timestamps: 269
latency: 311, 285, 290, 298, 297, 327, 369, 364, 344, 309, 356, 404, 418, 412, 404, 387, 382, 402, 457, 528, 532, 538, 561, 587, 615, 663, 675, 671, 682, 739, 796, 854, 915, 915, 934, 975, 993, 996, 980, 1009, 1026, 1072, 1099, 1081, 1102, 1132, 1172, 1152, 1143, 1153, 1189, 1267, 1338, 1334, 1318, 1339, 1360, 1426, 1461, 1484, 1501, 1560, 1585, 1621, 1619, 1644, 1352, 1408, 1433, 1467, 1477, 1543, 1584, 1619, 1644, 1653, 1672, 1387, 1477, 1480, 1502, 1511, 1523, 1554, 1602, 1640, 1657, 1659, 1675, 1421, 1505, 1631, 1649, 1655, 1695, 1726, 1430, 1446, 1482, 1506, 1512, 1523, 1574, 1582, 1647, 1694, 1754, 1467, 1500, 1523, 1546, 1569, 1578, 1581, 1623, 1656, 1371, 1425, 1434, 1440, 1442, 1444, 1446, 1492, 1527, 1542, 1526, 1537, 1625, 1666, 1691, 1745, 1468, 1503, 1511, 1573, 1576, 1593, 1640, 1673, 1672, 1667, 1430, 1496, 1516, 1522, 1556, 1586, 1614, 1643, 1666, 1699, 1421, 1462, 1476, 1492, 1509, 1542, 1554, 1554, 1543, 1553, 1591, 1663, 1675, 1695, 1688, 1398, 1419, 1462, 1489, 1477, 1504, 1582, 1593, 1647, 1676, 1681, 1360, 1392, 1430, 1445, 1446, 1498, 1512, 1593, 1650, 1679, 1700, 1772, 1515, 1570, 1574, 1574, 1584, 1614, 1385, 1431, 1426, 1419, 1440, 1449, 1465, 1505, 1506, 1535, 1572, 1623, 1663, 1684, 1710, 1440, 1441, 1511, 1518, 1507, 1548, 1588, 1604, 1732, 1775, 1484, 1582, 1619, 1642, 1651, 1663, 1353, 1372, 1391, 1405, 1448, 1493, 1510, 1515, 1564, 1587, 1599, 1614, 1687, 1394, 1409, 1519, 1568, 1590, 1613, 1626, 1615, 1293, 1331, 1361, 1366, 1405, 1389, 1403, 1485, 1524, 1586, 1611, 1617, 1633, 1347, 1375, 1388, 1403, 1431, 1449, 1472, 1539, 
start timestamps: 1734428845352, 1734428845675, 1734428846003, 1734428846343, 1734428846692, 1734428847005, 1734428847313, 1734428847622, 1734428847941, 1734428848258, 1734428848576, 1734428848885, 1734428849192, 1734428849501, 1734428849814, 1734428850134, 1734428850471, 1734428850778, 1734428851085, 1734428851392, 1734428851708, 1734428852016, 1734428852327, 1734428852638, 1734428852949, 1734428853259, 1734428853565, 1734428853871, 1734428854178, 1734428854491, 1734428854802, 1734428855117, 1734428855423, 1734428855735, 1734428856044, 1734428856352, 1734428856663, 1734428856971, 1734428857306, 1734428857613, 1734428857922, 1734428858230, 1734428858546, 1734428858867, 1734428859174, 1734428859491, 1734428859804, 1734428860140, 1734428860457, 1734428860790, 1734428861105, 1734428861414, 1734428861724, 1734428862041, 1734428862354, 1734428862661, 1734428862966, 1734428863268, 1734428863572, 1734428863878, 1734428864190, 1734428864502, 1734428864812, 1734428865119, 1734428865425, 1734428865731, 1734428866351, 1734428866660, 1734428866978, 1734428867304, 1734428867606, 1734428867915, 1734428868229, 1734428868538, 1734428868849, 1734428869156, 1734428869462, 1734428870075, 1734428870384, 1734428870695, 1734428870998, 1734428871302, 1734428871611, 1734428871926, 1734428872233, 1734428872544, 1734428872851, 1734428873160, 1734428873473, 1734428874105, 1734428874407, 1734428874714, 1734428875020, 1734428875332, 1734428875644, 1734428875962, 1734428876593, 1734428876896, 1734428877207, 1734428877519, 1734428877831, 1734428878138, 1734428878454, 1734428878761, 1734428879067, 1734428879379, 1734428879707, 1734428880325, 1734428880639, 1734428880949, 1734428881259, 1734428881573, 1734428881884, 1734428882190, 1734428882491, 1734428882795, 1734428883417, 1734428883726, 1734428884035, 1734428884340, 1734428884657, 1734428884971, 1734428885307, 1734428885633, 1734428885943, 1734428886255, 1734428886574, 1734428886899, 1734428887210, 1734428887518, 1734428887822, 1734428888125, 1734428888748, 1734428889064, 1734428889376, 1734428889690, 1734428890001, 1734428890322, 1734428890640, 1734428890954, 1734428891291, 1734428891597, 1734428892217, 1734428892523, 1734428892839, 1734428893155, 1734428893463, 1734428893772, 1734428894088, 1734428894404, 1734428894717, 1734428895023, 1734428895646, 1734428895958, 1734428896270, 1734428896578, 1734428896886, 1734428897195, 1734428897512, 1734428897826, 1734428898142, 1734428898458, 1734428898772, 1734428899085, 1734428899401, 1734428899713, 1734428900025, 1734428900648, 1734428900956, 1734428901262, 1734428901600, 1734428901928, 1734428902238, 1734428902542, 1734428902847, 1734428903153, 1734428903468, 1734428903777, 1734428904423, 1734428904726, 1734428905030, 1734428905337, 1734428905662, 1734428905969, 1734428906273, 1734428906577, 1734428906900, 1734428907207, 1734428907516, 1734428907821, 1734428908437, 1734428908746, 1734428909056, 1734428909370, 1734428909673, 1734428909978, 1734428910602, 1734428910913, 1734428911220, 1734428911536, 1734428911849, 1734428912169, 1734428912484, 1734428912799, 1734428913111, 1734428913414, 1734428913732, 1734428914037, 1734428914349, 1734428914654, 1734428914978, 1734428915593, 1734428915912, 1734428916223, 1734428916532, 1734428916843, 1734428917150, 1734428917461, 1734428917770, 1734428918072, 1734428918376, 1734428919009, 1734428919317, 1734428919632, 1734428919947, 1734428920269, 1734428920578, 1734428921210, 1734428921525, 1734428921851, 1734428922158, 1734428922465, 1734428922787, 1734428923096, 1734428923414, 1734428923723, 1734428924029, 1734428924350, 1734428924663, 1734428924979, 1734428925590, 1734428925893, 1734428926202, 1734428926513, 1734428926823, 1734428927129, 1734428927438, 1734428927760, 1734428928399, 1734428928710, 1734428929021, 1734428929329, 1734428929646, 1734428929964, 1734428930279, 1734428930588, 1734428930897, 1734428931200, 1734428931503, 1734428931805, 1734428932110, 1734428932715, 1734428933018, 1734428933324, 1734428933629, 1734428933931, 1734428934233, 1734428934552, 1734428934855, 
end timestamps: 1734428845663, 1734428845960, 1734428846293, 1734428846641, 1734428846989, 1734428847332, 1734428847682, 1734428847986, 1734428848285, 1734428848567, 1734428848932, 1734428849289, 1734428849610, 1734428849913, 1734428850218, 1734428850521, 1734428850853, 1734428851180, 1734428851542, 1734428851920, 1734428852240, 1734428852554, 1734428852888, 1734428853225, 1734428853564, 1734428853922, 1734428854240, 1734428854542, 1734428854860, 1734428855230, 1734428855598, 1734428855971, 1734428856338, 1734428856650, 1734428856978, 1734428857327, 1734428857656, 1734428857967, 1734428858286, 1734428858622, 1734428858948, 1734428859302, 1734428859645, 1734428859948, 1734428860276, 1734428860623, 1734428860976, 1734428861292, 1734428861600, 1734428861943, 1734428862294, 1734428862681, 1734428863062, 1734428863375, 1734428863672, 1734428864000, 1734428864326, 1734428864694, 1734428865033, 1734428865362, 1734428865691, 1734428866062, 1734428866397, 1734428866740, 1734428867044, 1734428867375, 1734428867703, 1734428868068, 1734428868411, 1734428868771, 1734428869083, 1734428869458, 1734428869813, 1734428870157, 1734428870493, 1734428870809, 1734428871134, 1734428871462, 1734428871861, 1734428872175, 1734428872500, 1734428872813, 1734428873134, 1734428873480, 1734428873835, 1734428874184, 1734428874508, 1734428874819, 1734428875148, 1734428875526, 1734428875912, 1734428876345, 1734428876669, 1734428876987, 1734428877339, 1734428877688, 1734428878023, 1734428878342, 1734428878689, 1734428879025, 1734428879343, 1734428879661, 1734428880028, 1734428880343, 1734428880714, 1734428881073, 1734428881461, 1734428881792, 1734428882139, 1734428882472, 1734428882805, 1734428883142, 1734428883462, 1734428883771, 1734428884114, 1734428884451, 1734428884788, 1734428885151, 1734428885469, 1734428885780, 1734428886099, 1734428886415, 1734428886753, 1734428887125, 1734428887470, 1734428887797, 1734428888100, 1734428888436, 1734428888835, 1734428889184, 1734428889513, 1734428889870, 1734428890216, 1734428890567, 1734428890887, 1734428891263, 1734428891577, 1734428891915, 1734428892280, 1734428892627, 1734428892963, 1734428893264, 1734428893647, 1734428894019, 1734428894355, 1734428894677, 1734428895019, 1734428895358, 1734428895702, 1734428896047, 1734428896383, 1734428896722, 1734428897067, 1734428897420, 1734428897746, 1734428898070, 1734428898395, 1734428898737, 1734428899066, 1734428899380, 1734428899685, 1734428900011, 1734428900363, 1734428900748, 1734428901076, 1734428901408, 1734428901713, 1734428902046, 1734428902375, 1734428902724, 1734428903089, 1734428903405, 1734428903742, 1734428904124, 1734428904440, 1734428904800, 1734428905144, 1734428905458, 1734428905783, 1734428906118, 1734428906460, 1734428906782, 1734428907108, 1734428907467, 1734428907785, 1734428908170, 1734428908550, 1734428908886, 1734428909216, 1734428909593, 1734428909952, 1734428910316, 1734428910630, 1734428910944, 1734428911257, 1734428911592, 1734428911987, 1734428912344, 1734428912646, 1734428912955, 1734428913289, 1734428913618, 1734428913949, 1734428914304, 1734428914617, 1734428914949, 1734428915304, 1734428915660, 1734428916012, 1734428916338, 1734428916688, 1734428917033, 1734428917353, 1734428917734, 1734428918050, 1734428918350, 1734428918698, 1734428919049, 1734428919374, 1734428919804, 1734428920151, 1734428920493, 1734428920899, 1734428921251, 1734428921589, 1734428921920, 1734428922241, 1734428922563, 1734428922897, 1734428923242, 1734428923563, 1734428923913, 1734428924280, 1734428924606, 1734428924929, 1734428925287, 1734428925616, 1734428925949, 1734428926277, 1734428926666, 1734428926984, 1734428927302, 1734428927721, 1734428928081, 1734428928413, 1734428928742, 1734428929064, 1734428929375, 1734428929692, 1734428930041, 1734428930382, 1734428930695, 1734428931051, 1734428931353, 1734428931682, 1734428932073, 1734428932421, 1734428932786, 1734428933114, 1734428933422, 1734428933743, 1734428934062, 1734428934393, 1734428934712, 1734428935032, 1734428935362, 1734428935682, 1734428936024, 1734428936394, 
Plugin Outgoing Benchmark | start
size of start timestamps: 315
size of end timestamps: 290
latency: 310, 551, 790, 1050, 1327, 1601, 1882, 2142, 2408, 2655, 2915, 3203, 3433, 3459, 3433, 3412, 3409, 3469, 3484, 3560, 3551, 3578, 3572, 3907, 3907, 3922, 4002, 3992, 3969, 3933, 3927, 3892, 3887, 3893, 3950, 3915, 3923, 3917, 3865, 3899, 3911, 3904, 3922, 3942, 3923, 3905, 3883, 3920, 3913, 3899, 3909, 3958, 3908, 3963, 3965, 3975, 3977, 3986, 3996, 3982, 4019, 4057, 4024, 4013, 4009, 3958, 3956, 3959, 3942, 3941, 3910, 3894, 3845, 3874, 3899, 3928, 3939, 3944, 3940, 3955, 4071, 4070, 4004, 4049, 4031, 3974, 3991, 4009, 4007, 3993, 4006, 3983, 3944, 4042, 4049, 4060, 4125, 4131, 4174, 4085, 4107, 4211, 4168, 4170, 4196, 4042, 4077, 4068, 4083, 4061, 3995, 4027, 3981, 3965, 4284, 4261, 4248, 4248, 4277, 4307, 4348, 4656, 4693, 4713, 4722, 4742, 4746, 4699, 5010, 5018, 5093, 5093, 5046, 5010, 5001, 5328, 5276, 5301, 5233, 5211, 5285, 5248, 5278, 5291, 5320, 5277, 5326, 5326, 5308, 5306, 5312, 5304, 5335, 5309, 5357, 5386, 5356, 5345, 5277, 5275, 5626, 5630, 5615, 5573, 5568, 5567, 5600, 5950, 5964, 5955, 5929, 5884, 5915, 5952, 6283, 6262, 6263, 6326, 6336, 6293, 6303, 6627, 6648, 6688, 6688, 6702, 6672, 6620, 6935, 6955, 6942, 6981, 6957, 6934, 6895, 7213, 7197, 7176, 7174, 7122, 7176, 7183, 7495, 7498, 7499, 7503, 7539, 7522, 7503, 7810, 7816, 7815, 7816, 7811, 7846, 7842, 7894, 7862, 7918, 7901, 7908, 7974, 8003, 8128, 8115, 8104, 8140, 8163, 8188, 8191, 8137, 8139, 8150, 8200, 8231, 8213, 8215, 8229, 8235, 8243, 8242, 8210, 8174, 8178, 8203, 8189, 8156, 8018, 8060, 8069, 8050, 8044, 7990, 8015, 8029, 8025, 8038, 8006, 7943, 8021, 8058, 8016, 8035, 8021, 8004, 8001, 7986, 8012, 8011, 8035, 8026, 8022, 7977, 8000, 7942, 7909, 7867, 7838, 7842, 7829, 7785, 7777, 7735, 7735, 7651, 7635, 7559, 7589, 7548, 7528, 
start timestamps: 1734428845360, 1734428845405, 1734428845451, 1734428845498, 1734428845544, 1734428845591, 1734428845637, 1734428845684, 1734428845730, 1734428845776, 1734428845823, 1734428845869, 1734428845963, 1734428846241, 1734428846567, 1734428846892, 1734428847216, 1734428847542, 1734428847866, 1734428848145, 1734428848470, 1734428848749, 1734428849073, 1734428849074, 1734428849399, 1734428849725, 1734428850003, 1734428850327, 1734428850655, 1734428851025, 1734428851352, 1734428851721, 1734428852046, 1734428852371, 1734428852650, 1734428853021, 1734428853346, 1734428853671, 1734428854042, 1734428854322, 1734428854648, 1734428854973, 1734428855297, 1734428855622, 1734428855948, 1734428856272, 1734428856645, 1734428856970, 1734428857294, 1734428857619, 1734428857943, 1734428858223, 1734428858595, 1734428858919, 1734428859247, 1734428859569, 1734428859894, 1734428860219, 1734428860547, 1734428860916, 1734428861241, 1734428861520, 1734428861892, 1734428862216, 1734428862542, 1734428862914, 1734428863239, 1734428863566, 1734428863889, 1734428864214, 1734428864584, 1734428864910, 1734428865282, 1734428865606, 1734428865932, 1734428866256, 1734428866584, 1734428866906, 1734428867232, 1734428867557, 1734428867835, 1734428868160, 1734428868534, 1734428868812, 1734428869137, 1734428869507, 1734428869832, 1734428870205, 1734428870530, 1734428870853, 1734428871179, 1734428871550, 1734428871922, 1734428872248, 1734428872573, 1734428872898, 1734428873176, 1734428873502, 1734428873826, 1734428874244, 1734428874570, 1734428874849, 1734428875220, 1734428875544, 1734428875869, 1734428876335, 1734428876659, 1734428876984, 1734428877310, 1734428877634, 1734428878007, 1734428878331, 1734428878703, 1734428879074, 1734428879074, 1734428879400, 1734428879725, 1734428880095, 1734428880421, 1734428880747, 1734428881071, 1734428881071, 1734428881397, 1734428881721, 1734428882046, 1734428882371, 1734428882699, 1734428883067, 1734428883068, 1734428883394, 1734428883671, 1734428883997, 1734428884369, 1734428884740, 1734428885065, 1734428885065, 1734428885437, 1734428885761, 1734428886135, 1734428886458, 1734428886783, 1734428887154, 1734428887483, 1734428887804, 1734428888084, 1734428888454, 1734428888779, 1734428889107, 1734428889431, 1734428889755, 1734428890081, 1734428890406, 1734428890731, 1734428891102, 1734428891380, 1734428891706, 1734428892077, 1734428892402, 1734428892774, 1734428893099, 1734428893099, 1734428893424, 1734428893750, 1734428894120, 1734428894447, 1734428894771, 1734428895098, 1734428895098, 1734428895421, 1734428895748, 1734428896073, 1734428896444, 1734428896768, 1734428897095, 1734428897095, 1734428897465, 1734428897790, 1734428898068, 1734428898393, 1734428898765, 1734428899089, 1734428899090, 1734428899371, 1734428899693, 1734428900020, 1734428900343, 1734428900715, 1734428901086, 1734428901087, 1734428901412, 1734428901737, 1734428902015, 1734428902341, 1734428902713, 1734428903084, 1734428903085, 1734428903410, 1734428903734, 1734428904058, 1734428904430, 1734428904755, 1734428905080, 1734428905080, 1734428905406, 1734428905731, 1734428906055, 1734428906381, 1734428906752, 1734428907078, 1734428907078, 1734428907403, 1734428907729, 1734428908052, 1734428908378, 1734428908702, 1734428909030, 1734428909306, 1734428909680, 1734428910004, 1734428910328, 1734428910653, 1734428910931, 1734428911257, 1734428911582, 1734428911953, 1734428912280, 1734428912603, 1734428912929, 1734428913254, 1734428913579, 1734428913951, 1734428914276, 1734428914600, 1734428914926, 1734428915251, 1734428915576, 1734428915902, 1734428916227, 1734428916552, 1734428916876, 1734428917201, 1734428917572, 1734428917944, 1734428918270, 1734428918594, 1734428918919, 1734428919292, 1734428919757, 1734428920081, 1734428920407, 1734428920781, 1734428921104, 1734428921475, 1734428921799, 1734428922124, 1734428922448, 1734428922774, 1734428923145, 1734428923517, 1734428923796, 1734428924121, 1734428924492, 1734428924818, 1734428925145, 1734428925468, 1734428925793, 1734428926166, 1734428926489, 1734428926815, 1734428927141, 1734428927464, 1734428927789, 1734428928161, 1734428928487, 1734428928858, 1734428929183, 1734428929508, 1734428929833, 1734428930160, 1734428930483, 1734428930854, 1734428931180, 1734428931504, 1734428931830, 1734428932202, 1734428932527, 1734428932898, 1734428933176, 1734428933502, 1734428933827, 1734428934156, 1734428934523, 1734428934848, 1734428935220, 1734428935498, 1734428935824, 1734428936148, 1734428936520, 1734428936800, 1734428937125, 1734428937402, 1734428937681, 1734428938006, 1734428938331, 1734428938657, 1734428938982, 1734428939264, 1734428939586, 1734428939865, 1734428940191, 1734428940468, 1734428940793, 1734428941071, 1734428941071, 1734428941398, 
end timestamps: 1734428845670, 1734428845956, 1734428846241, 1734428846548, 1734428846871, 1734428847192, 1734428847519, 1734428847826, 1734428848138, 1734428848431, 1734428848738, 1734428849072, 1734428849396, 1734428849700, 1734428850000, 1734428850304, 1734428850625, 1734428851011, 1734428851350, 1734428851705, 1734428852021, 1734428852327, 1734428852645, 1734428852981, 1734428853306, 1734428853647, 1734428854005, 1734428854319, 1734428854624, 1734428854958, 1734428855279, 1734428855613, 1734428855933, 1734428856264, 1734428856600, 1734428856936, 1734428857269, 1734428857588, 1734428857907, 1734428858221, 1734428858559, 1734428858877, 1734428859219, 1734428859564, 1734428859871, 1734428860177, 1734428860528, 1734428860890, 1734428861207, 1734428861518, 1734428861852, 1734428862181, 1734428862503, 1734428862882, 1734428863212, 1734428863544, 1734428863871, 1734428864205, 1734428864543, 1734428864898, 1734428865260, 1734428865577, 1734428865916, 1734428866229, 1734428866551, 1734428866872, 1734428867195, 1734428867525, 1734428867831, 1734428868155, 1734428868494, 1734428868804, 1734428869127, 1734428869480, 1734428869831, 1734428870184, 1734428870523, 1734428870850, 1734428871172, 1734428871512, 1734428871906, 1734428872230, 1734428872538, 1734428872861, 1734428873168, 1734428873481, 1734428873823, 1734428874214, 1734428874537, 1734428874846, 1734428875185, 1734428875533, 1734428875866, 1734428876290, 1734428876622, 1734428876958, 1734428877301, 1734428877633, 1734428878000, 1734428878329, 1734428878677, 1734428879060, 1734428879388, 1734428879714, 1734428880065, 1734428880377, 1734428880736, 1734428881052, 1734428881393, 1734428881695, 1734428882002, 1734428882358, 1734428882684, 1734428883039, 1734428883358, 1734428883661, 1734428883973, 1734428884343, 1734428884698, 1734428885054, 1734428885419, 1734428885727, 1734428886090, 1734428886434, 1734428886768, 1734428887113, 1734428887445, 1734428887766, 1734428888078, 1734428888412, 1734428888764, 1734428889090, 1734428889415, 1734428889750, 1734428890066, 1734428890393, 1734428890713, 1734428891062, 1734428891368, 1734428891669, 1734428892068, 1734428892402, 1734428892761, 1734428893095, 1734428893404, 1734428893731, 1734428894105, 1734428894433, 1734428894739, 1734428895061, 1734428895393, 1734428895710, 1734428896066, 1734428896411, 1734428896737, 1734428897092, 1734428897433, 1734428897747, 1734428898051, 1734428898374, 1734428898725, 1734428899054, 1734428899365, 1734428899693, 1734428900015, 1734428900338, 1734428900698, 1734428901048, 1734428901385, 1734428901703, 1734428902002, 1734428902328, 1734428902683, 1734428903047, 1734428903378, 1734428903727, 1734428904053, 1734428904394, 1734428904729, 1734428905058, 1734428905392, 1734428905717, 1734428906019, 1734428906381, 1734428906708, 1734428907045, 1734428907387, 1734428907706, 1734428908022, 1734428908367, 1734428908679, 1734428908996, 1734428909298, 1734428909647, 1734428909979, 1734428910298, 1734428910607, 1734428910910, 1734428911232, 1734428911552, 1734428911931, 1734428912263, 1734428912575, 1734428912904, 1734428913230, 1734428913558, 1734428913920, 1734428914274, 1734428914581, 1734428914888, 1734428915219, 1734428915544, 1734428915868, 1734428916189, 1734428916548, 1734428916872, 1734428917200, 1734428917542, 1734428917922, 1734428918229, 1734428918561, 1734428918905, 1734428919260, 1734428919710, 1734428920068, 1734428920384, 1734428920743, 1734428921092, 1734428921442, 1734428921770, 1734428922088, 1734428922415, 1734428922750, 1734428923126, 1734428923482, 1734428923789, 1734428924117, 1734428924456, 1734428924787, 1734428925119, 1734428925443, 1734428925782, 1734428926118, 1734428926448, 1734428926797, 1734428927108, 1734428927448, 1734428927775, 1734428928141, 1734428928476, 1734428928831, 1734428929148, 1734428929465, 1734428929814, 1734428930153, 1734428930473, 1734428930812, 1734428931151, 1734428931460, 1734428931817, 1734428932179, 1734428932508, 1734428932853, 1734428933166, 1734428933472, 1734428933794, 1734428934152, 1734428934501, 1734428934826, 1734428935176, 1734428935490, 1734428935811, 1734428936138, 1734428936487, 1734428936800, 1734428937092, 1734428937375, 1734428937671, 1734428938002, 1734428938312, 1734428938639, 1734428938957, 1734428939239, 1734428939565, 1734428939853, 1734428940162, 1734428940457, 1734428940765, 1734428941050, 1734428941355, 
Plugin Incoming Benchmark | start
size of start timestamps: 269
size of end timestamps: 278
latency: 327, 286, 331, 315, 338, 349, 394, 324, 298, 323, 357, 375, 343, 346, 322, 342, 363, 357, 401, 410, 357, 316, 373, 364, 352, 385, 351, 315, 335, 388, 391, 393, 393, 351, 366, 360, 336, 333, 349, 354, 344, 390, 358, 344, 363, 363, 386, 357, 319, 384, 365, 433, 417, 37, 0, 30, 27, 24, 28, 16, 10, 11, 8, 45, 27, 3, 42, 38, 1, 29, 39, 5, -370, -354, -327, -335, -280, -282, -327, -358, -300, -302, -287, -283, -305, -335, -312, -311, -297, -301, -350, -369, -430, -290, -282, -307, -332, -294, -292, -312, -323, -317, -309, -351, -295, -341, -327, -345, -304, -326, -288, -295, -307, -301, -286, -305, -316, -326, -321, -313, -298, -293, -282, -297, -344, -317, -315, -297, -307, -383, -314, -317, -348, -323, -348, -296, -348, -291, -303, -345, -318, -329, -259, -363, -363, -328, -279, -342, -310, -329, -300, -312, -328, -347, -326, -652, -607, -606, -623, -627, -617, -597, -922, -950, -1057, -1058, -1020, -954, -961, -1289, -1314, -1353, -1344, -1357, -1367, -1313, -1392, -1364, -1309, -1308, -1318, -1288, -1284, -1285, -1321, -1313, -1371, -1427, -1391, -1397, -1401, -1388, -1429, -1415, -1315, -1303, -1265, -1335, -1365, -1345, -1327, -1290, -1248, -1300, -1330, -1317, -1325, -1355, -1338, -1365, -1368, -1343, -1365, -1314, -1370, -1362, -1289, -1637, -1664, -1618, -1722, -1789, -1760, -1840, -2192, -2205, -2072, -2069, -2063, -1982, -1954, -1949, -1975, -2017, -2020, -2016, -2003, -2053, -2014, -1972, -2035, -2029, -1975, -2068, -2104, -2112, -2068, -2067, -2052, -1950, -1926, -1943, -1931, -1962, -2264, -2268, -2381, -2357, -2397, -2400, -2337, -2658, -2697, -2702, -2606, -2600, -2557, -2551, -2571, 
start timestamps: 1734428845357, 1734428845677, 1734428846003, 1734428846344, 1734428846693, 1734428847006, 1734428847333, 1734428847683, 1734428847988, 1734428848286, 1734428848577, 1734428848933, 1734428849290, 1734428849611, 1734428849915, 1734428850219, 1734428850522, 1734428850854, 1734428851181, 1734428851543, 1734428851922, 1734428852242, 1734428852555, 1734428852890, 1734428853226, 1734428853565, 1734428853924, 1734428854241, 1734428854544, 1734428854862, 1734428855231, 1734428855600, 1734428855972, 1734428856339, 1734428856651, 1734428856980, 1734428857329, 1734428857657, 1734428857969, 1734428858287, 1734428858624, 1734428858949, 1734428859304, 1734428859646, 1734428859949, 1734428860277, 1734428860624, 1734428860977, 1734428861294, 1734428861602, 1734428861944, 1734428862296, 1734428862683, 1734428863063, 1734428863377, 1734428863673, 1734428864001, 1734428864328, 1734428864696, 1734428865034, 1734428865364, 1734428865692, 1734428866063, 1734428866398, 1734428866742, 1734428867045, 1734428867376, 1734428867704, 1734428868069, 1734428868412, 1734428868773, 1734428869084, 1734428869459, 1734428869815, 1734428870159, 1734428870495, 1734428870810, 1734428871135, 1734428871463, 1734428871862, 1734428872176, 1734428872502, 1734428872814, 1734428873136, 1734428873481, 1734428873837, 1734428874185, 1734428874509, 1734428874820, 1734428875150, 1734428875527, 1734428875913, 1734428876347, 1734428876670, 1734428876989, 1734428877340, 1734428877689, 1734428878024, 1734428878344, 1734428878690, 1734428879026, 1734428879344, 1734428879662, 1734428880029, 1734428880344, 1734428880715, 1734428881074, 1734428881463, 1734428881793, 1734428882140, 1734428882474, 1734428882806, 1734428883143, 1734428883463, 1734428883772, 1734428884116, 1734428884452, 1734428884789, 1734428885153, 1734428885471, 1734428885781, 1734428886100, 1734428886417, 1734428886755, 1734428887127, 1734428887471, 1734428887798, 1734428888101, 1734428888438, 1734428888837, 1734428889186, 1734428889515, 1734428889871, 1734428890218, 1734428890568, 1734428890888, 1734428891264, 1734428891579, 1734428891916, 1734428892282, 1734428892628, 1734428892965, 1734428893265, 1734428893648, 1734428894020, 1734428894356, 1734428894678, 1734428895020, 1734428895359, 1734428895703, 1734428896048, 1734428896385, 1734428896723, 1734428897069, 1734428897421, 1734428897747, 1734428898072, 1734428898396, 1734428898739, 1734428899068, 1734428899382, 1734428899686, 1734428900012, 1734428900365, 1734428900750, 1734428901078, 1734428901410, 1734428901715, 1734428902047, 1734428902376, 1734428902726, 1734428903090, 1734428903406, 1734428903744, 1734428904125, 1734428904442, 1734428904802, 1734428905145, 1734428905460, 1734428905784, 1734428906120, 1734428906461, 1734428906784, 1734428907109, 1734428907469, 1734428907786, 1734428908171, 1734428908551, 1734428908887, 1734428909218, 1734428909594, 1734428909953, 1734428910318, 1734428910631, 1734428910946, 1734428911259, 1734428911593, 1734428911988, 1734428912345, 1734428912648, 1734428912956, 1734428913290, 1734428913620, 1734428913950, 1734428914305, 1734428914618, 1734428914950, 1734428915306, 1734428915661, 1734428916013, 1734428916340, 1734428916689, 1734428917034, 1734428917354, 1734428917735, 1734428918052, 1734428918351, 1734428918700, 1734428919051, 1734428919376, 1734428919806, 1734428920152, 1734428920495, 1734428920900, 1734428921252, 1734428921590, 1734428921922, 1734428922242, 1734428922564, 1734428922898, 1734428923243, 1734428923565, 1734428923913, 1734428924281, 1734428924608, 1734428924930, 1734428925288, 1734428925617, 1734428925950, 1734428926279, 1734428926667, 1734428926985, 1734428927303, 1734428927722, 1734428928083, 1734428928415, 1734428928743, 1734428929067, 1734428929377, 1734428929693, 1734428930042, 1734428930383, 1734428930696, 1734428931052, 1734428931354, 1734428931683, 1734428932075, 1734428932423, 1734428932788, 1734428933115, 1734428933423, 1734428933744, 1734428934063, 1734428934395, 1734428934714, 1734428935034, 1734428935363, 1734428935683, 1734428936026, 
end timestamps: 1734428845684, 1734428845963, 1734428846334, 1734428846659, 1734428847031, 1734428847355, 1734428847727, 1734428848007, 1734428848286, 1734428848609, 1734428848934, 1734428849308, 1734428849633, 1734428849957, 1734428850237, 1734428850561, 1734428850885, 1734428851211, 1734428851582, 1734428851953, 1734428852279, 1734428852558, 1734428852928, 1734428853254, 1734428853578, 1734428853950, 1734428854275, 1734428854556, 1734428854879, 1734428855250, 1734428855622, 1734428855993, 1734428856365, 1734428856690, 1734428857017, 1734428857340, 1734428857665, 1734428857990, 1734428858318, 1734428858641, 1734428858968, 1734428859339, 1734428859662, 1734428859990, 1734428860312, 1734428860640, 1734428861010, 1734428861334, 1734428861613, 1734428861986, 1734428862309, 1734428862729, 1734428863100, 1734428863100, 1734428863377, 1734428863703, 1734428864028, 1734428864352, 1734428864724, 1734428865050, 1734428865374, 1734428865703, 1734428866071, 1734428866443, 1734428866769, 1734428867048, 1734428867418, 1734428867742, 1734428868070, 1734428868441, 1734428868812, 1734428869089, 1734428869089, 1734428869461, 1734428869832, 1734428870160, 1734428870530, 1734428870853, 1734428871136, 1734428871504, 1734428871876, 1734428872200, 1734428872527, 1734428872853, 1734428873176, 1734428873502, 1734428873873, 1734428874198, 1734428874523, 1734428874849, 1734428875177, 1734428875544, 1734428875917, 1734428876380, 1734428876707, 1734428877033, 1734428877357, 1734428877730, 1734428878052, 1734428878378, 1734428878703, 1734428879027, 1734428879353, 1734428879678, 1734428880049, 1734428880374, 1734428880747, 1734428881118, 1734428881489, 1734428881814, 1734428882186, 1734428882511, 1734428882836, 1734428883162, 1734428883486, 1734428883811, 1734428884136, 1734428884463, 1734428884832, 1734428885158, 1734428885483, 1734428885807, 1734428886135, 1734428886458, 1734428886783, 1734428887154, 1734428887483, 1734428887804, 1734428888131, 1734428888454, 1734428888872, 1734428889198, 1734428889523, 1734428889895, 1734428890220, 1734428890592, 1734428890916, 1734428891288, 1734428891613, 1734428891937, 1734428892310, 1734428892636, 1734428893006, 1734428893285, 1734428893657, 1734428894028, 1734428894399, 1734428894678, 1734428895049, 1734428895374, 1734428895748, 1734428896073, 1734428896395, 1734428896722, 1734428897095, 1734428897095, 1734428897465, 1734428897790, 1734428898116, 1734428898441, 1734428898765, 1734428899089, 1734428899090, 1734428899415, 1734428899693, 1734428900020, 1734428900390, 1734428900761, 1734428901086, 1734428901087, 1734428901412, 1734428901737, 1734428902062, 1734428902387, 1734428902758, 1734428903129, 1734428903410, 1734428903781, 1734428904151, 1734428904476, 1734428904802, 1734428905173, 1734428905500, 1734428905824, 1734428906148, 1734428906473, 1734428906800, 1734428907124, 1734428907496, 1734428907821, 1734428908193, 1734428908565, 1734428908889, 1734428909216, 1734428909631, 1734428909956, 1734428910328, 1734428910653, 1734428910980, 1734428911303, 1734428911629, 1734428912000, 1734428912372, 1734428912650, 1734428912975, 1734428913301, 1734428913625, 1734428913951, 1734428914323, 1734428914648, 1734428914972, 1734428915346, 1734428915669, 1734428916040, 1734428916365, 1734428916690, 1734428917062, 1734428917063, 1734428917387, 1734428917758, 1734428918084, 1734428918363, 1734428918735, 1734428919060, 1734428919060, 1734428919385, 1734428919850, 1734428920173, 1734428920501, 1734428920916, 1734428921289, 1734428921616, 1734428921938, 1734428922264, 1734428922588, 1734428922914, 1734428923285, 1734428923564, 1734428923936, 1734428924307, 1734428924632, 1734428924956, 1734428925328, 1734428925654, 1734428925979, 1734428926303, 1734428926675, 1734428927000, 1734428927325, 1734428927743, 1734428928116, 1734428928440, 1734428928765, 1734428929090, 1734428929090, 1734428929415, 1734428929694, 1734428930066, 1734428930391, 1734428930715, 1734428931086, 1734428931086, 1734428931366, 1734428931693, 1734428932108, 1734428932434, 1734428932806, 1734428933132, 1734428933455, 1734428933780, 1734428934108, 1734428934430, 1734428934756, 1734428935035, 1734428935406, 1734428935684, 1734428936057, 1734428936428, 
