
**********************************************************
ConnectDAWs File Logger | only the ConnectionManagerThread will write to this file to avoid blocking calls inside the audio thread.
Log started: 17 Dec 2024 10:37:54am

Network Benchmark | start
size of start timestamps: 267
size of end timestamps: 267
latency: 285, 315, 300, 290, 283, 339, 329, 346, 323, 440, 442, 470, 476, 427, 432, 496, 543, 563, 586, 593, 573, 582, 618, 636, 637, 643, 691, 755, 816, 867, 923, 939, 972, 1018, 1082, 1088, 1093, 1102, 1124, 1152, 1214, 1236, 1259, 1269, 1332, 1340, 1343, 1361, 1387, 1420, 1473, 1478, 1454, 1447, 1465, 1530, 1566, 1599, 1662, 1666, 1347, 1393, 1407, 1409, 1390, 1399, 1410, 1390, 1382, 1405, 1436, 1470, 1508, 1516, 1514, 1567, 1626, 1635, 1613, 1646, 1674, 1695, 1448, 1458, 1473, 1495, 1525, 1534, 1547, 1566, 1586, 1608, 1324, 1379, 1415, 1471, 1488, 1539, 1582, 1602, 1643, 1677, 1710, 1407, 1434, 1454, 1160, 1192, 1223, 1250, 1319, 1335, 1356, 1351, 1372, 1462, 1541, 1581, 1641, 1693, 1704, 1474, 1575, 1593, 1641, 1686, 1718, 1462, 1469, 1496, 1525, 1536, 1584, 1607, 1639, 1697, 1720, 1424, 1460, 1463, 1489, 1520, 1538, 1538, 1565, 1669, 1717, 1759, 1748, 1467, 1510, 1523, 1519, 1543, 1592, 1652, 1668, 1698, 1700, 1411, 1457, 1507, 1522, 1542, 1550, 1586, 1615, 1643, 1657, 1677, 1381, 1464, 1461, 1492, 1490, 1537, 1548, 1554, 1572, 1558, 1640, 1687, 1741, 1749, 1738, 1418, 1458, 1482, 1516, 1573, 1583, 1611, 1654, 1685, 1706, 1433, 1437, 1431, 1439, 1487, 1516, 1527, 1525, 1549, 1574, 1584, 1639, 1643, 1668, 1390, 1408, 1452, 1457, 1485, 1474, 1509, 1541, 1598, 1641, 1653, 1720, 1761, 1481, 1543, 1550, 1585, 1661, 1684, 1703, 1699, 1391, 1435, 1480, 1526, 1546, 1556, 1614, 1705, 1726, 1776, 1482, 1512, 1533, 1614, 1662, 1690, 1694, 1717, 1406, 1446, 1491, 1507, 1570, 1603, 1634, 1667, 1695, 1380, 1384, 1415, 1498, 1519, 1540, 1537, 1607, 1675, 1420, 
start timestamps: 1734428174398, 1734428174728, 1734428175041, 1734428175357, 1734428175691, 1734428175999, 1734428176301, 1734428176608, 1734428176911, 1734428181583, 1734428181904, 1734428182220, 1734428182540, 1734428182893, 1734428183210, 1734428183519, 1734428183822, 1734428184127, 1734428184434, 1734428184743, 1734428185095, 1734428185438, 1734428185761, 1734428186077, 1734428186384, 1734428186699, 1734428187012, 1734428187317, 1734428187631, 1734428187936, 1734428188240, 1734428188543, 1734428188848, 1734428189167, 1734428189474, 1734428189797, 1734428190103, 1734428190410, 1734428190715, 1734428191027, 1734428191340, 1734428191646, 1734428191957, 1734428192269, 1734428192574, 1734428192877, 1734428193182, 1734428193501, 1734428193831, 1734428194145, 1734428194456, 1734428194761, 1734428195084, 1734428195395, 1734428195707, 1734428196011, 1734428196313, 1734428196618, 1734428196927, 1734428197239, 1734428197870, 1734428198179, 1734428198490, 1734428198818, 1734428199155, 1734428199475, 1734428199782, 1734428200114, 1734428200429, 1734428200733, 1734428201043, 1734428201349, 1734428201652, 1734428201954, 1734428202267, 1734428202575, 1734428202882, 1734428203198, 1734428203533, 1734428203852, 1734428204167, 1734428204484, 1734428205099, 1734428205403, 1734428205710, 1734428206013, 1734428206321, 1734428206647, 1734428206956, 1734428207269, 1734428207571, 1734428207873, 1734428208483, 1734428208791, 1734428209102, 1734428209409, 1734428209716, 1734428210025, 1734428210336, 1734428210648, 1734428210955, 1734428211262, 1734428211572, 1734428212197, 1734428212520, 1734428212830, 1734428213446, 1734428213750, 1734428214056, 1734428214376, 1734428214686, 1734428214994, 1734428215300, 1734428215607, 1734428215915, 1734428216225, 1734428216538, 1734428216852, 1734428217161, 1734428217471, 1734428217773, 1734428218385, 1734428218689, 1734428218995, 1734428219298, 1734428219601, 1734428219910, 1734428220518, 1734428220825, 1734428221128, 1734428221433, 1734428221747, 1734428222058, 1734428222366, 1734428222675, 1734428222981, 1734428223291, 1734428223913, 1734428224227, 1734428224543, 1734428224855, 1734428225164, 1734428225482, 1734428225791, 1734428226094, 1734428226402, 1734428226714, 1734428227025, 1734428227335, 1734428227953, 1734428228267, 1734428228574, 1734428228892, 1734428229198, 1734428229521, 1734428229827, 1734428230134, 1734428230438, 1734428230751, 1734428231381, 1734428231699, 1734428232009, 1734428232324, 1734428232639, 1734428232954, 1734428233270, 1734428233584, 1734428233900, 1734428234205, 1734428234517, 1734428235145, 1734428235454, 1734428235771, 1734428236076, 1734428236384, 1734428236689, 1734428236998, 1734428237306, 1734428237619, 1734428237957, 1734428238277, 1734428238586, 1734428238903, 1734428239220, 1734428239530, 1734428240152, 1734428240462, 1734428240769, 1734428241076, 1734428241382, 1734428241688, 1734428242001, 1734428242310, 1734428242618, 1734428242927, 1734428243540, 1734428243863, 1734428244186, 1734428244509, 1734428244818, 1734428245129, 1734428245439, 1734428245750, 1734428246065, 1734428246378, 1734428246691, 1734428246996, 1734428247303, 1734428247616, 1734428248237, 1734428248548, 1734428248854, 1734428249174, 1734428249500, 1734428249811, 1734428250120, 1734428250442, 1734428250750, 1734428251059, 1734428251368, 1734428251676, 1734428251984, 1734428252608, 1734428252916, 1734428253231, 1734428253535, 1734428253847, 1734428254156, 1734428254478, 1734428254783, 1734428255389, 1734428255701, 1734428256019, 1734428256333, 1734428256640, 1734428256950, 1734428257256, 1734428257566, 1734428257879, 1734428258188, 1734428258802, 1734428259113, 1734428259428, 1734428259736, 1734428260054, 1734428260363, 1734428260681, 1734428260994, 1734428261625, 1734428261931, 1734428262241, 1734428262544, 1734428262853, 1734428263175, 1734428263482, 1734428263798, 1734428264108, 1734428264724, 1734428265033, 1734428265337, 1734428265640, 1734428265944, 1734428266246, 1734428266550, 1734428266853, 1734428267156, 1734428267766, 
end timestamps: 1734428174683, 1734428175043, 1734428175341, 1734428175647, 1734428175974, 1734428176338, 1734428176630, 1734428176954, 1734428177234, 1734428182023, 1734428182346, 1734428182690, 1734428183016, 1734428183320, 1734428183642, 1734428184015, 1734428184365, 1734428184690, 1734428185020, 1734428185336, 1734428185668, 1734428186020, 1734428186379, 1734428186713, 1734428187021, 1734428187342, 1734428187703, 1734428188072, 1734428188447, 1734428188803, 1734428189163, 1734428189482, 1734428189820, 1734428190185, 1734428190556, 1734428190885, 1734428191196, 1734428191512, 1734428191839, 1734428192179, 1734428192554, 1734428192882, 1734428193216, 1734428193538, 1734428193906, 1734428194217, 1734428194525, 1734428194862, 1734428195218, 1734428195565, 1734428195929, 1734428196239, 1734428196538, 1734428196842, 1734428197172, 1734428197541, 1734428197879, 1734428198217, 1734428198589, 1734428198905, 1734428199217, 1734428199572, 1734428199897, 1734428200227, 1734428200545, 1734428200874, 1734428201192, 1734428201504, 1734428201811, 1734428202138, 1734428202479, 1734428202819, 1734428203160, 1734428203470, 1734428203781, 1734428204142, 1734428204508, 1734428204833, 1734428205146, 1734428205498, 1734428205841, 1734428206179, 1734428206547, 1734428206861, 1734428207183, 1734428207508, 1734428207846, 1734428208181, 1734428208503, 1734428208835, 1734428209157, 1734428209481, 1734428209807, 1734428210170, 1734428210517, 1734428210880, 1734428211204, 1734428211564, 1734428211918, 1734428212250, 1734428212598, 1734428212939, 1734428213282, 1734428213604, 1734428213954, 1734428214284, 1734428214606, 1734428214942, 1734428215279, 1734428215626, 1734428216005, 1734428216329, 1734428216656, 1734428216958, 1734428217287, 1734428217687, 1734428218079, 1734428218433, 1734428218802, 1734428219164, 1734428219477, 1734428219859, 1734428220264, 1734428220588, 1734428220939, 1734428221287, 1734428221628, 1734428221980, 1734428222294, 1734428222624, 1734428222958, 1734428223283, 1734428223642, 1734428223973, 1734428224314, 1734428224678, 1734428225011, 1734428225337, 1734428225687, 1734428226006, 1734428226344, 1734428226684, 1734428227020, 1734428227329, 1734428227659, 1734428228071, 1734428228431, 1734428228784, 1734428229083, 1734428229420, 1734428229777, 1734428230097, 1734428230411, 1734428230741, 1734428231113, 1734428231479, 1734428231802, 1734428232136, 1734428232451, 1734428232792, 1734428233156, 1734428233516, 1734428233846, 1734428234181, 1734428234504, 1734428234856, 1734428235199, 1734428235543, 1734428235862, 1734428236194, 1734428236526, 1734428236918, 1734428237232, 1734428237568, 1734428237874, 1734428238226, 1734428238546, 1734428238860, 1734428239191, 1734428239515, 1734428239917, 1734428240273, 1734428240644, 1734428240969, 1734428241268, 1734428241570, 1734428241920, 1734428242251, 1734428242592, 1734428242955, 1734428243271, 1734428243612, 1734428243964, 1734428244303, 1734428244633, 1734428244973, 1734428245300, 1734428245617, 1734428245948, 1734428246305, 1734428246645, 1734428246966, 1734428247275, 1734428247614, 1734428247952, 1734428248275, 1734428248635, 1734428248946, 1734428249284, 1734428249627, 1734428249956, 1734428250306, 1734428250631, 1734428250985, 1734428251285, 1734428251629, 1734428251983, 1734428252348, 1734428252700, 1734428253021, 1734428253396, 1734428253745, 1734428254089, 1734428254459, 1734428254781, 1734428255120, 1734428255508, 1734428255840, 1734428256181, 1734428256482, 1734428256780, 1734428257136, 1734428257499, 1734428257859, 1734428258186, 1734428258506, 1734428258870, 1734428259271, 1734428259605, 1734428259964, 1734428260284, 1734428260625, 1734428260961, 1734428261350, 1734428261716, 1734428262053, 1734428262375, 1734428262711, 1734428263031, 1734428263377, 1734428263732, 1734428264051, 1734428264423, 1734428264778, 1734428265116, 1734428265465, 1734428265803, 1734428266104, 1734428266417, 1734428266752, 1734428267138, 1734428267463, 1734428267786, 1734428268087, 1734428268460, 1734428268831, 1734428269186, 
Plugin Outgoing Benchmark | start
size of start timestamps: 324
size of end timestamps: 302
latency: 310, 569, 822, 1066, 1326, 1581, 1833, 2090, 2351, 2584, 2839, 3136, 3278, 3289, 3302, 3274, 3233, 3304, 3345, 3333, 3379, 3348, 3320, 3341, 3432, 3461, 3509, 3535, 3472, 3482, 3564, 3588, 3611, 3670, 3706, 3660, 3620, 3650, 3670, 3710, 3647, 3616, 3554, 3572, 3563, 3618, 3608, 3604, 3563, 3507, 3557, 3571, 3597, 3603, 3628, 3597, 3608, 3597, 3598, 3644, 3645, 3638, 3627, 3648, 3686, 3648, 3647, 3659, 3654, 3636, 3590, 3630, 3620, 3620, 3603, 3589, 3628, 3627, 3631, 3630, 3644, 3663, 3598, 3620, 3647, 3658, 3616, 3570, 3569, 3588, 3592, 3630, 3640, 3644, 3683, 3633, 3638, 3651, 3695, 3677, 3620, 3622, 3584, 3579, 3597, 3592, 3594, 3586, 3588, 3560, 3592, 3644, 3630, 3570, 3577, 3593, 3609, 3605, 3622, 3619, 3626, 3616, 3624, 3607, 3646, 3624, 3631, 3631, 3650, 3650, 3953, 3951, 3951, 3972, 3971, 4050, 4057, 4414, 4435, 4452, 4446, 4457, 4453, 4452, 4789, 4785, 4712, 4726, 4723, 4630, 4646, 4611, 4581, 4585, 4622, 4628, 4622, 4663, 4642, 4660, 4691, 4729, 4766, 4777, 4781, 4803, 4798, 4815, 4816, 4812, 4813, 4830, 4840, 4782, 4761, 4744, 4682, 4716, 4705, 4662, 4641, 4640, 4626, 4640, 4673, 4576, 4901, 4896, 4979, 4989, 4971, 5041, 5003, 4960, 4996, 5034, 5039, 5026, 5063, 5051, 5056, 5051, 5045, 4977, 4999, 5038, 5052, 5053, 5034, 4999, 5032, 5046, 5032, 5027, 4960, 4964, 4965, 5330, 5355, 5360, 5360, 5302, 5303, 5297, 5664, 5696, 5724, 5683, 5698, 5657, 5674, 5724, 5704, 5703, 5657, 5603, 5622, 5619, 5653, 5688, 5701, 5674, 5612, 5587, 5636, 5630, 5624, 5590, 5568, 5625, 5667, 5698, 5721, 5651, 5725, 5671, 5616, 5680, 5671, 5697, 5645, 5960, 5897, 5897, 5942, 5959, 6015, 5971, 6301, 6242, 6227, 6227, 6283, 6242, 6249, 6278, 6169, 6173, 6255, 6259, 6262, 6633, 6642, 6629, 6673, 6664, 6653, 6630, 6910, 6883, 6871, 6886, 6825, 6803, 6779, 7070, 7046, 7029, 7078, 7039, 6962, 6953, 
start timestamps: 1734428174394, 1734428174440, 1734428174487, 1734428174532, 1734428174580, 1734428174624, 1734428174672, 1734428174717, 1734428174765, 1734428174810, 1734428174857, 1734428174903, 1734428175043, 1734428175321, 1734428175601, 1734428175924, 1734428176253, 1734428176529, 1734428176807, 1734428177135, 1734428177411, 1734428177736, 1734428178064, 1734428178340, 1734428178619, 1734428178943, 1734428179224, 1734428179501, 1734428179874, 1734428180199, 1734428180478, 1734428180802, 1734428181126, 1734428181405, 1734428181684, 1734428182055, 1734428182427, 1734428182752, 1734428183077, 1734428183355, 1734428183727, 1734428184052, 1734428184424, 1734428184750, 1734428185120, 1734428185399, 1734428185724, 1734428186051, 1734428186422, 1734428186793, 1734428187072, 1734428187396, 1734428187674, 1734428187999, 1734428188324, 1734428188696, 1734428189021, 1734428189346, 1734428189671, 1734428189998, 1734428190323, 1734428190646, 1734428190975, 1734428191296, 1734428191622, 1734428191994, 1734428192319, 1734428192644, 1734428192969, 1734428193294, 1734428193665, 1734428193990, 1734428194316, 1734428194640, 1734428194966, 1734428195338, 1734428195662, 1734428195987, 1734428196312, 1734428196637, 1734428196963, 1734428197287, 1734428197661, 1734428197939, 1734428198266, 1734428198587, 1734428198961, 1734428199332, 1734428199656, 1734428199981, 1734428200306, 1734428200633, 1734428200955, 1734428201282, 1734428201563, 1734428201931, 1734428202256, 1734428202583, 1734428202907, 1734428203234, 1734428203603, 1734428203928, 1734428204299, 1734428204625, 1734428204951, 1734428205276, 1734428205600, 1734428205925, 1734428206250, 1734428206621, 1734428206948, 1734428207226, 1734428207551, 1734428207922, 1734428208248, 1734428208573, 1734428208898, 1734428209222, 1734428209547, 1734428209873, 1734428210198, 1734428210569, 1734428210894, 1734428211219, 1734428211498, 1734428211870, 1734428212194, 1734428212520, 1734428212845, 1734428213170, 1734428213170, 1734428213495, 1734428213868, 1734428214192, 1734428214518, 1734428214842, 1734428215167, 1734428215167, 1734428215538, 1734428215864, 1734428216188, 1734428216514, 1734428216838, 1734428217164, 1734428217164, 1734428217489, 1734428217861, 1734428218185, 1734428218510, 1734428218930, 1734428219253, 1734428219625, 1734428219997, 1734428220321, 1734428220647, 1734428220973, 1734428221297, 1734428221621, 1734428221995, 1734428222320, 1734428222600, 1734428222922, 1734428223247, 1734428223574, 1734428223944, 1734428224271, 1734428224594, 1734428224919, 1734428225291, 1734428225616, 1734428225941, 1734428226313, 1734428226637, 1734428227009, 1734428227334, 1734428227659, 1734428228031, 1734428228357, 1734428228727, 1734428229099, 1734428229425, 1734428229748, 1734428230120, 1734428230447, 1734428230771, 1734428231188, 1734428231188, 1734428231513, 1734428231792, 1734428232117, 1734428232442, 1734428232721, 1734428233092, 1734428233464, 1734428233793, 1734428234068, 1734428234392, 1734428234764, 1734428235090, 1734428235462, 1734428235787, 1734428236111, 1734428236436, 1734428236808, 1734428237134, 1734428237458, 1734428237783, 1734428238111, 1734428238437, 1734428238804, 1734428239130, 1734428239456, 1734428239826, 1734428240153, 1734428240524, 1734428240849, 1734428241173, 1734428241174, 1734428241499, 1734428241825, 1734428242150, 1734428242519, 1734428242845, 1734428243170, 1734428243170, 1734428243495, 1734428243820, 1734428244192, 1734428244518, 1734428244888, 1734428245213, 1734428245492, 1734428245817, 1734428246144, 1734428246515, 1734428246885, 1734428247211, 1734428247535, 1734428247861, 1734428248185, 1734428248511, 1734428248836, 1734428249208, 1734428249578, 1734428249905, 1734428250228, 1734428250555, 1734428250925, 1734428251252, 1734428251530, 1734428251855, 1734428252180, 1734428252504, 1734428252876, 1734428253155, 1734428253526, 1734428253897, 1734428254223, 1734428254548, 1734428254827, 1734428255198, 1734428255198, 1734428255572, 1734428255895, 1734428256219, 1734428256545, 1734428256824, 1734428257195, 1734428257195, 1734428257566, 1734428257892, 1734428258264, 1734428258543, 1734428258913, 1734428259241, 1734428259517, 1734428259938, 1734428260260, 1734428260539, 1734428260865, 1734428261189, 1734428261189, 1734428261514, 1734428261840, 1734428262167, 1734428262535, 1734428262862, 1734428263188, 1734428263188, 1734428263511, 1734428263836, 1734428264162, 1734428264533, 1734428264857, 1734428265183, 1734428265183, 1734428265508, 1734428265832, 1734428266112, 1734428266437, 1734428266808, 1734428267135, 1734428267458, 1734428267830, 1734428268202, 1734428268482, 1734428268851, 1734428269224, 1734428269548, 1734428269828, 1734428270105, 1734428270430, 1734428270709, 1734428271081, 1734428271359, 1734428271685, 1734428271963, 1734428272288, 1734428272566, 1734428272891, 1734428273220, 1734428273496, 1734428273774, 1734428274100, 
end timestamps: 1734428174704, 1734428175009, 1734428175309, 1734428175598, 1734428175906, 1734428176205, 1734428176505, 1734428176807, 1734428177116, 1734428177394, 1734428177696, 1734428178039, 1734428178321, 1734428178610, 1734428178903, 1734428179198, 1734428179486, 1734428179833, 1734428180152, 1734428180468, 1734428180790, 1734428181084, 1734428181384, 1734428181681, 1734428182051, 1734428182404, 1734428182733, 1734428183036, 1734428183346, 1734428183681, 1734428184042, 1734428184390, 1734428184737, 1734428185075, 1734428185390, 1734428185715, 1734428186047, 1734428186402, 1734428186747, 1734428187065, 1734428187374, 1734428187668, 1734428187978, 1734428188322, 1734428188683, 1734428189017, 1734428189332, 1734428189655, 1734428189985, 1734428190300, 1734428190629, 1734428190967, 1734428191271, 1734428191602, 1734428191952, 1734428192293, 1734428192629, 1734428192943, 1734428193269, 1734428193642, 1734428193968, 1734428194284, 1734428194602, 1734428194944, 1734428195308, 1734428195642, 1734428195966, 1734428196303, 1734428196623, 1734428196930, 1734428197255, 1734428197620, 1734428197936, 1734428198260, 1734428198569, 1734428198927, 1734428199290, 1734428199614, 1734428199943, 1734428200267, 1734428200607, 1734428200950, 1734428201259, 1734428201559, 1734428201913, 1734428202245, 1734428202577, 1734428202902, 1734428203225, 1734428203569, 1734428203898, 1734428204263, 1734428204595, 1734428204926, 1734428205246, 1734428205564, 1734428205894, 1734428206234, 1734428206602, 1734428206911, 1734428207223, 1734428207550, 1734428207883, 1734428208204, 1734428208548, 1734428208868, 1734428209194, 1734428209511, 1734428209838, 1734428210181, 1734428210540, 1734428210870, 1734428211181, 1734428211492, 1734428211825, 1734428212166, 1734428212507, 1734428212827, 1734428213169, 1734428213492, 1734428213824, 1734428214185, 1734428214518, 1734428214826, 1734428215144, 1734428215494, 1734428215825, 1734428216151, 1734428216495, 1734428216820, 1734428217123, 1734428217446, 1734428217819, 1734428218164, 1734428218489, 1734428218892, 1734428219224, 1734428219581, 1734428219973, 1734428220316, 1734428220634, 1734428220971, 1734428221291, 1734428221616, 1734428221953, 1734428222274, 1734428222573, 1734428222911, 1734428223233, 1734428223560, 1734428223899, 1734428224236, 1734428224578, 1734428224906, 1734428225269, 1734428225601, 1734428225919, 1734428226284, 1734428226637, 1734428226980, 1734428227291, 1734428227651, 1734428228013, 1734428228351, 1734428228725, 1734428229074, 1734428229392, 1734428229734, 1734428230107, 1734428230428, 1734428230754, 1734428231143, 1734428231477, 1734428231791, 1734428232095, 1734428232403, 1734428232713, 1734428233073, 1734428233432, 1734428233761, 1734428234066, 1734428234388, 1734428234746, 1734428235087, 1734428235444, 1734428235764, 1734428236089, 1734428236409, 1734428236771, 1734428237106, 1734428237413, 1734428237762, 1734428238095, 1734428238424, 1734428238789, 1734428239102, 1734428239431, 1734428239790, 1734428240153, 1734428240513, 1734428240843, 1734428241162, 1734428241481, 1734428241785, 1734428242133, 1734428242496, 1734428242835, 1734428243164, 1734428243471, 1734428243803, 1734428244162, 1734428244502, 1734428244858, 1734428245180, 1734428245484, 1734428245813, 1734428246138, 1734428246504, 1734428246854, 1734428247185, 1734428247510, 1734428247821, 1734428248148, 1734428248467, 1734428248834, 1734428249191, 1734428249544, 1734428249875, 1734428250216, 1734428250545, 1734428250887, 1734428251216, 1734428251521, 1734428251847, 1734428252172, 1734428252488, 1734428252833, 1734428253154, 1734428253514, 1734428253873, 1734428254212, 1734428254510, 1734428254820, 1734428255165, 1734428255541, 1734428255858, 1734428256179, 1734428256515, 1734428256820, 1734428257155, 1734428257522, 1734428257878, 1734428258225, 1734428258527, 1734428258880, 1734428259197, 1734428259513, 1734428259903, 1734428260219, 1734428260524, 1734428260843, 1734428261158, 1734428261469, 1734428261792, 1734428262161, 1734428262504, 1734428262839, 1734428263166, 1734428263496, 1734428263808, 1734428264119, 1734428264491, 1734428264826, 1734428265155, 1734428265490, 1734428265795, 1734428266107, 1734428266433, 1734428266794, 1734428267124, 1734428267451, 1734428267822, 1734428268156, 1734428268469, 1734428268840, 1734428269199, 1734428269515, 1734428269818, 1734428270098, 1734428270394, 1734428270707, 1734428271048, 1734428271358, 1734428271660, 1734428271962, 1734428272253, 1734428272554, 1734428272861, 1734428273190, 1734428273476, 1734428273770, 1734428274088, 
Plugin Incoming Benchmark | start
size of start timestamps: 267
size of end timestamps: 273
latency: 319, 360, 323, 335, 328, 346, 329, 362, 316, 406, 356, 358, 339, 337, 360, 409, 360, 336, 336, 330, 339, 381, 401, 365, 309, 327, 379, 387, 391, 386, 402, 321, 375, 411, 413, 368, 318, 333, 341, 339, 417, 368, 364, 354, 406, 314, 329, 346, 380, 350, 375, 336, 303, 329, 352, 22, 24, 13, 47, 44, 7, 19, 37, 36, 31, 38, 35, 42, 7, 27, 25, 8, 39, 24, -286, -273, -354, -347, -302, -290, -318, -661, -674, -671, -658, -608, -609, -622, -631, -628, -635, -632, -631, -632, -995, -1017, -1054, -1008, -1042, -1026, -1035, -1006, -975, -995, -992, -970, -977, -974, -983, -994, -1018, -1026, -1024, -1025, -907, -913, -989, -1103, -1131, -1083, -1073, -1015, -1025, -1059, -1103, -1036, -1013, -1029, -1008, -998, -957, -965, -964, -997, -1006, -1022, -1013, -1022, -1023, -1002, -993, -1008, -976, -987, -971, -976, -1017, -1099, -1126, -1007, -973, -957, -999, -987, -946, -994, -1033, -1032, -995, -939, -954, -992, -1027, -1033, -997, -1321, -1300, -1315, -1337, -1331, -1338, -1299, -1363, -1354, -1365, -1346, -1280, -1275, -1263, -1317, -1269, -1344, -1377, -1423, -1423, -1349, -1278, -1259, -1264, -1282, -1364, -1310, -1327, -1352, -1320, -1325, -1340, -1294, -1287, -1291, -1326, -1340, -1336, -1320, -1287, -1299, -1299, -1333, -1319, -1332, -1350, -1307, -1333, -1332, -1314, -1289, -1309, -1338, -1331, -1405, -1355, -1403, -1381, -1353, -1399, -1349, -1362, -1378, -1340, -1355, -1332, -1259, -1289, -1282, -1361, -1363, -1359, -1350, -1381, -1390, -1422, -1372, -1342, -1353, -1370, -1411, -1422, -1373, -1336, -1287, -1303, -1336, -1331, -1379, -1361, -1375, -1398, -1366, -1294, -1280, -1245, -1307, -1353, -1350, -1323, -1282, -1652, 
start timestamps: 1734428174398, 1734428174729, 1734428175045, 1734428175357, 1734428175691, 1734428176000, 1734428176339, 1734428176632, 1734428176956, 1734428181649, 1734428182024, 1734428182347, 1734428182691, 1734428183018, 1734428183321, 1734428183643, 1734428184017, 1734428184366, 1734428184691, 1734428185022, 1734428185338, 1734428185670, 1734428186021, 1734428186381, 1734428186715, 1734428187022, 1734428187344, 1734428187705, 1734428188073, 1734428188449, 1734428188805, 1734428189164, 1734428189483, 1734428189821, 1734428190187, 1734428190557, 1734428190886, 1734428191197, 1734428191513, 1734428191841, 1734428192180, 1734428192555, 1734428192883, 1734428193218, 1734428193539, 1734428193908, 1734428194218, 1734428194527, 1734428194863, 1734428195219, 1734428195566, 1734428195930, 1734428196241, 1734428196540, 1734428196843, 1734428197173, 1734428197543, 1734428197880, 1734428198219, 1734428198591, 1734428198906, 1734428199219, 1734428199573, 1734428199900, 1734428200229, 1734428200546, 1734428200875, 1734428201193, 1734428201506, 1734428201812, 1734428202139, 1734428202480, 1734428202821, 1734428203161, 1734428203471, 1734428203783, 1734428204143, 1734428204509, 1734428204834, 1734428205147, 1734428205500, 1734428205843, 1734428206181, 1734428206549, 1734428206862, 1734428207184, 1734428207510, 1734428207848, 1734428208182, 1734428208504, 1734428208836, 1734428209158, 1734428209482, 1734428209808, 1734428210171, 1734428210519, 1734428210881, 1734428211206, 1734428211566, 1734428211920, 1734428212254, 1734428212599, 1734428212940, 1734428213283, 1734428213605, 1734428213955, 1734428214286, 1734428214608, 1734428214944, 1734428215280, 1734428215627, 1734428216007, 1734428216330, 1734428216657, 1734428216959, 1734428217289, 1734428217689, 1734428218081, 1734428218434, 1734428218804, 1734428219166, 1734428219479, 1734428219860, 1734428220266, 1734428220589, 1734428220940, 1734428221288, 1734428221630, 1734428221981, 1734428222295, 1734428222625, 1734428222960, 1734428223284, 1734428223644, 1734428223975, 1734428224316, 1734428224680, 1734428225013, 1734428225338, 1734428225689, 1734428226007, 1734428226346, 1734428226685, 1734428227021, 1734428227330, 1734428227660, 1734428228072, 1734428228433, 1734428228785, 1734428229084, 1734428229422, 1734428229778, 1734428230098, 1734428230412, 1734428230742, 1734428231114, 1734428231480, 1734428231803, 1734428232137, 1734428232452, 1734428232793, 1734428233157, 1734428233517, 1734428233847, 1734428234182, 1734428234506, 1734428234857, 1734428235200, 1734428235544, 1734428235864, 1734428236195, 1734428236528, 1734428236919, 1734428237233, 1734428237569, 1734428237876, 1734428238227, 1734428238547, 1734428238861, 1734428239193, 1734428239516, 1734428239918, 1734428240274, 1734428240645, 1734428240970, 1734428241269, 1734428241571, 1734428241921, 1734428242252, 1734428242594, 1734428242956, 1734428243272, 1734428243614, 1734428243965, 1734428244305, 1734428244634, 1734428244974, 1734428245301, 1734428245618, 1734428245950, 1734428246307, 1734428246646, 1734428246967, 1734428247276, 1734428247615, 1734428247954, 1734428248277, 1734428248636, 1734428248947, 1734428249285, 1734428249628, 1734428249957, 1734428250308, 1734428250632, 1734428250987, 1734428251286, 1734428251631, 1734428251985, 1734428252349, 1734428252702, 1734428253023, 1734428253397, 1734428253747, 1734428254090, 1734428254461, 1734428254783, 1734428255121, 1734428255509, 1734428255842, 1734428256182, 1734428256483, 1734428256782, 1734428257137, 1734428257501, 1734428257860, 1734428258187, 1734428258508, 1734428258871, 1734428259273, 1734428259607, 1734428259965, 1734428260285, 1734428260627, 1734428260963, 1734428261351, 1734428261717, 1734428262054, 1734428262376, 1734428262712, 1734428263033, 1734428263378, 1734428263733, 1734428264052, 1734428264426, 1734428264779, 1734428265117, 1734428265466, 1734428265805, 1734428266105, 1734428266418, 1734428266753, 1734428267139, 1734428267465, 1734428267787, 1734428268088, 1734428268462, 1734428268832, 
end timestamps: 1734428174717, 1734428175089, 1734428175368, 1734428175692, 1734428176019, 1734428176346, 1734428176668, 1734428176994, 1734428177272, 1734428182055, 1734428182380, 1734428182705, 1734428183030, 1734428183355, 1734428183681, 1734428184052, 1734428184377, 1734428184702, 1734428185027, 1734428185352, 1734428185677, 1734428186051, 1734428186422, 1734428186746, 1734428187024, 1734428187349, 1734428187723, 1734428188092, 1734428188464, 1734428188835, 1734428189207, 1734428189485, 1734428189858, 1734428190232, 1734428190600, 1734428190925, 1734428191204, 1734428191530, 1734428191854, 1734428192180, 1734428192597, 1734428192923, 1734428193247, 1734428193572, 1734428193945, 1734428194222, 1734428194547, 1734428194873, 1734428195243, 1734428195569, 1734428195941, 1734428196266, 1734428196544, 1734428196869, 1734428197195, 1734428197195, 1734428197567, 1734428197893, 1734428198266, 1734428198635, 1734428198913, 1734428199238, 1734428199610, 1734428199936, 1734428200260, 1734428200584, 1734428200910, 1734428201235, 1734428201513, 1734428201839, 1734428202164, 1734428202488, 1734428202860, 1734428203185, 1734428203185, 1734428203510, 1734428203789, 1734428204162, 1734428204532, 1734428204857, 1734428205182, 1734428205182, 1734428205507, 1734428205878, 1734428206204, 1734428206576, 1734428206901, 1734428207226, 1734428207551, 1734428207876, 1734428208201, 1734428208526, 1734428208851, 1734428209176, 1734428209176, 1734428209502, 1734428209827, 1734428210198, 1734428210524, 1734428210894, 1734428211219, 1734428211593, 1734428211965, 1734428212288, 1734428212613, 1734428212985, 1734428213309, 1734428213634, 1734428213961, 1734428214286, 1734428214609, 1734428214981, 1734428215306, 1734428215632, 1734428216052, 1734428216376, 1734428216700, 1734428216978, 1734428217303, 1734428217721, 1734428218093, 1734428218464, 1734428218835, 1734428219207, 1734428219486, 1734428219904, 1734428220275, 1734428220601, 1734428220973, 1734428221297, 1734428221668, 1734428221995, 1734428222320, 1734428222647, 1734428222969, 1734428223294, 1734428223667, 1734428223991, 1734428224315, 1734428224687, 1734428225014, 1734428225338, 1734428225709, 1734428226034, 1734428226359, 1734428226684, 1734428227055, 1734428227334, 1734428227659, 1734428228077, 1734428228449, 1734428228821, 1734428229099, 1734428229425, 1734428229796, 1734428230120, 1734428230447, 1734428230771, 1734428231142, 1734428231513, 1734428231839, 1734428232165, 1734428232490, 1734428232814, 1734428233185, 1734428233185, 1734428233557, 1734428233885, 1734428234207, 1734428234533, 1734428234857, 1734428235229, 1734428235556, 1734428235879, 1734428236204, 1734428236530, 1734428236947, 1734428237272, 1734428237598, 1734428237876, 1734428238247, 1734428238574, 1734428238897, 1734428239222, 1734428239547, 1734428239920, 1734428240293, 1734428240662, 1734428240988, 1734428241312, 1734428241592, 1734428241962, 1734428242287, 1734428242613, 1734428242985, 1734428243309, 1734428243634, 1734428244007, 1734428244331, 1734428244659, 1734428244981, 1734428245306, 1734428245631, 1734428245956, 1734428246328, 1734428246655, 1734428246978, 1734428247303, 1734428247628, 1734428247953, 1734428248278, 1734428248650, 1734428248975, 1734428249300, 1734428249673, 1734428249997, 1734428250322, 1734428250647, 1734428251018, 1734428251297, 1734428251668, 1734428251994, 1734428252366, 1734428252737, 1734428253062, 1734428253434, 1734428253759, 1734428254131, 1734428254502, 1734428254827, 1734428255151, 1734428255523, 1734428255848, 1734428256219, 1734428256499, 1734428256824, 1734428257149, 1734428257521, 1734428257892, 1734428258217, 1734428258543, 1734428258913, 1734428259285, 1734428259610, 1734428259981, 1734428260306, 1734428260632, 1734428261003, 1734428261376, 1734428261746, 1734428262075, 1734428262397, 1734428262721, 1734428263047, 1734428263418, 1734428263742, 1734428264068, 1734428264439, 1734428264811, 1734428265138, 1734428265508, 1734428265832, 1734428266112, 1734428266437, 1734428266765, 1734428267180, 1734428267180, 1734428267505, 1734428267830, 1734428268108, 1734428268482, 1734428268851, 1734428269224, 
