
**********************************************************
ConnectDAWs File Logger | only the ConnectionManagerThread will write to this file to avoid blocking calls inside the audio thread.
Log started: 17 Dec 2024 10:42:21am

Network Benchmark | start
size of start timestamps: 271
size of end timestamps: 271
latency: 279, 324, 288, 310, 299, 322, 314, 294, 285, 319, 368, 330, 339, 349, 380, 414, 415, 424, 444, 469, 475, 540, 580, 618, 623, 632, 669, 761, 858, 879, 891, 944, 960, 985, 1016, 1015, 1049, 1064, 1111, 1150, 1168, 1189, 1231, 1273, 1335, 1377, 1377, 1417, 1437, 1446, 1504, 1525, 1535, 1550, 1594, 1631, 1633, 1638, 1661, 1404, 1421, 1467, 1467, 1501, 1517, 1521, 1565, 1571, 1599, 1671, 1700, 1436, 1444, 1482, 1531, 1559, 1586, 1585, 1597, 1614, 1332, 1391, 1423, 1459, 1477, 1527, 1549, 1584, 1591, 1636, 1656, 1649, 1322, 1356, 1382, 1414, 1452, 1493, 1548, 1591, 1641, 1687, 1709, 1718, 1716, 1364, 1369, 1385, 1457, 1483, 1489, 1533, 1572, 1625, 1663, 1691, 1400, 1460, 1478, 1503, 1559, 1587, 1603, 1639, 1653, 1671, 1421, 1460, 1452, 1448, 1483, 1512, 1589, 1642, 1644, 1654, 1685, 1422, 1470, 1510, 1506, 1572, 1594, 1633, 1667, 1653, 1362, 1351, 1396, 1468, 1498, 1510, 1570, 1647, 1682, 1686, 1727, 1414, 1473, 1531, 1554, 1566, 1609, 1643, 1402, 1459, 1488, 1471, 1468, 1487, 1511, 1538, 1581, 1602, 1658, 1709, 1714, 1694, 1373, 1432, 1459, 1489, 1478, 1462, 1457, 1462, 1542, 1548, 1554, 1568, 1565, 1604, 1701, 1437, 1446, 1448, 1499, 1575, 1622, 1646, 1636, 1630, 1639, 1375, 1380, 1427, 1449, 1498, 1555, 1571, 1600, 1634, 1644, 1672, 1717, 1420, 1462, 1487, 1509, 1524, 1583, 1602, 1659, 1672, 1732, 1475, 1537, 1520, 1525, 1554, 1596, 1600, 1623, 1604, 1603, 1617, 1317, 1410, 1444, 1437, 1453, 1462, 1520, 1553, 1597, 1608, 1648, 1734, 1461, 1499, 1533, 1589, 1622, 1653, 1648, 1654, 1376, 1420, 1457, 1507, 1521, 1526, 1561, 1634, 1654, 1734, 1460, 1497, 1490, 1524, 1570, 
start timestamps: 1734428444467, 1734428444798, 1734428445124, 1734428445447, 1734428445756, 1734428446061, 1734428446364, 1734428446682, 1734428446987, 1734428447299, 1734428447616, 1734428447950, 1734428448277, 1734428448589, 1734428448900, 1734428449204, 1734428449526, 1734428449839, 1734428450149, 1734428450463, 1734428450770, 1734428451078, 1734428451402, 1734428451712, 1734428452021, 1734428452329, 1734428452638, 1734428452948, 1734428453260, 1734428453574, 1734428453883, 1734428454196, 1734428454515, 1734428454822, 1734428455127, 1734428455448, 1734428455753, 1734428456061, 1734428456367, 1734428456677, 1734428456985, 1734428457289, 1734428457595, 1734428457899, 1734428458204, 1734428458506, 1734428458810, 1734428459120, 1734428459423, 1734428459732, 1734428460035, 1734428460339, 1734428460645, 1734428460957, 1734428461270, 1734428461585, 1734428461896, 1734428462221, 1734428462540, 1734428463147, 1734428463472, 1734428463780, 1734428464092, 1734428464399, 1734428464711, 1734428465023, 1734428465334, 1734428465653, 1734428465962, 1734428466268, 1734428466592, 1734428467208, 1734428467514, 1734428467817, 1734428468125, 1734428468431, 1734428468739, 1734428469045, 1734428469356, 1734428469662, 1734428470280, 1734428470591, 1734428470901, 1734428471203, 1734428471515, 1734428471820, 1734428472129, 1734428472439, 1734428472744, 1734428473049, 1734428473360, 1734428473679, 1734428474304, 1734428474611, 1734428474923, 1734428475239, 1734428475555, 1734428475875, 1734428476187, 1734428476493, 1734428476817, 1734428477141, 1734428477460, 1734428477782, 1734428478093, 1734428478751, 1734428479069, 1734428479381, 1734428479687, 1734428479989, 1734428480290, 1734428480595, 1734428480910, 1734428481220, 1734428481524, 1734428481826, 1734428482438, 1734428482745, 1734428483058, 1734428483380, 1734428483694, 1734428484014, 1734428484321, 1734428484628, 1734428484947, 1734428485256, 1734428485880, 1734428486192, 1734428486510, 1734428486823, 1734428487134, 1734428487445, 1734428487751, 1734428488054, 1734428488359, 1734428488678, 1734428488995, 1734428489624, 1734428489932, 1734428490247, 1734428490569, 1734428490877, 1734428491186, 1734428491490, 1734428491795, 1734428492111, 1734428492724, 1734428493033, 1734428493337, 1734428493641, 1734428493950, 1734428494257, 1734428494573, 1734428494882, 1734428495186, 1734428495506, 1734428495814, 1734428496440, 1734428496747, 1734428497051, 1734428497353, 1734428497656, 1734428497966, 1734428498273, 1734428498888, 1734428499192, 1734428499498, 1734428499825, 1734428500160, 1734428500469, 1734428500771, 1734428501081, 1734428501387, 1734428501695, 1734428502004, 1734428502312, 1734428502622, 1734428502950, 1734428503593, 1734428503909, 1734428504221, 1734428504544, 1734428504867, 1734428505186, 1734428505496, 1734428505801, 1734428506107, 1734428506423, 1734428506740, 1734428507055, 1734428507360, 1734428507669, 1734428507977, 1734428508600, 1734428508928, 1734428509240, 1734428509553, 1734428509860, 1734428510170, 1734428510486, 1734428510820, 1734428511147, 1734428511458, 1734428512071, 1734428512393, 1734428512705, 1734428513010, 1734428513315, 1734428513626, 1734428513955, 1734428514278, 1734428514600, 1734428514913, 1734428515220, 1734428515537, 1734428516167, 1734428516477, 1734428516801, 1734428517110, 1734428517419, 1734428517733, 1734428518047, 1734428518367, 1734428518680, 1734428518984, 1734428519606, 1734428519927, 1734428520262, 1734428520573, 1734428520888, 1734428521246, 1734428521569, 1734428521872, 1734428522196, 1734428522510, 1734428522816, 1734428523442, 1734428523746, 1734428524061, 1734428524374, 1734428524706, 1734428525030, 1734428525334, 1734428525638, 1734428525944, 1734428526259, 1734428526567, 1734428526878, 1734428527489, 1734428527805, 1734428528111, 1734428528420, 1734428528735, 1734428529045, 1734428529375, 1734428529695, 1734428530321, 1734428530629, 1734428530933, 1734428531239, 1734428531545, 1734428531852, 1734428532158, 1734428532462, 1734428532769, 1734428533072, 1734428533688, 1734428534000, 1734428534314, 1734428534633, 1734428534934, 
end timestamps: 1734428444746, 1734428445122, 1734428445412, 1734428445757, 1734428446055, 1734428446383, 1734428446678, 1734428446976, 1734428447272, 1734428447618, 1734428447984, 1734428448280, 1734428448616, 1734428448938, 1734428449280, 1734428449618, 1734428449941, 1734428450263, 1734428450593, 1734428450932, 1734428451245, 1734428451618, 1734428451982, 1734428452330, 1734428452644, 1734428452961, 1734428453307, 1734428453709, 1734428454118, 1734428454453, 1734428454774, 1734428455140, 1734428455475, 1734428455807, 1734428456143, 1734428456463, 1734428456802, 1734428457125, 1734428457478, 1734428457827, 1734428458153, 1734428458478, 1734428458826, 1734428459172, 1734428459539, 1734428459883, 1734428460187, 1734428460537, 1734428460860, 1734428461178, 1734428461539, 1734428461864, 1734428462180, 1734428462507, 1734428462864, 1734428463216, 1734428463529, 1734428463859, 1734428464201, 1734428464551, 1734428464893, 1734428465247, 1734428465559, 1734428465900, 1734428466228, 1734428466544, 1734428466899, 1734428467224, 1734428467561, 1734428467939, 1734428468292, 1734428468644, 1734428468958, 1734428469299, 1734428469656, 1734428469990, 1734428470325, 1734428470630, 1734428470953, 1734428471276, 1734428471612, 1734428471982, 1734428472324, 1734428472662, 1734428472992, 1734428473347, 1734428473678, 1734428474023, 1734428474335, 1734428474685, 1734428475016, 1734428475328, 1734428475626, 1734428475967, 1734428476305, 1734428476653, 1734428477007, 1734428477368, 1734428477735, 1734428478084, 1734428478458, 1734428478828, 1734428479169, 1734428479500, 1734428479809, 1734428480115, 1734428480438, 1734428480766, 1734428481144, 1734428481472, 1734428481779, 1734428482128, 1734428482482, 1734428482845, 1734428483187, 1734428483517, 1734428483838, 1734428484205, 1734428484536, 1734428484883, 1734428485253, 1734428485601, 1734428485924, 1734428486267, 1734428486600, 1734428486927, 1734428487301, 1734428487652, 1734428487962, 1734428488271, 1734428488617, 1734428488957, 1734428489340, 1734428489696, 1734428490003, 1734428490332, 1734428490680, 1734428491046, 1734428491402, 1734428491757, 1734428492075, 1734428492449, 1734428492780, 1734428493123, 1734428493462, 1734428493764, 1734428494086, 1734428494384, 1734428494733, 1734428495109, 1734428495448, 1734428495767, 1734428496143, 1734428496529, 1734428496868, 1734428497192, 1734428497541, 1734428497854, 1734428498220, 1734428498582, 1734428498907, 1734428499222, 1734428499575, 1734428499916, 1734428500290, 1734428500651, 1734428500986, 1734428501296, 1734428501628, 1734428501956, 1734428502282, 1734428502619, 1734428502968, 1734428503297, 1734428503662, 1734428504021, 1734428504336, 1734428504644, 1734428504966, 1734428505341, 1734428505680, 1734428506033, 1734428506345, 1734428506648, 1734428506953, 1734428507263, 1734428507649, 1734428507971, 1734428508294, 1734428508623, 1734428508925, 1734428509273, 1734428509678, 1734428510037, 1734428510374, 1734428510688, 1734428511052, 1734428511435, 1734428511792, 1734428512132, 1734428512456, 1734428512777, 1734428513097, 1734428513446, 1734428513773, 1734428514132, 1734428514459, 1734428514813, 1734428515181, 1734428515526, 1734428515878, 1734428516234, 1734428516557, 1734428516892, 1734428517254, 1734428517587, 1734428517939, 1734428518288, 1734428518619, 1734428518943, 1734428519316, 1734428519649, 1734428520026, 1734428520352, 1734428520716, 1734428521081, 1734428521464, 1734428521782, 1734428522098, 1734428522442, 1734428522842, 1734428523169, 1734428523495, 1734428523800, 1734428524113, 1734428524433, 1734428524759, 1734428525156, 1734428525505, 1734428525811, 1734428526159, 1734428526492, 1734428526854, 1734428527191, 1734428527541, 1734428527867, 1734428528215, 1734428528612, 1734428528950, 1734428529304, 1734428529644, 1734428530009, 1734428530357, 1734428530698, 1734428531023, 1734428531349, 1734428531697, 1734428532049, 1734428532390, 1734428532746, 1734428533066, 1734428533378, 1734428533719, 1734428534096, 1734428534423, 1734428534806, 1734428535148, 1734428535497, 1734428535804, 1734428536157, 1734428536504, 
Plugin Outgoing Benchmark | start
size of start timestamps: 306
size of end timestamps: 293
latency: 285, 542, 803, 1035, 1308, 1562, 1824, 2083, 2325, 2581, 2828, 3103, 3323, 3313, 3348, 3357, 3451, 3455, 3519, 3529, 3578, 3595, 3589, 3640, 3643, 3637, 3629, 3583, 3582, 3607, 3635, 3637, 3631, 3678, 3657, 3660, 3672, 3667, 3659, 3673, 3672, 3632, 3634, 3638, 3596, 3599, 3599, 3580, 3646, 3668, 3646, 3647, 3676, 3678, 3665, 3667, 3714, 3718, 3655, 3635, 3616, 3580, 3607, 3624, 3631, 3669, 3678, 3653, 3596, 3652, 3658, 3749, 3700, 3701, 3592, 3582, 3623, 3655, 3673, 3659, 3639, 3638, 3591, 3640, 3673, 3654, 3652, 3609, 3627, 3604, 3639, 3639, 3674, 3682, 3625, 3560, 3627, 3650, 3648, 3618, 3617, 3596, 3569, 3566, 3562, 3566, 3615, 3569, 3556, 3544, 3593, 3598, 3593, 3628, 3585, 3581, 3608, 3636, 3622, 3602, 3608, 3552, 3595, 3614, 3627, 3663, 3639, 3651, 3617, 3669, 3709, 3686, 3662, 3593, 3588, 3556, 3575, 3653, 3638, 3624, 3583, 3585, 3626, 3674, 3655, 3649, 3648, 3677, 3644, 3613, 3630, 3641, 3646, 3606, 3594, 3643, 3629, 3679, 3630, 3594, 3637, 3609, 3644, 3679, 3719, 3701, 3678, 3665, 3613, 3633, 3683, 3727, 3709, 3653, 3603, 3559, 3603, 3614, 3662, 3739, 3717, 3664, 3604, 3672, 3707, 3742, 3782, 3812, 3826, 3826, 3768, 3727, 3797, 3797, 3730, 3741, 3723, 3702, 3672, 3665, 3645, 3597, 3603, 3624, 3644, 3638, 3638, 3603, 3609, 3571, 3636, 3622, 3613, 3662, 3623, 3654, 3675, 3665, 3670, 3680, 3696, 3656, 3705, 3732, 3700, 3675, 3678, 3684, 3737, 3760, 3744, 3768, 3750, 3749, 3705, 3701, 4043, 4029, 4014, 3962, 3940, 3894, 3932, 3930, 3976, 3962, 3978, 4019, 3987, 4000, 3993, 3985, 4049, 4102, 4078, 4385, 4369, 4402, 4427, 4440, 4396, 4416, 4393, 4439, 4468, 4469, 4411, 4415, 4454, 4436, 4454, 4409, 4399, 4419, 4345, 4371, 4395, 4335, 4271, 4300, 4215, 4184, 4130, 4132, 4105, 4068, 3975, 3977, 3914, 3887, 3913, 3911, 3922, 
start timestamps: 1734428444210, 1734428444257, 1734428444304, 1734428444351, 1734428444399, 1734428444443, 1734428444490, 1734428444535, 1734428444582, 1734428444628, 1734428444674, 1734428444722, 1734428444816, 1734428445141, 1734428445419, 1734428445743, 1734428446023, 1734428446348, 1734428446628, 1734428446952, 1734428447230, 1734428447508, 1734428447835, 1734428448160, 1734428448483, 1734428448809, 1734428449133, 1734428449504, 1734428449830, 1734428450155, 1734428450481, 1734428450808, 1734428451131, 1734428451460, 1734428451827, 1734428452152, 1734428452477, 1734428452803, 1734428453130, 1734428453452, 1734428453778, 1734428454149, 1734428454474, 1734428454799, 1734428455171, 1734428455498, 1734428455821, 1734428456194, 1734428456471, 1734428456796, 1734428457168, 1734428457493, 1734428457818, 1734428458143, 1734428458469, 1734428458793, 1734428459118, 1734428459443, 1734428459814, 1734428460141, 1734428460467, 1734428460838, 1734428461162, 1734428461534, 1734428461858, 1734428462137, 1734428462463, 1734428462833, 1734428463204, 1734428463483, 1734428463810, 1734428464087, 1734428464460, 1734428464784, 1734428465202, 1734428465527, 1734428465852, 1734428466177, 1734428466502, 1734428466830, 1734428467152, 1734428467477, 1734428467850, 1734428468174, 1734428468499, 1734428468824, 1734428469149, 1734428469521, 1734428469846, 1734428470217, 1734428470497, 1734428470821, 1734428471146, 1734428471470, 1734428471843, 1734428472214, 1734428472492, 1734428472819, 1734428473143, 1734428473516, 1734428473840, 1734428474165, 1734428474490, 1734428474861, 1734428475186, 1734428475513, 1734428475791, 1734428476162, 1734428476487, 1734428476812, 1734428477136, 1734428477462, 1734428477787, 1734428478066, 1734428478439, 1734428478762, 1734428479087, 1734428479413, 1734428479737, 1734428480063, 1734428480388, 1734428480759, 1734428481084, 1734428481410, 1734428481734, 1734428482063, 1734428482385, 1734428482710, 1734428483082, 1734428483360, 1734428483686, 1734428484010, 1734428484336, 1734428484706, 1734428485032, 1734428485405, 1734428485729, 1734428486053, 1734428486379, 1734428486704, 1734428487074, 1734428487401, 1734428487725, 1734428488004, 1734428488329, 1734428488654, 1734428488980, 1734428489304, 1734428489722, 1734428490048, 1734428490373, 1734428490697, 1734428491023, 1734428491394, 1734428491720, 1734428491997, 1734428492323, 1734428492647, 1734428493019, 1734428493391, 1734428493669, 1734428494041, 1734428494366, 1734428494691, 1734428495016, 1734428495341, 1734428495668, 1734428495991, 1734428496365, 1734428496687, 1734428497013, 1734428497340, 1734428497664, 1734428498037, 1734428498409, 1734428498777, 1734428499056, 1734428499381, 1734428499660, 1734428499985, 1734428500357, 1734428500731, 1734428501100, 1734428501380, 1734428501703, 1734428502029, 1734428502354, 1734428502679, 1734428503004, 1734428503329, 1734428503747, 1734428504119, 1734428504397, 1734428504723, 1734428505095, 1734428505419, 1734428505791, 1734428506162, 1734428506534, 1734428506859, 1734428507183, 1734428507556, 1734428507880, 1734428508205, 1734428508530, 1734428508856, 1734428509180, 1734428509552, 1734428509877, 1734428510248, 1734428510527, 1734428510852, 1734428511177, 1734428511503, 1734428511874, 1734428512199, 1734428512524, 1734428512849, 1734428513174, 1734428513499, 1734428513826, 1734428514196, 1734428514477, 1734428514799, 1734428515171, 1734428515545, 1734428515867, 1734428516240, 1734428516519, 1734428516846, 1734428517217, 1734428517540, 1734428517864, 1734428518190, 1734428518561, 1734428518886, 1734428518886, 1734428519258, 1734428519585, 1734428519954, 1734428520280, 1734428520652, 1734428520976, 1734428521347, 1734428521628, 1734428521951, 1734428522276, 1734428522602, 1734428522973, 1734428523300, 1734428523623, 1734428523948, 1734428524227, 1734428524553, 1734428524923, 1734428524924, 1734428525295, 1734428525621, 1734428525946, 1734428526270, 1734428526643, 1734428526967, 1734428527338, 1734428527616, 1734428527942, 1734428528313, 1734428528685, 1734428529010, 1734428529336, 1734428529707, 1734428530032, 1734428530404, 1734428530729, 1734428531054, 1734428531425, 1734428531750, 1734428532075, 1734428532448, 1734428532821, 1734428533098, 1734428533469, 1734428533795, 1734428534165, 1734428534490, 1734428534816, 1734428535141, 1734428535512, 1734428535791, 1734428536162, 1734428536487, 1734428536813, 1734428537137, 1734428537416, 1734428537696, 1734428538021, 1734428538298, 1734428538623, 1734428538949, 1734428539227, 1734428539507, 1734428539784, 1734428540109, 1734428540388, 1734428540759, 1734428541084, 1734428541363, 
end timestamps: 1734428444495, 1734428444799, 1734428445107, 1734428445386, 1734428445707, 1734428446005, 1734428446314, 1734428446618, 1734428446907, 1734428447209, 1734428447502, 1734428447825, 1734428448139, 1734428448454, 1734428448767, 1734428449100, 1734428449474, 1734428449803, 1734428450147, 1734428450481, 1734428450808, 1734428451103, 1734428451424, 1734428451800, 1734428452126, 1734428452446, 1734428452762, 1734428453087, 1734428453412, 1734428453762, 1734428454116, 1734428454445, 1734428454762, 1734428455138, 1734428455484, 1734428455812, 1734428456149, 1734428456470, 1734428456789, 1734428457125, 1734428457450, 1734428457781, 1734428458108, 1734428458437, 1734428458767, 1734428459097, 1734428459420, 1734428459774, 1734428460117, 1734428460464, 1734428460814, 1734428461140, 1734428461494, 1734428461821, 1734428462134, 1734428462460, 1734428462832, 1734428463161, 1734428463469, 1734428463776, 1734428464083, 1734428464418, 1734428464769, 1734428465158, 1734428465489, 1734428465806, 1734428466141, 1734428466486, 1734428466800, 1734428467135, 1734428467468, 1734428467836, 1734428468160, 1734428468485, 1734428468794, 1734428469109, 1734428469475, 1734428469832, 1734428470175, 1734428470489, 1734428470791, 1734428471115, 1734428471441, 1734428471814, 1734428472172, 1734428472478, 1734428472801, 1734428473130, 1734428473473, 1734428473821, 1734428474136, 1734428474460, 1734428474820, 1734428475152, 1734428475468, 1734428475774, 1734428476119, 1734428476469, 1734428476791, 1734428477134, 1734428477457, 1734428477761, 1734428478059, 1734428478427, 1734428478748, 1734428479079, 1734428479406, 1734428479731, 1734428480043, 1734428480356, 1734428480729, 1734428481060, 1734428481380, 1734428481694, 1734428482024, 1734428482343, 1734428482695, 1734428483049, 1734428483359, 1734428483665, 1734428483996, 1734428484311, 1734428484679, 1734428485024, 1734428485361, 1734428485726, 1734428486024, 1734428486361, 1734428486699, 1734428487029, 1734428487395, 1734428487696, 1734428487998, 1734428488299, 1734428488620, 1734428488961, 1734428489304, 1734428489706, 1734428490017, 1734428490328, 1734428490657, 1734428490986, 1734428491351, 1734428491678, 1734428491984, 1734428492303, 1734428492628, 1734428492981, 1734428493366, 1734428493661, 1734428494003, 1734428494338, 1734428494669, 1734428495000, 1734428495314, 1734428495640, 1734428495952, 1734428496326, 1734428496649, 1734428496985, 1734428497306, 1734428497650, 1734428498010, 1734428498370, 1734428498735, 1734428499042, 1734428499346, 1734428499656, 1734428499978, 1734428500320, 1734428500696, 1734428501067, 1734428501373, 1734428501690, 1734428502012, 1734428502336, 1734428502659, 1734428502995, 1734428503322, 1734428503724, 1734428504074, 1734428504395, 1734428504704, 1734428505052, 1734428505410, 1734428505771, 1734428506136, 1734428506491, 1734428506830, 1734428507155, 1734428507515, 1734428507846, 1734428508194, 1734428508520, 1734428508825, 1734428509160, 1734428509514, 1734428509864, 1734428510206, 1734428510524, 1734428510828, 1734428511153, 1734428511483, 1734428511829, 1734428512174, 1734428512494, 1734428512818, 1734428513155, 1734428513486, 1734428513819, 1734428514163, 1734428514474, 1734428514790, 1734428515165, 1734428515497, 1734428515853, 1734428516199, 1734428516514, 1734428516844, 1734428517179, 1734428517522, 1734428517852, 1734428518182, 1734428518531, 1734428518871, 1734428519220, 1734428519545, 1734428519924, 1734428520256, 1734428520606, 1734428520961, 1734428521308, 1734428521614, 1734428521939, 1734428522266, 1734428522587, 1734428522929, 1734428523287, 1734428523599, 1734428523916, 1734428524220, 1734428524546, 1734428524908, 1734428525277, 1734428525604, 1734428525913, 1734428526254, 1734428526621, 1734428526960, 1734428527300, 1734428527616, 1734428527933, 1734428528276, 1734428528655, 1734428529001, 1734428529309, 1734428529664, 1734428530023, 1734428530373, 1734428530710, 1734428531039, 1734428531383, 1734428531731, 1734428532055, 1734428532410, 1734428532782, 1734428533096, 1734428533425, 1734428533790, 1734428534143, 1734428534486, 1734428534813, 1734428535128, 1734428535473, 1734428535770, 1734428536121, 1734428536470, 1734428536783, 1734428537092, 1734428537398, 1734428537684, 1734428537979, 1734428538295, 1734428538622, 1734428538921, 1734428539209, 1734428539487, 1734428539768, 1734428540076, 1734428540374, 1734428540726, 1734428541048, 1734428541338, 
Plugin Incoming Benchmark | start
size of start timestamps: 271
size of end timestamps: 276
latency: 301, 322, 296, 342, 310, 330, 335, 315, 289, 351, 402, 312, 340, 330, 381, 361, 349, 352, 355, 349, 336, 396, 394, 356, 331, 343, 352, 425, 439, 355, 345, 395, 357, 345, 338, 327, 378, 365, 366, 385, 361, 360, 360, 384, 410, 367, 348, 371, 344, 21, 29, 42, 40, 1, -1, 14, 35, -1, 42, 25, -1, 28, -326, -314, -328, -285, -275, -351, -307, -642, -695, -723, -703, -646, -614, -694, -657, -664, -600, -599, -642, -652, -697, -669, -635, -641, -671, -675, -649, -637, -660, -668, -608, -581, -596, -656, -678, -660, -697, -693, -717, -718, -716, -686, -646, -631, -611, -608, -612, -663, -666, -604, -626, -703, -691, -665, -669, -618, -661, -663, -640, -685, -707, -1030, -1002, -966, -969, -1015, -1043, -1027, -965, -937, -954, -1059, -1044, -1024, -982, -960, -999, -1031, -1062, -1007, -1010, -1014, -1034, -1001, -979, -927, -900, -927, -1023, -1036, -1031, -1034, -1050, -1063, -1016, -992, -982, -1021, -1010, -1012, -1004, -984, -1001, -1373, -1411, -1374, -1357, -1319, -1276, -1275, -1288, -1313, -1317, -1356, -1389, -1333, -1316, -1267, -1316, -1332, -1358, -1346, -1276, -1258, -1195, -1302, -1299, -1299, -1349, -1233, -1302, -1380, -1370, -1427, -1369, -1361, -1373, -1404, -1421, -1373, -1322, -1270, -1296, -1295, -1330, -1333, -1362, -1405, -1378, -1402, -1388, -1341, -1349, -1340, -1348, -1376, -1351, -1359, -1311, -1358, -1321, -1373, -1373, -1366, -1403, -1418, -1411, -1353, -1325, -1356, -1358, -1360, -1338, -1234, -1229, -1230, -1348, -1374, -1353, -1376, -1337, -1326, -1341, -1365, -1366, -1341, -1413, -1380, -1409, -1425, -1371, -1396, -1364, -1364, -1319, -1295, -1322, -1339, -1369, -1361, -1304, -1319, -1325, -1327, -1384, -1400, -1378, -1361, -1342, 
start timestamps: 1734428444467, 1734428444819, 1734428445123, 1734428445448, 1734428445758, 1734428446063, 1734428446384, 1734428446682, 1734428446987, 1734428447299, 1734428447619, 1734428447986, 1734428448282, 1734428448618, 1734428448939, 1734428449282, 1734428449620, 1734428449942, 1734428450264, 1734428450595, 1734428450933, 1734428451246, 1734428451619, 1734428451983, 1734428452332, 1734428452645, 1734428452962, 1734428453309, 1734428453710, 1734428454119, 1734428454454, 1734428454776, 1734428455141, 1734428455476, 1734428455808, 1734428456144, 1734428456464, 1734428456803, 1734428457127, 1734428457479, 1734428457828, 1734428458155, 1734428458479, 1734428458828, 1734428459173, 1734428459540, 1734428459884, 1734428460188, 1734428460538, 1734428460862, 1734428461179, 1734428461540, 1734428461865, 1734428462182, 1734428462509, 1734428462866, 1734428463217, 1734428463530, 1734428463860, 1734428464203, 1734428464553, 1734428464895, 1734428465249, 1734428465561, 1734428465901, 1734428466230, 1734428466546, 1734428466900, 1734428467226, 1734428467562, 1734428467940, 1734428468293, 1734428468645, 1734428468959, 1734428469300, 1734428469657, 1734428469991, 1734428470326, 1734428470632, 1734428470955, 1734428471277, 1734428471613, 1734428471984, 1734428472326, 1734428472664, 1734428472994, 1734428473349, 1734428473679, 1734428474025, 1734428474337, 1734428474686, 1734428475018, 1734428475329, 1734428475628, 1734428475968, 1734428476307, 1734428476654, 1734428477008, 1734428477369, 1734428477737, 1734428478086, 1734428478459, 1734428478829, 1734428479171, 1734428479501, 1734428479811, 1734428480116, 1734428480439, 1734428480767, 1734428481145, 1734428481473, 1734428481780, 1734428482129, 1734428482484, 1734428482846, 1734428483188, 1734428483518, 1734428483840, 1734428484207, 1734428484537, 1734428484884, 1734428485254, 1734428485603, 1734428485926, 1734428486268, 1734428486601, 1734428486929, 1734428487302, 1734428487654, 1734428487963, 1734428488272, 1734428488618, 1734428488958, 1734428489341, 1734428489698, 1734428490004, 1734428490333, 1734428490682, 1734428491047, 1734428491404, 1734428491759, 1734428492076, 1734428492450, 1734428492782, 1734428493124, 1734428493463, 1734428493765, 1734428494087, 1734428494386, 1734428494735, 1734428495110, 1734428495449, 1734428495769, 1734428496144, 1734428496530, 1734428496869, 1734428497193, 1734428497542, 1734428497855, 1734428498222, 1734428498583, 1734428498908, 1734428499224, 1734428499576, 1734428499918, 1734428500291, 1734428500653, 1734428500988, 1734428501297, 1734428501629, 1734428501958, 1734428502283, 1734428502621, 1734428502970, 1734428503299, 1734428503663, 1734428504022, 1734428504337, 1734428504645, 1734428504967, 1734428505342, 1734428505682, 1734428506034, 1734428506346, 1734428506649, 1734428506955, 1734428507264, 1734428507650, 1734428507972, 1734428508296, 1734428508625, 1734428508927, 1734428509275, 1734428509679, 1734428510039, 1734428510376, 1734428510690, 1734428511053, 1734428511436, 1734428511793, 1734428512134, 1734428512457, 1734428512779, 1734428513098, 1734428513448, 1734428513774, 1734428514133, 1734428514460, 1734428514815, 1734428515183, 1734428515527, 1734428515879, 1734428516235, 1734428516559, 1734428516894, 1734428517255, 1734428517588, 1734428517940, 1734428518290, 1734428518621, 1734428518944, 1734428519317, 1734428519650, 1734428520027, 1734428520353, 1734428520717, 1734428521082, 1734428521466, 1734428521783, 1734428522099, 1734428522443, 1734428522843, 1734428523170, 1734428523497, 1734428523801, 1734428524114, 1734428524434, 1734428524760, 1734428525157, 1734428525507, 1734428525812, 1734428526160, 1734428526493, 1734428526855, 1734428527193, 1734428527542, 1734428527869, 1734428528216, 1734428528613, 1734428528951, 1734428529305, 1734428529645, 1734428530010, 1734428530359, 1734428530700, 1734428531024, 1734428531351, 1734428531699, 1734428532051, 1734428532393, 1734428532748, 1734428533067, 1734428533379, 1734428533720, 1734428534097, 1734428534425, 1734428534808, 1734428535149, 1734428535498, 1734428535805, 1734428536158, 
end timestamps: 1734428444768, 1734428445141, 1734428445419, 1734428445790, 1734428446068, 1734428446393, 1734428446719, 1734428446997, 1734428447276, 1734428447650, 1734428448021, 1734428448298, 1734428448622, 1734428448948, 1734428449320, 1734428449643, 1734428449969, 1734428450294, 1734428450619, 1734428450944, 1734428451269, 1734428451642, 1734428452013, 1734428452339, 1734428452663, 1734428452988, 1734428453314, 1734428453734, 1734428454149, 1734428454474, 1734428454799, 1734428455171, 1734428455498, 1734428455821, 1734428456146, 1734428456471, 1734428456842, 1734428457168, 1734428457493, 1734428457864, 1734428458189, 1734428458515, 1734428458839, 1734428459212, 1734428459583, 1734428459907, 1734428460232, 1734428460559, 1734428460882, 1734428460883, 1734428461208, 1734428461582, 1734428461905, 1734428462183, 1734428462508, 1734428462880, 1734428463252, 1734428463529, 1734428463902, 1734428464228, 1734428464552, 1734428464923, 1734428464923, 1734428465247, 1734428465573, 1734428465945, 1734428466271, 1734428466549, 1734428466919, 1734428466920, 1734428467245, 1734428467570, 1734428467942, 1734428468313, 1734428468686, 1734428468963, 1734428469334, 1734428469662, 1734428470032, 1734428470356, 1734428470635, 1734428470961, 1734428471287, 1734428471657, 1734428472029, 1734428472353, 1734428472678, 1734428473004, 1734428473376, 1734428473700, 1734428474026, 1734428474350, 1734428474721, 1734428475047, 1734428475372, 1734428475651, 1734428475976, 1734428476348, 1734428476672, 1734428477044, 1734428477369, 1734428477741, 1734428478113, 1734428478485, 1734428478855, 1734428479180, 1734428479505, 1734428479831, 1734428480155, 1734428480482, 1734428480807, 1734428481176, 1734428481503, 1734428481781, 1734428482155, 1734428482523, 1734428482849, 1734428483222, 1734428483546, 1734428483874, 1734428484244, 1734428484569, 1734428484896, 1734428484896, 1734428485266, 1734428485635, 1734428485960, 1734428486287, 1734428486611, 1734428486936, 1734428487307, 1734428487681, 1734428488004, 1734428488282, 1734428488654, 1734428488980, 1734428489351, 1734428489722, 1734428490048, 1734428490373, 1734428490697, 1734428491069, 1734428491440, 1734428491768, 1734428492090, 1734428492462, 1734428492786, 1734428493160, 1734428493486, 1734428493808, 1734428494087, 1734428494413, 1734428494738, 1734428495110, 1734428495480, 1734428495806, 1734428496177, 1734428496550, 1734428496873, 1734428497201, 1734428497573, 1734428497896, 1734428498220, 1734428498592, 1734428498917, 1734428498918, 1734428499242, 1734428499614, 1734428499940, 1734428500310, 1734428500682, 1734428501008, 1734428501333, 1734428501657, 1734428501982, 1734428502307, 1734428502633, 1734428503004, 1734428503329, 1734428503700, 1734428504026, 1734428504350, 1734428504676, 1734428505000, 1734428505373, 1734428505697, 1734428506069, 1734428506348, 1734428506673, 1734428506997, 1734428507276, 1734428507694, 1734428507973, 1734428508299, 1734428508669, 1734428508949, 1734428509321, 1734428509692, 1734428510063, 1734428510389, 1734428510713, 1734428511084, 1734428511457, 1734428511828, 1734428512152, 1734428512479, 1734428512803, 1734428513127, 1734428513453, 1734428513778, 1734428514149, 1734428514477, 1734428514847, 1734428515218, 1734428515545, 1734428515915, 1734428516240, 1734428516564, 1734428516939, 1734428517262, 1734428517633, 1734428517959, 1734428518329, 1734428518654, 1734428518980, 1734428519351, 1734428519679, 1734428520048, 1734428520372, 1734428520746, 1734428521118, 1734428521487, 1734428521812, 1734428522137, 1734428522463, 1734428522880, 1734428523205, 1734428523530, 1734428523809, 1734428524133, 1734428524459, 1734428524784, 1734428525156, 1734428525529, 1734428525852, 1734428526177, 1734428526503, 1734428526875, 1734428527200, 1734428527571, 1734428527896, 1734428528220, 1734428528639, 1734428528963, 1734428529336, 1734428529660, 1734428530032, 1734428530404, 1734428530729, 1734428531054, 1734428531379, 1734428531706, 1734428532075, 1734428532401, 1734428532772, 1734428533098, 1734428533424, 1734428533749, 1734428534120, 1734428534444, 1734428534816, 1734428535190, 1734428535512, 1734428535839, 1734428536162, 1734428536534, 
