
**********************************************************
ConnectDAWs File Logger | only the ConnectionManagerThread will write to this file to avoid blocking calls inside the audio thread.
Log started: 17 Dec 2024 10:46:41am

Network Benchmark | start
size of start timestamps: 271
size of end timestamps: 271
latency: 342, 364, 365, 352, 354, 366, 385, 420, 430, 425, 412, 387, 372, 356, 336, 345, 349, 329, 332, 333, 329, 339, 351, 342, 333, 347, 344, 332, 331, 327, 320, 321, 327, 346, 360, 344, 342, 334, 333, 335, 313, 328, 322, 345, 346, 323, 352, 341, 353, 335, 332, 320, 320, 319, 335, 329, 323, 315, 312, 316, 316, 319, 319, 335, 317, 364, 359, 387, 343, 323, 413, 364, 322, 325, 325, 321, 323, 319, 343, 334, 313, 323, 326, 330, 328, 333, 323, 322, 339, 376, 359, 321, 329, 331, 316, 352, 363, 332, 321, 345, 361, 386, 370, 315, 320, 316, 320, 315, 317, 314, 339, 312, 345, 344, 314, 316, 324, 322, 331, 355, 360, 336, 358, 394, 393, 390, 349, 343, 344, 332, 327, 314, 314, 316, 323, 326, 339, 333, 316, 325, 331, 332, 316, 314, 311, 313, 321, 326, 323, 319, 319, 327, 323, 322, 315, 408, 396, 408, 381, 373, 338, 314, 318, 328, 329, 334, 314, 332, 326, 325, 335, 314, 322, 329, 333, 341, 327, 318, 329, 321, 323, 333, 332, 348, 330, 350, 341, 339, 346, 359, 337, 323, 314, 319, 322, 319, 319, 322, 325, 316, 311, 318, 338, 333, 321, 322, 326, 325, 321, 318, 324, 316, 322, 317, 319, 335, 360, 377, 363, 371, 402, 392, 370, 355, 329, 324, 312, 326, 322, 313, 319, 328, 332, 328, 337, 317, 335, 330, 331, 335, 318, 308, 326, 320, 328, 326, 321, 318, 319, 345, 373, 330, 334, 335, 318, 329, 323, 348, 313, 327, 316, 324, 323, 314, 316, 321, 328, 316, 314, 319, 321, 
start timestamps: 1734428711366, 1734428711665, 1734428711975, 1734428712314, 1734428712621, 1734428712939, 1734428713230, 1734428713531, 1734428713832, 1734428714151, 1734428714473, 1734428714808, 1734428715136, 1734428715471, 1734428715804, 1734428716112, 1734428716417, 1734428716748, 1734428717103, 1734428717436, 1734428717777, 1734428718080, 1734428718379, 1734428718699, 1734428719021, 1734428719389, 1734428719714, 1734428720043, 1734428720353, 1734428720675, 1734428721021, 1734428721371, 1734428721753, 1734428722119, 1734428722424, 1734428722754, 1734428723095, 1734428723430, 1734428723808, 1734428724121, 1734428724472, 1734428724857, 1734428725212, 1734428725520, 1734428725848, 1734428726188, 1734428726527, 1734428726873, 1734428727195, 1734428727528, 1734428727836, 1734428728184, 1734428728520, 1734428728877, 1734428729210, 1734428729528, 1734428729843, 1734428730181, 1734428730560, 1734428730905, 1734428731234, 1734428731544, 1734428731870, 1734428732201, 1734428732547, 1734428732883, 1734428733212, 1734428733523, 1734428733874, 1734428734202, 1734428734527, 1734428734891, 1734428735255, 1734428735579, 1734428735897, 1734428736241, 1734428736605, 1734428736956, 1734428737297, 1734428737621, 1734428737954, 1734428738282, 1734428738602, 1734428738917, 1734428739274, 1734428739607, 1734428739962, 1734428740291, 1734428740646, 1734428740945, 1734428741281, 1734428741645, 1734428741988, 1734428742327, 1734428742648, 1734428742979, 1734428743278, 1734428743645, 1734428743998, 1734428744314, 1734428744630, 1734428744937, 1734428745262, 1734428745626, 1734428745967, 1734428746287, 1734428746651, 1734428746978, 1734428747303, 1734428747629, 1734428747945, 1734428748284, 1734428748592, 1734428748906, 1734428749249, 1734428749583, 1734428749918, 1734428750258, 1734428750577, 1734428750930, 1734428751247, 1734428751586, 1734428751887, 1734428752191, 1734428752514, 1734428752843, 1734428753195, 1734428753536, 1734428753856, 1734428754188, 1734428754514, 1734428754918, 1734428755250, 1734428755560, 1734428755896, 1734428756208, 1734428756528, 1734428756847, 1734428757189, 1734428757487, 1734428757816, 1734428758152, 1734428758481, 1734428758821, 1734428759180, 1734428759510, 1734428759829, 1734428760170, 1734428760522, 1734428760841, 1734428761158, 1734428761500, 1734428761828, 1734428762148, 1734428762480, 1734428762815, 1734428763135, 1734428763439, 1734428763784, 1734428764111, 1734428764470, 1734428764805, 1734428765155, 1734428765501, 1734428765865, 1734428766217, 1734428766569, 1734428766871, 1734428767206, 1734428767589, 1734428767914, 1734428768269, 1734428768580, 1734428768887, 1734428769202, 1734428769535, 1734428769860, 1734428770208, 1734428770555, 1734428770888, 1734428771216, 1734428771567, 1734428771891, 1734428772209, 1734428772537, 1734428772875, 1734428773197, 1734428773526, 1734428773866, 1734428774176, 1734428774505, 1734428774878, 1734428775234, 1734428775576, 1734428775910, 1734428776270, 1734428776586, 1734428776937, 1734428777296, 1734428777628, 1734428777979, 1734428778282, 1734428778625, 1734428779001, 1734428779358, 1734428779686, 1734428779997, 1734428780348, 1734428780684, 1734428781038, 1734428781375, 1734428781711, 1734428782030, 1734428782381, 1734428782727, 1734428783076, 1734428783384, 1734428783710, 1734428784034, 1734428784359, 1734428784706, 1734428785049, 1734428785386, 1734428785712, 1734428786047, 1734428786362, 1734428786683, 1734428787003, 1734428787327, 1734428787648, 1734428788003, 1734428788363, 1734428788694, 1734428789037, 1734428789351, 1734428789678, 1734428790010, 1734428790354, 1734428790662, 1734428790975, 1734428791308, 1734428791643, 1734428791984, 1734428792306, 1734428792640, 1734428792977, 1734428793328, 1734428793654, 1734428794007, 1734428794317, 1734428794629, 1734428794983, 1734428795304, 1734428795618, 1734428796036, 1734428796338, 1734428796657, 1734428797041, 1734428797380, 1734428797722, 1734428798049, 1734428798388, 1734428798708, 1734428799025, 1734428799354, 1734428799702, 1734428800016, 1734428800355, 1734428800700, 1734428801034, 1734428801401, 
end timestamps: 1734428711708, 1734428712029, 1734428712340, 1734428712666, 1734428712975, 1734428713305, 1734428713615, 1734428713951, 1734428714262, 1734428714576, 1734428714885, 1734428715195, 1734428715508, 1734428715827, 1734428716140, 1734428716457, 1734428716766, 1734428717077, 1734428717435, 1734428717769, 1734428718106, 1734428718419, 1734428718730, 1734428719041, 1734428719354, 1734428719736, 1734428720058, 1734428720375, 1734428720684, 1734428721002, 1734428721341, 1734428721692, 1734428722080, 1734428722465, 1734428722784, 1734428723098, 1734428723437, 1734428723764, 1734428724141, 1734428724456, 1734428724785, 1734428725185, 1734428725534, 1734428725865, 1734428726194, 1734428726511, 1734428726879, 1734428727214, 1734428727548, 1734428727863, 1734428728168, 1734428728504, 1734428728840, 1734428729196, 1734428729545, 1734428729857, 1734428730166, 1734428730496, 1734428730872, 1734428731221, 1734428731550, 1734428731863, 1734428732189, 1734428732536, 1734428732864, 1734428733247, 1734428733571, 1734428733910, 1734428734217, 1734428734525, 1734428734940, 1734428735255, 1734428735577, 1734428735904, 1734428736222, 1734428736562, 1734428736928, 1734428737275, 1734428737640, 1734428737955, 1734428738267, 1734428738605, 1734428738928, 1734428739247, 1734428739602, 1734428739940, 1734428740285, 1734428740613, 1734428740985, 1734428741321, 1734428741640, 1734428741966, 1734428742317, 1734428742658, 1734428742964, 1734428743331, 1734428743641, 1734428743977, 1734428744319, 1734428744659, 1734428744991, 1734428745323, 1734428745632, 1734428745941, 1734428746287, 1734428746603, 1734428746971, 1734428747293, 1734428747620, 1734428747943, 1734428748284, 1734428748596, 1734428748937, 1734428749250, 1734428749563, 1734428749899, 1734428750242, 1734428750580, 1734428750908, 1734428751285, 1734428751607, 1734428751922, 1734428752245, 1734428752585, 1734428752907, 1734428753233, 1734428753544, 1734428753879, 1734428754200, 1734428754520, 1734428754841, 1734428755232, 1734428755564, 1734428755876, 1734428756219, 1734428756534, 1734428756867, 1734428757180, 1734428757505, 1734428757812, 1734428758147, 1734428758484, 1734428758797, 1734428759135, 1734428759491, 1734428759823, 1734428760150, 1734428760496, 1734428760845, 1734428761160, 1734428761477, 1734428761827, 1734428762151, 1734428762470, 1734428762795, 1734428763223, 1734428763531, 1734428763847, 1734428764165, 1734428764484, 1734428764808, 1734428765119, 1734428765473, 1734428765829, 1734428766194, 1734428766551, 1734428766883, 1734428767203, 1734428767532, 1734428767914, 1734428768249, 1734428768583, 1734428768902, 1734428769216, 1734428769535, 1734428769876, 1734428770187, 1734428770526, 1734428770884, 1734428771209, 1734428771539, 1734428771900, 1734428772223, 1734428772557, 1734428772867, 1734428773225, 1734428773538, 1734428773865, 1734428774212, 1734428774535, 1734428774842, 1734428775201, 1734428775548, 1734428775895, 1734428776232, 1734428776589, 1734428776905, 1734428777259, 1734428777621, 1734428777944, 1734428778290, 1734428778600, 1734428778963, 1734428779334, 1734428779679, 1734428780008, 1734428780323, 1734428780673, 1734428781005, 1734428781356, 1734428781699, 1734428782027, 1734428782352, 1734428782698, 1734428783046, 1734428783411, 1734428783744, 1734428784087, 1734428784397, 1734428784730, 1734428785108, 1734428785441, 1734428785756, 1734428786067, 1734428786376, 1734428786686, 1734428786995, 1734428787329, 1734428787649, 1734428787961, 1734428788322, 1734428788691, 1734428789026, 1734428789365, 1734428789688, 1734428789995, 1734428790345, 1734428790684, 1734428790993, 1734428791310, 1734428791626, 1734428791951, 1734428792310, 1734428792626, 1734428792968, 1734428793303, 1734428793649, 1734428793972, 1734428794326, 1734428794662, 1734428795002, 1734428795313, 1734428795638, 1734428795953, 1734428796354, 1734428796667, 1734428796980, 1734428797389, 1734428797693, 1734428798049, 1734428798365, 1734428798712, 1734428799031, 1734428799339, 1734428799670, 1734428800023, 1734428800344, 1734428800671, 1734428801014, 1734428801353, 1734428801722, 
Plugin Outgoing Benchmark | start
size of start timestamps: 310
size of end timestamps: 288
latency: 310, 585, 853, 1119, 1394, 1653, 1915, 2190, 2460, 2771, 3037, 3300, 3565, 3735, 3726, 3719, 3708, 3743, 3737, 3734, 3726, 3758, 3741, 3776, 3756, 3741, 3728, 3717, 3743, 3725, 3703, 3690, 3672, 3707, 3693, 3682, 3709, 3697, 3711, 3696, 3737, 3722, 3756, 3743, 3733, 3772, 3768, 3763, 3797, 3782, 3767, 3774, 3759, 3744, 3776, 3766, 3753, 3750, 3743, 3721, 3744, 4045, 4027, 4012, 3996, 4025, 4016, 4001, 3993, 4037, 4022, 4013, 3991, 4018, 3998, 4030, 4016, 4006, 4318, 4344, 4329, 4313, 4295, 4340, 4321, 4301, 4341, 4331, 4317, 4355, 4341, 4348, 4331, 4367, 4371, 4403, 4389, 4368, 4351, 4381, 4367, 4368, 4413, 4395, 4376, 4379, 4368, 4382, 4372, 4401, 4385, 4697, 4686, 4720, 4702, 4726, 4662, 4651, 4686, 4669, 4655, 4644, 4627, 4611, 4642, 4638, 4635, 4670, 4975, 4962, 4966, 5007, 5004, 4988, 5014, 4997, 4981, 4977, 5023, 5007, 5029, 5018, 5004, 4999, 4988, 5304, 5331, 5310, 5294, 5278, 5265, 5293, 5278, 5254, 5237, 5216, 5246, 5230, 5213, 5247, 5229, 5224, 5212, 5247, 5262, 5295, 5279, 5266, 5259, 5301, 5294, 5326, 5318, 5355, 5343, 5332, 5359, 5339, 5325, 5311, 5305, 5294, 5275, 5305, 5299, 5289, 5291, 5284, 5312, 5304, 5287, 5267, 5308, 5301, 5629, 5673, 5661, 5651, 5642, 5685, 5690, 5672, 5648, 5685, 5676, 5662, 5646, 5627, 5651, 5634, 5614, 5601, 5586, 5566, 5873, 5933, 5935, 5923, 5903, 5883, 5867, 5900, 5887, 5871, 5900, 5887, 5874, 5901, 5889, 5930, 5919, 6235, 6229, 6258, 6237, 6217, 6212, 6210, 6197, 6229, 6218, 6206, 6244, 6234, 6222, 6254, 6264, 6255, 6575, 6611, 6603, 6604, 6604, 6591, 6618, 6599, 6625, 6609, 6595, 6583, 6572, 6603, 6586, 6570, 6557, 6868, 6933, 6919, 6924, 6910, 6898, 6890, 6879, 6892, 6874, 6905, 6887, 6884, 6916, 6902, 6881, 6910, 6898, 6888, 6923, 6909, 6890, 6933, 
start timestamps: 1734428711343, 1734428711389, 1734428711435, 1734428711482, 1734428711530, 1734428711574, 1734428711621, 1734428711668, 1734428711715, 1734428711715, 1734428711762, 1734428711807, 1734428711853, 1734428711995, 1734428712317, 1734428712642, 1734428712969, 1734428713247, 1734428713575, 1734428713898, 1734428714223, 1734428714501, 1734428714827, 1734428715108, 1734428715432, 1734428715755, 1734428716081, 1734428716404, 1734428716684, 1734428717009, 1734428717336, 1734428717658, 1734428717983, 1734428718263, 1734428718586, 1734428718912, 1734428719194, 1734428719517, 1734428719841, 1734428720168, 1734428720444, 1734428720771, 1734428721049, 1734428721374, 1734428721698, 1734428721977, 1734428722303, 1734428722629, 1734428722905, 1734428723232, 1734428723557, 1734428723882, 1734428724206, 1734428724532, 1734428724812, 1734428725136, 1734428725460, 1734428725787, 1734428726110, 1734428726439, 1734428726719, 1734428726720, 1734428727042, 1734428727364, 1734428727692, 1734428727968, 1734428728295, 1734428728618, 1734428728946, 1734428729223, 1734428729549, 1734428729871, 1734428730200, 1734428730476, 1734428730803, 1734428731084, 1734428731406, 1734428731731, 1734428731731, 1734428732009, 1734428732334, 1734428732660, 1734428732985, 1734428733263, 1734428733588, 1734428733914, 1734428734191, 1734428734517, 1734428734841, 1734428735121, 1734428735445, 1734428735771, 1734428736096, 1734428736374, 1734428736699, 1734428736978, 1734428737302, 1734428737629, 1734428737953, 1734428738233, 1734428738556, 1734428738883, 1734428739161, 1734428739485, 1734428739811, 1734428740135, 1734428740462, 1734428740786, 1734428741112, 1734428741390, 1734428741715, 1734428741715, 1734428742041, 1734428742322, 1734428742644, 1734428742924, 1734428743293, 1734428743619, 1734428743897, 1734428744222, 1734428744549, 1734428744877, 1734428745200, 1734428745523, 1734428745805, 1734428746128, 1734428746456, 1734428746731, 1734428746731, 1734428747059, 1734428747382, 1734428747662, 1734428747985, 1734428748309, 1734428748588, 1734428748912, 1734428749239, 1734428749563, 1734428749842, 1734428750166, 1734428750447, 1734428750773, 1734428751096, 1734428751421, 1734428751748, 1734428751748, 1734428752025, 1734428752351, 1734428752674, 1734428753002, 1734428753324, 1734428753605, 1734428753929, 1734428754257, 1734428754580, 1734428754907, 1734428755183, 1734428755510, 1734428755833, 1734428756113, 1734428756436, 1734428756761, 1734428757087, 1734428757367, 1734428757690, 1734428757970, 1734428758295, 1734428758618, 1734428758945, 1734428759225, 1734428759547, 1734428759828, 1734428760152, 1734428760431, 1734428760755, 1734428761082, 1734428761360, 1734428761685, 1734428762009, 1734428762336, 1734428762659, 1734428762984, 1734428763309, 1734428763590, 1734428763912, 1734428764238, 1734428764563, 1734428764888, 1734428765166, 1734428765492, 1734428765817, 1734428766142, 1734428766423, 1734428766748, 1734428766748, 1734428767025, 1734428767350, 1734428767674, 1734428768000, 1734428768279, 1734428768603, 1734428768929, 1734428769255, 1734428769534, 1734428769858, 1734428770183, 1734428770507, 1734428770832, 1734428771112, 1734428771438, 1734428771765, 1734428772089, 1734428772411, 1734428772737, 1734428772737, 1734428773017, 1734428773341, 1734428773666, 1734428773991, 1734428774316, 1734428774642, 1734428774922, 1734428775246, 1734428775570, 1734428775851, 1734428776173, 1734428776502, 1734428776782, 1734428777105, 1734428777385, 1734428777708, 1734428777708, 1734428778030, 1734428778311, 1734428778636, 1734428778962, 1734428779285, 1734428779613, 1734428779936, 1734428780216, 1734428780539, 1734428780867, 1734428781142, 1734428781470, 1734428781793, 1734428782074, 1734428782396, 1734428782722, 1734428782722, 1734428783001, 1734428783327, 1734428783652, 1734428783976, 1734428784301, 1734428784582, 1734428784906, 1734428785185, 1734428785507, 1734428785835, 1734428786159, 1734428786484, 1734428786762, 1734428787087, 1734428787413, 1734428787736, 1734428787737, 1734428788016, 1734428788342, 1734428788667, 1734428788992, 1734428789318, 1734428789641, 1734428789966, 1734428790292, 1734428790616, 1734428790894, 1734428791223, 1734428791546, 1734428791823, 1734428792149, 1734428792475, 1734428792753, 1734428793077, 1734428793402, 1734428793683, 1734428794007, 1734428794333, 1734428794610, 1734428794985, 1734428795262, 1734428795632, 1734428795910, 1734428796239, 1734428796560, 1734428796889, 1734428797211, 1734428797491, 1734428797814, 1734428798140, 1734428798465, 1734428798744, 1734428798744, 1734428799071, 1734428799394, 1734428799675, 1734428799997, 1734428800323, 1734428800648, 1734428800927, 1734428801252, 
end timestamps: 1734428711653, 1734428711974, 1734428712288, 1734428712601, 1734428712924, 1734428713227, 1734428713536, 1734428713858, 1734428714175, 1734428714486, 1734428714799, 1734428715107, 1734428715418, 1734428715730, 1734428716043, 1734428716361, 1734428716677, 1734428716990, 1734428717312, 1734428717632, 1734428717949, 1734428718259, 1734428718568, 1734428718884, 1734428719188, 1734428719496, 1734428719809, 1734428720121, 1734428720427, 1734428720734, 1734428721039, 1734428721348, 1734428721655, 1734428721970, 1734428722279, 1734428722594, 1734428722903, 1734428723214, 1734428723552, 1734428723864, 1734428724181, 1734428724493, 1734428724805, 1734428725117, 1734428725431, 1734428725749, 1734428726071, 1734428726392, 1734428726702, 1734428727014, 1734428727324, 1734428727656, 1734428727965, 1734428728276, 1734428728588, 1734428728902, 1734428729213, 1734428729537, 1734428729853, 1734428730160, 1734428730463, 1734428730765, 1734428731069, 1734428731376, 1734428731688, 1734428731993, 1734428732311, 1734428732619, 1734428732939, 1734428733260, 1734428733571, 1734428733884, 1734428734191, 1734428734494, 1734428734801, 1734428735114, 1734428735422, 1734428735737, 1734428736049, 1734428736353, 1734428736663, 1734428736973, 1734428737280, 1734428737603, 1734428737909, 1734428738215, 1734428738532, 1734428738848, 1734428739158, 1734428739476, 1734428739786, 1734428740119, 1734428740427, 1734428740741, 1734428741070, 1734428741381, 1734428741691, 1734428741997, 1734428742304, 1734428742614, 1734428742923, 1734428743251, 1734428743574, 1734428743880, 1734428744187, 1734428744514, 1734428744830, 1734428745168, 1734428745484, 1734428745791, 1734428746100, 1734428746412, 1734428746727, 1734428747042, 1734428747346, 1734428747650, 1734428747955, 1734428748270, 1734428748583, 1734428748891, 1734428749204, 1734428749521, 1734428749827, 1734428750134, 1734428750447, 1734428750766, 1734428751091, 1734428751401, 1734428751706, 1734428752021, 1734428752348, 1734428752669, 1734428752989, 1734428753297, 1734428753602, 1734428753909, 1734428754220, 1734428754540, 1734428754865, 1734428755173, 1734428755476, 1734428755791, 1734428756100, 1734428756420, 1734428756736, 1734428757052, 1734428757356, 1734428757661, 1734428757968, 1734428758280, 1734428758589, 1734428758898, 1734428759207, 1734428759511, 1734428759817, 1734428760123, 1734428760429, 1734428760740, 1734428761046, 1734428761360, 1734428761665, 1734428761985, 1734428762299, 1734428762614, 1734428762952, 1734428763265, 1734428763574, 1734428763884, 1734428764204, 1734428764526, 1734428764841, 1734428765154, 1734428765470, 1734428765786, 1734428766098, 1734428766414, 1734428766719, 1734428767024, 1734428767334, 1734428767647, 1734428767964, 1734428768278, 1734428768584, 1734428768895, 1734428769211, 1734428769527, 1734428769854, 1734428770172, 1734428770478, 1734428770796, 1734428771104, 1734428771409, 1734428771731, 1734428772049, 1734428772377, 1734428772698, 1734428773011, 1734428773325, 1734428773642, 1734428773964, 1734428774293, 1734428774601, 1734428774903, 1734428775219, 1734428775534, 1734428775845, 1734428776153, 1734428776459, 1734428776763, 1734428777072, 1734428777379, 1734428777690, 1734428777997, 1734428778303, 1734428778610, 1734428778950, 1734428779276, 1734428779589, 1734428779894, 1734428780199, 1734428780509, 1734428780822, 1734428781133, 1734428781441, 1734428781751, 1734428782060, 1734428782376, 1734428782683, 1734428782994, 1734428783315, 1734428783627, 1734428783943, 1734428784259, 1734428784569, 1734428784873, 1734428785179, 1734428785497, 1734428785823, 1734428786133, 1734428786445, 1734428786757, 1734428787073, 1734428787386, 1734428787704, 1734428788015, 1734428788328, 1734428788660, 1734428788977, 1734428789297, 1734428789612, 1734428789930, 1734428790256, 1734428790580, 1734428790892, 1734428791200, 1734428791505, 1734428791810, 1734428792116, 1734428792430, 1734428792742, 1734428793056, 1734428793365, 1734428793673, 1734428793983, 1734428794293, 1734428794605, 1734428794949, 1734428795261, 1734428795591, 1734428795902, 1734428796216, 1734428796531, 1734428796845, 1734428797184, 1734428797490, 1734428797799, 1734428798110, 1734428798430, 1734428798739, 1734428799051, 1734428799356, 1734428799663, 1734428799975, 1734428800290, 1734428800606, 1734428800916, 1734428801223, 1734428801543, 
Plugin Incoming Benchmark | start
size of start timestamps: 272
size of end timestamps: 280
latency: 312, 5, 8, 22, 22, 12, 37, 1, 37, 7, 16, 32, 2, 12, 20, 32, 40, 8, -8, 27, 13, 16, 29, 42, 9, -33, 12, -310, -304, -284, -309, -656, -759, -774, -769, -669, -616, -629, -683, -678, -691, -702, -734, -724, -636, -642, -672, -676, -686, -650, -638, -645, -652, -685, -693, -696, -636, -641, -698, -713, -721, -658, -658, -619, -686, -722, -682, -704, -648, -631, -708, -704, -699, -603, -646, -663, -701, -727, -697, -710, -661, -614, -611, -650, -632, -688, -717, -676, -704, -666, -674, -635, -652, -670, -664, -694, -641, -700, -665, -655, -669, -628, -639, -620, -639, -629, -717, -674, -670, -625, -620, -630, -617, -629, -623, -631, -639, -656, -649, -707, -701, -697, -595, -637, -653, -650, -607, -643, -646, -644, -643, -718, -727, -708, -629, -619, -657, -617, -623, -605, -598, -619, -661, -673, -662, -713, -659, -678, -703, -697, -644, -659, -663, -657, -618, -722, -751, -730, -586, -625, -620, -621, -646, -668, -751, -734, -714, -650, -654, -712, -720, -742, -634, -625, -615, -636, -623, -636, -660, -666, -669, -651, -650, -648, -656, -690, -630, -662, -646, -641, -638, -667, -696, -709, -673, -707, -697, -678, -713, -718, -696, -632, -645, -699, -731, -689, -629, -653, -661, -693, -701, -666, -664, -690, -662, -688, -710, -1051, -1041, -994, -1052, -1364, -1326, -1318, -1305, -1240, -1228, -1223, -1225, -1265, -1297, -1658, -1662, -1681, -1691, -1721, -1677, -1648, -1971, -1958, -1909, -1914, -2257, -2302, -2265, -2277, -2626, -2626, -2702, -2710, -2699, -2668, -2655, -2655, -2736, -2673, -2662, -2717, -2686, -2701, -2702, -2717, -2760, -2656, -2663, -2730, -2629, -2641, -2987, -2949, -3038, -2991, 
start timestamps: 1734428711403, 1734428711710, 1734428712030, 1734428712342, 1734428712668, 1734428713002, 1734428713306, 1734428713616, 1734428713953, 1734428714264, 1734428714577, 1734428714887, 1734428715196, 1734428715509, 1734428715828, 1734428716141, 1734428716459, 1734428716768, 1734428717111, 1734428717446, 1734428717785, 1734428718108, 1734428718420, 1734428718732, 1734428719043, 1734428719413, 1734428719738, 1734428720060, 1734428720377, 1734428720685, 1734428721032, 1734428721380, 1734428721763, 1734428722148, 1734428722467, 1734428722785, 1734428723104, 1734428723443, 1734428723822, 1734428724142, 1734428724481, 1734428724865, 1734428725220, 1734428725536, 1734428725867, 1734428726196, 1734428726550, 1734428726881, 1734428727215, 1734428727549, 1734428727865, 1734428728194, 1734428728529, 1734428728885, 1734428729221, 1734428729547, 1734428729859, 1734428730190, 1734428730569, 1734428730913, 1734428731243, 1734428731552, 1734428731879, 1734428732210, 1734428732555, 1734428732916, 1734428733248, 1734428733597, 1734428733911, 1734428734219, 1734428734622, 1734428734941, 1734428735264, 1734428735586, 1734428735906, 1734428736249, 1734428736612, 1734428736964, 1734428737305, 1734428737641, 1734428737963, 1734428738291, 1734428738610, 1734428738930, 1734428739283, 1734428739616, 1734428739970, 1734428740300, 1734428740654, 1734428740987, 1734428741322, 1734428741654, 1734428741998, 1734428742337, 1734428742660, 1734428743016, 1734428743332, 1734428743671, 1734428744006, 1734428744322, 1734428744661, 1734428744992, 1734428745325, 1734428745635, 1734428745976, 1734428746297, 1734428746660, 1734428746987, 1734428747312, 1734428747637, 1734428747954, 1734428748292, 1734428748602, 1734428748938, 1734428749259, 1734428749591, 1734428749926, 1734428750266, 1734428750587, 1734428750967, 1734428751287, 1734428751608, 1734428751924, 1734428752246, 1734428752586, 1734428752908, 1734428753235, 1734428753551, 1734428753881, 1734428754201, 1734428754524, 1734428754927, 1734428755259, 1734428755567, 1734428755906, 1734428756221, 1734428756537, 1734428756868, 1734428757198, 1734428757506, 1734428757824, 1734428758172, 1734428758490, 1734428758829, 1734428759188, 1734428759519, 1734428759836, 1734428760179, 1734428760531, 1734428760849, 1734428761166, 1734428761508, 1734428761836, 1734428762157, 1734428762488, 1734428762917, 1734428763224, 1734428763532, 1734428763849, 1734428764167, 1734428764486, 1734428764814, 1734428765164, 1734428765509, 1734428765873, 1734428766226, 1734428766578, 1734428766885, 1734428767214, 1734428767597, 1734428767931, 1734428768278, 1734428768588, 1734428768904, 1734428769218, 1734428769565, 1734428769878, 1734428770216, 1734428770564, 1734428770896, 1734428771224, 1734428771576, 1734428771901, 1734428772225, 1734428772558, 1734428772916, 1734428773227, 1734428773539, 1734428773893, 1734428774213, 1734428774536, 1734428774891, 1734428775243, 1734428775583, 1734428775919, 1734428776277, 1734428776595, 1734428776946, 1734428777304, 1734428777638, 1734428777986, 1734428778292, 1734428778633, 1734428779010, 1734428779367, 1734428779695, 1734428780009, 1734428780357, 1734428780692, 1734428781047, 1734428781383, 1734428781719, 1734428782039, 1734428782389, 1734428782736, 1734428783084, 1734428783432, 1734428783773, 1734428784089, 1734428784413, 1734428784798, 1734428785110, 1734428785442, 1734428785758, 1734428786069, 1734428786377, 1734428786690, 1734428787011, 1734428787336, 1734428787657, 1734428788012, 1734428788373, 1734428788702, 1734428789046, 1734428789384, 1734428789690, 1734428790019, 1734428790363, 1734428790686, 1734428790995, 1734428791317, 1734428791650, 1734428791993, 1734428792316, 1734428792649, 1734428792987, 1734428793337, 1734428793661, 1734428794015, 1734428794348, 1734428794663, 1734428795003, 1734428795315, 1734428795639, 1734428796046, 1734428796356, 1734428796669, 1734428797050, 1734428797390, 1734428797730, 1734428798057, 1734428798396, 1734428798718, 1734428799032, 1734428799363, 1734428799711, 1734428800025, 1734428800363, 1734428800709, 1734428801042, 1734428801410, 1734428801735, 
end timestamps: 1734428711715, 1734428711715, 1734428712038, 1734428712364, 1734428712690, 1734428713014, 1734428713343, 1734428713617, 1734428713990, 1734428714271, 1734428714593, 1734428714919, 1734428715198, 1734428715521, 1734428715848, 1734428716173, 1734428716499, 1734428716776, 1734428717103, 1734428717473, 1734428717798, 1734428718124, 1734428718449, 1734428718774, 1734428719052, 1734428719380, 1734428719750, 1734428719750, 1734428720073, 1734428720401, 1734428720723, 1734428720724, 1734428721004, 1734428721374, 1734428721698, 1734428722116, 1734428722488, 1734428722814, 1734428723139, 1734428723464, 1734428723790, 1734428724163, 1734428724486, 1734428724812, 1734428725231, 1734428725554, 1734428725878, 1734428726205, 1734428726529, 1734428726899, 1734428727227, 1734428727549, 1734428727877, 1734428728200, 1734428728528, 1734428728851, 1734428729223, 1734428729549, 1734428729871, 1734428730200, 1734428730522, 1734428730894, 1734428731221, 1734428731591, 1734428731869, 1734428732194, 1734428732566, 1734428732893, 1734428733263, 1734428733588, 1734428733914, 1734428734237, 1734428734565, 1734428734983, 1734428735260, 1734428735586, 1734428735911, 1734428736237, 1734428736608, 1734428736931, 1734428737302, 1734428737677, 1734428737999, 1734428738280, 1734428738651, 1734428738928, 1734428739253, 1734428739624, 1734428739950, 1734428740321, 1734428740648, 1734428741019, 1734428741346, 1734428741667, 1734428741996, 1734428742322, 1734428742691, 1734428742971, 1734428743341, 1734428743667, 1734428743992, 1734428744364, 1734428744686, 1734428745015, 1734428745337, 1734428745668, 1734428745943, 1734428746313, 1734428746642, 1734428747012, 1734428747334, 1734428747662, 1734428747985, 1734428748309, 1734428748636, 1734428748960, 1734428749287, 1734428749610, 1734428749938, 1734428750260, 1734428750586, 1734428750911, 1734428751329, 1734428751609, 1734428751933, 1734428752258, 1734428752628, 1734428752908, 1734428753235, 1734428753557, 1734428753881, 1734428754209, 1734428754532, 1734428754859, 1734428755277, 1734428755602, 1734428755880, 1734428756251, 1734428756575, 1734428756901, 1734428757226, 1734428757553, 1734428757829, 1734428758156, 1734428758526, 1734428758806, 1734428759177, 1734428759501, 1734428759828, 1734428760152, 1734428760522, 1734428760849, 1734428761173, 1734428761500, 1734428761870, 1734428762195, 1734428762473, 1734428762802, 1734428763263, 1734428763542, 1734428763866, 1734428764193, 1734428764518, 1734428764841, 1734428765122, 1734428765492, 1734428765864, 1734428766235, 1734428766560, 1734428766885, 1734428767211, 1734428767536, 1734428767954, 1734428768279, 1734428768603, 1734428768929, 1734428769255, 1734428769580, 1734428769904, 1734428770230, 1734428770555, 1734428770925, 1734428771251, 1734428771577, 1734428771902, 1734428772226, 1734428772597, 1734428772877, 1734428773247, 1734428773572, 1734428773898, 1734428774224, 1734428774547, 1734428774874, 1734428775246, 1734428775570, 1734428775898, 1734428776268, 1734428776591, 1734428776920, 1734428777290, 1734428777660, 1734428777988, 1734428778311, 1734428778636, 1734428779006, 1734428779380, 1734428779704, 1734428780031, 1734428780354, 1734428780682, 1734428781053, 1734428781375, 1734428781699, 1734428782074, 1734428782396, 1734428782722, 1734428782722, 1734428783048, 1734428783419, 1734428783746, 1734428783746, 1734428784116, 1734428784440, 1734428784764, 1734428785137, 1734428785462, 1734428785788, 1734428786111, 1734428786392, 1734428786715, 1734428786715, 1734428787040, 1734428787365, 1734428787693, 1734428787969, 1734428788342, 1734428788715, 1734428788715, 1734428789037, 1734428789408, 1734428789736, 1734428789736, 1734428790014, 1734428790384, 1734428790710, 1734428790711, 1734428791035, 1734428791313, 1734428791638, 1734428791964, 1734428792335, 1734428792660, 1734428792984, 1734428793310, 1734428793683, 1734428794007, 1734428794333, 1734428794704, 1734428795029, 1734428795355, 1734428795679, 1734428795958, 1734428796376, 1734428796700, 1734428796981, 1734428797396, 1734428797722, 1734428797722, 1734428798093, 1734428798372, 1734428798744, 1734428798744, 1734428799071, 1734428799347, 1734428799675, 1734428800045, 1734428800369, 1734428800693, 1734428801019, 
