
**********************************************************
ConnectDAWs File Logger | only the ConnectionManagerThread will write to this file to avoid blocking calls inside the audio thread.
Log started: 17 Dec 2024 10:48:54am

Network Benchmark | start
size of start timestamps: 269
size of end timestamps: 269
latency: 321, 343, 393, 442, 462, 443, 428, 418, 425, 435, 445, 453, 425, 412, 423, 454, 458, 448, 370, 335, 316, 329, 334, 334, 328, 332, 327, 325, 345, 352, 328, 315, 322, 323, 337, 337, 346, 320, 317, 314, 319, 332, 320, 348, 319, 357, 362, 348, 315, 313, 319, 321, 317, 325, 316, 315, 332, 322, 311, 341, 310, 313, 312, 324, 316, 323, 339, 324, 322, 324, 316, 335, 337, 322, 328, 331, 322, 329, 316, 316, 339, 317, 323, 324, 345, 357, 364, 345, 312, 313, 317, 332, 376, 353, 320, 317, 316, 328, 313, 330, 324, 313, 324, 342, 337, 331, 346, 318, 319, 327, 339, 336, 318, 371, 363, 366, 371, 363, 318, 370, 358, 356, 355, 323, 341, 317, 320, 319, 316, 313, 329, 325, 314, 317, 317, 337, 322, 317, 320, 331, 369, 331, 323, 318, 319, 343, 331, 324, 317, 320, 313, 322, 316, 323, 324, 317, 335, 315, 321, 325, 329, 346, 334, 344, 322, 318, 317, 333, 321, 315, 323, 334, 317, 407, 358, 343, 334, 322, 311, 324, 324, 326, 351, 353, 314, 338, 327, 324, 315, 320, 332, 337, 341, 354, 318, 313, 326, 338, 344, 346, 341, 343, 336, 352, 413, 407, 383, 335, 318, 328, 349, 343, 357, 342, 328, 323, 316, 331, 310, 316, 325, 316, 318, 314, 327, 315, 328, 349, 327, 321, 328, 315, 328, 403, 354, 314, 326, 322, 328, 347, 332, 316, 320, 333, 325, 319, 318, 326, 323, 324, 319, 322, 316, 313, 329, 332, 329, 315, 320, 317, 331, 312, 312, 365, 362, 360, 415, 376, 336, 
start timestamps: 1734428845360, 1734428845670, 1734428845956, 1734428846241, 1734428846548, 1734428846871, 1734428847192, 1734428847519, 1734428847826, 1734428848138, 1734428848431, 1734428848738, 1734428849073, 1734428849396, 1734428849700, 1734428850000, 1734428850304, 1734428850626, 1734428851011, 1734428851351, 1734428851705, 1734428852021, 1734428852327, 1734428852645, 1734428852981, 1734428853306, 1734428853647, 1734428854005, 1734428854319, 1734428854625, 1734428854958, 1734428855279, 1734428855613, 1734428855933, 1734428856264, 1734428856600, 1734428856936, 1734428857269, 1734428857588, 1734428857907, 1734428858221, 1734428858559, 1734428858877, 1734428859219, 1734428859564, 1734428859871, 1734428860177, 1734428860528, 1734428860890, 1734428861207, 1734428861518, 1734428861853, 1734428862181, 1734428862503, 1734428862882, 1734428863212, 1734428863544, 1734428863871, 1734428864205, 1734428864543, 1734428864898, 1734428865260, 1734428865577, 1734428865916, 1734428866229, 1734428866551, 1734428866872, 1734428867195, 1734428867525, 1734428867831, 1734428868155, 1734428868494, 1734428868805, 1734428869127, 1734428869480, 1734428869831, 1734428870184, 1734428870524, 1734428870850, 1734428871172, 1734428871512, 1734428871906, 1734428872230, 1734428872538, 1734428872861, 1734428873169, 1734428873481, 1734428873823, 1734428874214, 1734428874537, 1734428874846, 1734428875185, 1734428875533, 1734428875866, 1734428876290, 1734428876622, 1734428876958, 1734428877301, 1734428877633, 1734428878000, 1734428878329, 1734428878677, 1734428879060, 1734428879388, 1734428879714, 1734428880065, 1734428880377, 1734428880736, 1734428881052, 1734428881393, 1734428881695, 1734428882002, 1734428882358, 1734428882684, 1734428883039, 1734428883358, 1734428883661, 1734428883973, 1734428884343, 1734428884698, 1734428885054, 1734428885419, 1734428885727, 1734428886090, 1734428886434, 1734428886768, 1734428887113, 1734428887445, 1734428887766, 1734428888078, 1734428888412, 1734428888764, 1734428889090, 1734428889415, 1734428889750, 1734428890066, 1734428890393, 1734428890713, 1734428891062, 1734428891368, 1734428891669, 1734428892068, 1734428892402, 1734428892761, 1734428893095, 1734428893404, 1734428893732, 1734428894105, 1734428894433, 1734428894739, 1734428895061, 1734428895393, 1734428895710, 1734428896066, 1734428896411, 1734428896737, 1734428897092, 1734428897433, 1734428897747, 1734428898051, 1734428898374, 1734428898725, 1734428899054, 1734428899365, 1734428899693, 1734428900015, 1734428900338, 1734428900698, 1734428901048, 1734428901385, 1734428901703, 1734428902002, 1734428902328, 1734428902683, 1734428903047, 1734428903378, 1734428903727, 1734428904053, 1734428904394, 1734428904729, 1734428905058, 1734428905392, 1734428905717, 1734428906019, 1734428906381, 1734428906708, 1734428907045, 1734428907387, 1734428907706, 1734428908022, 1734428908367, 1734428908679, 1734428908996, 1734428909298, 1734428909648, 1734428909979, 1734428910298, 1734428910607, 1734428910910, 1734428911232, 1734428911552, 1734428911931, 1734428912263, 1734428912575, 1734428912904, 1734428913230, 1734428913558, 1734428913920, 1734428914274, 1734428914581, 1734428914888, 1734428915219, 1734428915544, 1734428915868, 1734428916189, 1734428916548, 1734428916872, 1734428917200, 1734428917542, 1734428917922, 1734428918229, 1734428918561, 1734428918905, 1734428919260, 1734428919710, 1734428920068, 1734428920384, 1734428920743, 1734428921092, 1734428921442, 1734428921770, 1734428922088, 1734428922415, 1734428922750, 1734428923126, 1734428923482, 1734428923789, 1734428924117, 1734428924456, 1734428924787, 1734428925119, 1734428925443, 1734428925782, 1734428926118, 1734428926448, 1734428926797, 1734428927108, 1734428927448, 1734428927775, 1734428928141, 1734428928476, 1734428928831, 1734428929148, 1734428929465, 1734428929814, 1734428930153, 1734428930473, 1734428930812, 1734428931151, 1734428931460, 1734428931817, 1734428932179, 1734428932508, 1734428932853, 1734428933166, 1734428933472, 1734428933794, 1734428934152, 1734428934501, 
end timestamps: 1734428845681, 1734428846013, 1734428846349, 1734428846683, 1734428847010, 1734428847314, 1734428847620, 1734428847937, 1734428848251, 1734428848573, 1734428848876, 1734428849191, 1734428849498, 1734428849808, 1734428850123, 1734428850454, 1734428850762, 1734428851074, 1734428851381, 1734428851686, 1734428852021, 1734428852350, 1734428852661, 1734428852979, 1734428853309, 1734428853638, 1734428853974, 1734428854330, 1734428854664, 1734428854977, 1734428855286, 1734428855594, 1734428855935, 1734428856256, 1734428856601, 1734428856937, 1734428857282, 1734428857589, 1734428857905, 1734428858221, 1734428858540, 1734428858891, 1734428859197, 1734428859567, 1734428859883, 1734428860228, 1734428860539, 1734428860876, 1734428861205, 1734428861520, 1734428861837, 1734428862174, 1734428862498, 1734428862828, 1734428863198, 1734428863527, 1734428863876, 1734428864193, 1734428864516, 1734428864884, 1734428865208, 1734428865573, 1734428865889, 1734428866240, 1734428866545, 1734428866874, 1734428867211, 1734428867519, 1734428867847, 1734428868155, 1734428868471, 1734428868829, 1734428869142, 1734428869449, 1734428869808, 1734428870162, 1734428870506, 1734428870853, 1734428871166, 1734428871488, 1734428871851, 1734428872223, 1734428872553, 1734428872862, 1734428873206, 1734428873526, 1734428873845, 1734428874168, 1734428874526, 1734428874850, 1734428875163, 1734428875517, 1734428875909, 1734428876219, 1734428876610, 1734428876939, 1734428877274, 1734428877629, 1734428877946, 1734428878330, 1734428878653, 1734428878990, 1734428879384, 1734428879730, 1734428880051, 1734428880396, 1734428880723, 1734428881054, 1734428881371, 1734428881720, 1734428882034, 1734428882338, 1734428882676, 1734428883055, 1734428883402, 1734428883724, 1734428884032, 1734428884336, 1734428884661, 1734428885068, 1734428885412, 1734428885775, 1734428886082, 1734428886413, 1734428886775, 1734428887085, 1734428887433, 1734428887764, 1734428888082, 1734428888391, 1734428888741, 1734428889089, 1734428889404, 1734428889732, 1734428890067, 1734428890403, 1734428890715, 1734428891030, 1734428891382, 1734428891699, 1734428892038, 1734428892399, 1734428892725, 1734428893079, 1734428893414, 1734428893747, 1734428894063, 1734428894429, 1734428894750, 1734428895059, 1734428895374, 1734428895715, 1734428896026, 1734428896389, 1734428896735, 1734428897054, 1734428897427, 1734428897748, 1734428898068, 1734428898376, 1734428898703, 1734428899071, 1734428899388, 1734428899709, 1734428900015, 1734428900333, 1734428900655, 1734428901031, 1734428901369, 1734428901700, 1734428902026, 1734428902336, 1734428902645, 1734428903090, 1734428903405, 1734428903721, 1734428904061, 1734428904375, 1734428904705, 1734428905053, 1734428905382, 1734428905718, 1734428906068, 1734428906372, 1734428906695, 1734428907046, 1734428907372, 1734428907711, 1734428908021, 1734428908342, 1734428908699, 1734428909016, 1734428909337, 1734428909652, 1734428909966, 1734428910292, 1734428910624, 1734428910945, 1734428911254, 1734428911578, 1734428911893, 1734428912274, 1734428912599, 1734428912927, 1734428913317, 1734428913637, 1734428913941, 1734428914255, 1734428914592, 1734428914909, 1734428915237, 1734428915562, 1734428915901, 1734428916210, 1734428916517, 1734428916871, 1734428917188, 1734428917531, 1734428917852, 1734428918238, 1734428918554, 1734428918877, 1734428919223, 1734428919574, 1734428920037, 1734428920383, 1734428920712, 1734428921092, 1734428921419, 1734428921763, 1734428922098, 1734428922403, 1734428922743, 1734428923153, 1734428923480, 1734428923796, 1734428924115, 1734428924439, 1734428924784, 1734428925134, 1734428925451, 1734428925759, 1734428926102, 1734428926451, 1734428926773, 1734428927116, 1734428927426, 1734428927774, 1734428928098, 1734428928465, 1734428928795, 1734428929153, 1734428929464, 1734428929778, 1734428930143, 1734428930485, 1734428930802, 1734428931127, 1734428931471, 1734428931777, 1734428932148, 1734428932491, 1734428932820, 1734428933218, 1734428933528, 1734428933832, 1734428934209, 1734428934528, 1734428934837, 
Plugin Outgoing Benchmark | start
size of start timestamps: 313
size of end timestamps: 287
latency: 324, 604, 944, 1248, 1514, 1774, 2038, 2312, 2580, 2852, 3113, 3377, 3640, 3767, 3759, 3774, 3752, 3737, 3766, 3756, 3739, 3725, 3710, 3744, 3729, 3709, 3736, 3671, 3704, 3692, 3680, 3709, 3694, 3681, 3708, 3695, 3676, 3735, 3715, 3743, 3727, 3721, 3715, 3741, 4058, 4049, 4061, 4099, 4108, 4095, 4081, 4064, 4101, 4090, 4071, 4053, 4073, 4055, 4037, 4022, 4010, 3993, 3978, 4003, 4309, 4295, 4281, 4263, 4581, 4631, 4606, 4638, 4626, 4653, 4642, 4621, 4604, 4629, 4614, 4642, 4631, 4605, 4909, 4944, 4930, 4915, 4902, 4929, 4910, 4900, 4928, 4929, 4903, 4935, 4913, 4944, 4934, 4924, 4974, 4951, 4933, 4963, 4953, 4941, 4969, 4956, 4940, 4923, 4955, 5283, 5267, 5298, 5285, 5273, 5254, 5246, 5279, 5256, 5282, 5258, 5248, 5278, 5261, 5246, 5272, 5265, 5579, 5587, 5588, 5576, 5608, 5601, 5601, 5635, 5617, 5596, 5621, 5601, 5638, 5632, 5943, 5932, 5964, 5960, 5953, 5942, 5952, 5936, 5920, 5951, 5930, 5923, 5914, 5941, 5925, 5918, 5954, 5944, 5925, 5952, 5942, 5931, 5915, 5900, 5928, 5867, 5906, 5894, 5884, 5923, 5912, 5899, 5935, 5924, 5910, 5896, 5930, 5912, 5894, 5953, 5957, 5941, 5918, 5947, 5926, 5917, 5947, 5948, 5943, 5920, 5899, 5927, 6252, 6235, 6214, 6240, 6238, 6219, 6247, 6182, 6165, 6197, 6179, 6162, 6199, 6177, 6156, 6148, 6176, 6487, 6470, 6461, 6493, 6490, 6481, 6517, 6504, 6479, 6522, 6501, 6489, 6515, 6514, 6495, 6522, 6520, 6830, 6814, 6845, 6829, 6859, 6844, 6822, 6801, 6843, 6828, 6812, 6803, 6791, 6835, 7143, 7135, 7170, 7163, 7164, 7146, 7174, 7170, 7156, 7149, 7178, 7159, 7155, 7189, 7180, 7207, 7188, 7490, 7472, 7461, 7491, 7472, 7456, 7454, 7495, 7488, 7474, 7459, 7443, 7481, 7476, 7462, 7449, 7479, 7782, 7758, 7737, 7716, 8017, 8044, 8020, 8001, 8026, 8005, 8029, 8023, 8001, 
start timestamps: 1734428845351, 1734428845399, 1734428845399, 1734428845444, 1734428845491, 1734428845539, 1734428845584, 1734428845629, 1734428845677, 1734428845724, 1734428845772, 1734428845815, 1734428845861, 1734428846047, 1734428846375, 1734428846697, 1734428847026, 1734428847348, 1734428847626, 1734428847952, 1734428848277, 1734428848602, 1734428848928, 1734428849205, 1734428849530, 1734428849856, 1734428850135, 1734428850507, 1734428850787, 1734428851110, 1734428851437, 1734428851714, 1734428852040, 1734428852363, 1734428852644, 1734428852968, 1734428853295, 1734428853571, 1734428853898, 1734428854179, 1734428854503, 1734428854825, 1734428855152, 1734428855433, 1734428855433, 1734428855755, 1734428856079, 1734428856358, 1734428856682, 1734428857010, 1734428857333, 1734428857660, 1734428857940, 1734428858263, 1734428858590, 1734428858913, 1734428859195, 1734428859517, 1734428859841, 1734428860168, 1734428860492, 1734428860819, 1734428861141, 1734428861422, 1734428861422, 1734428861745, 1734428862070, 1734428862397, 1734428862397, 1734428862673, 1734428863000, 1734428863277, 1734428863603, 1734428863885, 1734428864207, 1734428864535, 1734428864858, 1734428865138, 1734428865461, 1734428865742, 1734428866064, 1734428866393, 1734428866393, 1734428866667, 1734428866996, 1734428867318, 1734428867642, 1734428867922, 1734428868250, 1734428868573, 1734428868853, 1734428869176, 1734428869504, 1734428869779, 1734428870107, 1734428870388, 1734428870710, 1734428871038, 1734428871313, 1734428871642, 1734428871963, 1734428872244, 1734428872566, 1734428872890, 1734428873169, 1734428873498, 1734428873821, 1734428874144, 1734428874424, 1734428874424, 1734428874752, 1734428875027, 1734428875354, 1734428875676, 1734428876005, 1734428876327, 1734428876605, 1734428876934, 1734428877209, 1734428877537, 1734428877860, 1734428878139, 1734428878465, 1734428878789, 1734428879068, 1734428879392, 1734428879392, 1734428879720, 1734428880045, 1734428880367, 1734428880647, 1734428880973, 1734428881298, 1734428881575, 1734428881901, 1734428882226, 1734428882504, 1734428882829, 1734428883110, 1734428883432, 1734428883433, 1734428883758, 1734428884037, 1734428884361, 1734428884687, 1734428885012, 1734428885339, 1734428885661, 1734428885989, 1734428886266, 1734428886593, 1734428886916, 1734428887241, 1734428887522, 1734428887847, 1734428888170, 1734428888450, 1734428888773, 1734428889098, 1734428889379, 1734428889704, 1734428890027, 1734428890355, 1734428890678, 1734428890958, 1734428891327, 1734428891606, 1734428891932, 1734428892257, 1734428892535, 1734428892860, 1734428893186, 1734428893466, 1734428893789, 1734428894115, 1734428894440, 1734428894718, 1734428895043, 1734428895368, 1734428895647, 1734428895971, 1734428896297, 1734428896624, 1734428896900, 1734428897227, 1734428897551, 1734428897830, 1734428898157, 1734428898480, 1734428898805, 1734428899131, 1734428899410, 1734428899410, 1734428899734, 1734428900059, 1734428900337, 1734428900662, 1734428900988, 1734428901269, 1734428901639, 1734428901964, 1734428902240, 1734428902567, 1734428902893, 1734428903171, 1734428903496, 1734428903822, 1734428904147, 1734428904425, 1734428904425, 1734428904750, 1734428905075, 1734428905356, 1734428905679, 1734428906003, 1734428906282, 1734428906607, 1734428906935, 1734428907210, 1734428907536, 1734428907860, 1734428908139, 1734428908464, 1734428908790, 1734428909071, 1734428909392, 1734428909393, 1734428909718, 1734428909998, 1734428910321, 1734428910602, 1734428910926, 1734428911250, 1734428911575, 1734428911854, 1734428912181, 1734428912505, 1734428912829, 1734428913156, 1734428913434, 1734428913434, 1734428913759, 1734428914040, 1734428914362, 1734428914687, 1734428915012, 1734428915291, 1734428915617, 1734428915940, 1734428916265, 1734428916545, 1734428916870, 1734428917195, 1734428917474, 1734428917798, 1734428918078, 1734428918402, 1734428918403, 1734428918729, 1734428919052, 1734428919332, 1734428919657, 1734428919982, 1734428920306, 1734428920585, 1734428920911, 1734428921236, 1734428921562, 1734428921886, 1734428922165, 1734428922488, 1734428922816, 1734428923139, 1734428923418, 1734428923418, 1734428923744, 1734428924068, 1734428924394, 1734428924394, 1734428924671, 1734428924998, 1734428925323, 1734428925603, 1734428925926, 1734428926204, 1734428926529, 1734428926854, 1734428927135, 1734428927458, 1734428927786, 1734428928108, 1734428928433, 1734428928433, 1734428928714, 1734428929039, 1734428929361, 1734428929687, 1734428929968, 1734428930291, 1734428930616, 1734428930941, 1734428931219, 1734428931546, 1734428931823, 1734428932151, 1734428932428, 1734428932428, 1734428932752, 1734428933031, 1734428933357, 1734428933636, 1734428933961, 1734428934240, 
end timestamps: 1734428845675, 1734428846003, 1734428846343, 1734428846692, 1734428847005, 1734428847313, 1734428847622, 1734428847941, 1734428848257, 1734428848576, 1734428848885, 1734428849192, 1734428849501, 1734428849814, 1734428850134, 1734428850471, 1734428850778, 1734428851085, 1734428851392, 1734428851708, 1734428852016, 1734428852327, 1734428852638, 1734428852949, 1734428853259, 1734428853565, 1734428853871, 1734428854178, 1734428854491, 1734428854802, 1734428855117, 1734428855423, 1734428855734, 1734428856044, 1734428856352, 1734428856663, 1734428856971, 1734428857306, 1734428857613, 1734428857922, 1734428858230, 1734428858546, 1734428858867, 1734428859174, 1734428859491, 1734428859804, 1734428860140, 1734428860457, 1734428860790, 1734428861105, 1734428861414, 1734428861724, 1734428862041, 1734428862353, 1734428862661, 1734428862966, 1734428863268, 1734428863572, 1734428863878, 1734428864190, 1734428864502, 1734428864812, 1734428865119, 1734428865425, 1734428865731, 1734428866040, 1734428866351, 1734428866660, 1734428866978, 1734428867304, 1734428867606, 1734428867915, 1734428868229, 1734428868538, 1734428868849, 1734428869156, 1734428869462, 1734428869767, 1734428870075, 1734428870384, 1734428870695, 1734428870998, 1734428871302, 1734428871611, 1734428871926, 1734428872233, 1734428872544, 1734428872851, 1734428873160, 1734428873473, 1734428873781, 1734428874105, 1734428874407, 1734428874714, 1734428875020, 1734428875332, 1734428875644, 1734428875962, 1734428876287, 1734428876593, 1734428876896, 1734428877207, 1734428877519, 1734428877831, 1734428878138, 1734428878454, 1734428878761, 1734428879067, 1734428879379, 1734428879707, 1734428880019, 1734428880325, 1734428880639, 1734428880949, 1734428881259, 1734428881573, 1734428881884, 1734428882190, 1734428882491, 1734428882795, 1734428883108, 1734428883417, 1734428883726, 1734428884035, 1734428884340, 1734428884657, 1734428884971, 1734428885307, 1734428885633, 1734428885943, 1734428886255, 1734428886574, 1734428886899, 1734428887210, 1734428887518, 1734428887822, 1734428888125, 1734428888430, 1734428888748, 1734428889064, 1734428889376, 1734428889690, 1734428890001, 1734428890321, 1734428890640, 1734428890954, 1734428891291, 1734428891597, 1734428891909, 1734428892217, 1734428892523, 1734428892839, 1734428893155, 1734428893463, 1734428893772, 1734428894088, 1734428894404, 1734428894717, 1734428895023, 1734428895331, 1734428895646, 1734428895958, 1734428896270, 1734428896578, 1734428896886, 1734428897194, 1734428897512, 1734428897826, 1734428898141, 1734428898458, 1734428898772, 1734428899085, 1734428899401, 1734428899713, 1734428900025, 1734428900336, 1734428900648, 1734428900955, 1734428901262, 1734428901600, 1734428901928, 1734428902238, 1734428902542, 1734428902847, 1734428903153, 1734428903468, 1734428903777, 1734428904105, 1734428904423, 1734428904725, 1734428905030, 1734428905337, 1734428905662, 1734428905969, 1734428906273, 1734428906577, 1734428906900, 1734428907207, 1734428907516, 1734428907821, 1734428908129, 1734428908437, 1734428908746, 1734428909055, 1734428909370, 1734428909673, 1734428909978, 1734428910295, 1734428910601, 1734428910912, 1734428911220, 1734428911536, 1734428911849, 1734428912169, 1734428912484, 1734428912799, 1734428913111, 1734428913414, 1734428913732, 1734428914037, 1734428914349, 1734428914654, 1734428914978, 1734428915285, 1734428915593, 1734428915912, 1734428916223, 1734428916532, 1734428916843, 1734428917150, 1734428917461, 1734428917770, 1734428918072, 1734428918376, 1734428918697, 1734428919009, 1734428919317, 1734428919632, 1734428919947, 1734428920269, 1734428920577, 1734428920894, 1734428921210, 1734428921525, 1734428921851, 1734428922158, 1734428922465, 1734428922787, 1734428923096, 1734428923414, 1734428923723, 1734428924029, 1734428924350, 1734428924663, 1734428924978, 1734428925285, 1734428925590, 1734428925893, 1734428926201, 1734428926513, 1734428926823, 1734428927129, 1734428927438, 1734428927760, 1734428928080, 1734428928399, 1734428928710, 1734428929021, 1734428929329, 1734428929646, 1734428929964, 1734428930278, 1734428930588, 1734428930897, 1734428931200, 1734428931502, 1734428931805, 1734428932110, 1734428932411, 1734428932715, 1734428933018, 1734428933324, 1734428933629, 1734428933931, 1734428934233, 1734428934552, 1734428934855, 
Plugin Incoming Benchmark | start
size of start timestamps: 269
size of end timestamps: 285
latency: 357, 364, 361, 347, 341, 336, 311, 330, 338, 349, 309, 328, 338, 309, 326, 336, 330, 346, 313, 7, 0, 12, 11, 29, 20, 14, 10, -33, 32, 22, 31, 4, -3, -3, -17, 31, 17, 6, 15, 24, 31, -27, 21, 15, 35, 3, 28, -1, 11, 21, 36, -20, 23, 23, -32, 13, 2, 7, -6, -16, 0, -41, 18, 1, 14, 19, 19, 12, 15, 26, 39, -28, 22, 32, -37, -12, 5, -8, 36, -4, -22, -47, 5, 11, 12, 9, 14, 21, -31, 17, 33, -26, -54, -2, -64, 22, 11, -5, 32, -55, 33, 14, -47, -6, -339, -309, -309, -330, -646, -661, -657, -644, -975, -983, -1046, -1039, -1037, -972, -920, -1309, -1311, -1420, -1416, -1411, -1337, -1347, -1693, -1653, -1648, -1635, -1644, -1672, -1624, -1625, -1637, -1672, -2001, -1947, -1972, -1959, -2277, -2327, -2335, -2323, -2378, -2379, -2330, -2693, -2742, -2682, -2625, -2633, -2626, -2656, -3001, -2956, -3031, -3001, -2993, -2979, -2970, -3319, -3331, -3323, -3320, -3634, -3586, -3620, -3597, -3611, -3601, -3641, -3625, -3679, -3681, -3997, -4001, -4004, -4065, -4075, -4034, -3995, -4348, -4339, -4333, -4336, -4395, -4271, -4265, -4302, -4276, -4323, -4268, -4265, -4257, -4587, -4579, -4528, -4574, -4556, -4510, -4541, -4876, -4880, -4956, -4946, -4893, -4919, -4936, -4921, -4923, -4934, -4935, -4928, -4915, -4933, -4979, -4891, -4906, -4962, -4898, -4904, -4970, -5000, -5123, -5158, -5147, -5181, -5162, -5231, -5234, -5184, -5229, -5266, -5264, -5227, -5210, -5212, -5225, -5203, -5060, -5055, -5392, -5401, -5360, -5386, -5695, -5665, -5667, -5708, -5717, -5654, -5646, -5638, -5706, -5676, -5674, -5684, -5697, -5684, -5713, -5703, -5708, -5770, -5762, -5744, -5785, -5730, -5723, 
start timestamps: 1734428845367, 1734428845683, 1734428846014, 1734428846350, 1734428846685, 1734428847012, 1734428847315, 1734428847622, 1734428847939, 1734428848253, 1734428848574, 1734428848878, 1734428849192, 1734428849500, 1734428849809, 1734428850125, 1734428850457, 1734428850764, 1734428851076, 1734428851383, 1734428851714, 1734428852028, 1734428852352, 1734428852663, 1734428852995, 1734428853329, 1734428853655, 1734428854022, 1734428854332, 1734428854665, 1734428854979, 1734428855287, 1734428855621, 1734428855943, 1734428856286, 1734428856608, 1734428856944, 1734428857284, 1734428857597, 1734428857916, 1734428858232, 1734428858569, 1734428858892, 1734428859227, 1734428859573, 1734428859884, 1734428860230, 1734428860541, 1734428860898, 1734428861216, 1734428861526, 1734428861860, 1734428862189, 1734428862512, 1734428862891, 1734428863220, 1734428863553, 1734428863878, 1734428864213, 1734428864551, 1734428864906, 1734428865269, 1734428865586, 1734428865926, 1734428866241, 1734428866559, 1734428866881, 1734428867213, 1734428867535, 1734428867849, 1734428868163, 1734428868511, 1734428868831, 1734428869144, 1734428869493, 1734428869839, 1734428870192, 1734428870533, 1734428870859, 1734428871180, 1734428871521, 1734428871915, 1734428872239, 1734428872555, 1734428872878, 1734428873208, 1734428873527, 1734428873847, 1734428874222, 1734428874545, 1734428874856, 1734428875192, 1734428875593, 1734428875911, 1734428876299, 1734428876630, 1734428876967, 1734428877309, 1734428877642, 1734428878009, 1734428878338, 1734428878684, 1734428879069, 1734428879398, 1734428879731, 1734428880073, 1734428880398, 1734428880745, 1734428881061, 1734428881401, 1734428881722, 1734428882035, 1734428882366, 1734428882743, 1734428883087, 1734428883403, 1734428883726, 1734428884034, 1734428884352, 1734428884742, 1734428885069, 1734428885457, 1734428885777, 1734428886098, 1734428886442, 1734428886777, 1734428887123, 1734428887453, 1734428887775, 1734428888086, 1734428888421, 1734428888773, 1734428889098, 1734428889424, 1734428889759, 1734428890075, 1734428890404, 1734428890720, 1734428891070, 1734428891383, 1734428891701, 1734428892076, 1734428892410, 1734428892769, 1734428893104, 1734428893430, 1734428893749, 1734428894113, 1734428894442, 1734428894752, 1734428895070, 1734428895401, 1734428895719, 1734428896075, 1734428896420, 1734428896745, 1734428897101, 1734428897441, 1734428897756, 1734428898070, 1734428898383, 1734428898733, 1734428899073, 1734428899390, 1734428899710, 1734428900024, 1734428900347, 1734428900707, 1734428901056, 1734428901393, 1734428901711, 1734428902028, 1734428902338, 1734428902763, 1734428903091, 1734428903407, 1734428903735, 1734428904063, 1734428904402, 1734428904737, 1734428905067, 1734428905401, 1734428905754, 1734428906070, 1734428906388, 1734428906718, 1734428907054, 1734428907397, 1734428907713, 1734428908031, 1734428908375, 1734428908700, 1734428909018, 1734428909340, 1734428909656, 1734428909987, 1734428910306, 1734428910625, 1734428910948, 1734428911256, 1734428911580, 1734428911940, 1734428912275, 1734428912601, 1734428913002, 1734428913318, 1734428913638, 1734428913942, 1734428914283, 1734428914594, 1734428914922, 1734428915255, 1734428915582, 1734428915902, 1734428916212, 1734428916556, 1734428916881, 1734428917210, 1734428917550, 1734428917930, 1734428918240, 1734428918570, 1734428918914, 1734428919268, 1734428919718, 1734428920077, 1734428920392, 1734428920751, 1734428921102, 1734428921451, 1734428921779, 1734428922099, 1734428922424, 1734428922832, 1734428923155, 1734428923489, 1734428923798, 1734428924125, 1734428924464, 1734428924813, 1734428925135, 1734428925453, 1734428925791, 1734428926127, 1734428926456, 1734428926807, 1734428927117, 1734428927457, 1734428927784, 1734428928150, 1734428928485, 1734428928840, 1734428929156, 1734428929474, 1734428929822, 1734428930162, 1734428930487, 1734428930822, 1734428931160, 1734428931473, 1734428931825, 1734428932187, 1734428932517, 1734428932905, 1734428933220, 1734428933530, 1734428933893, 1734428934211, 1734428934529, 
end timestamps: 1734428845724, 1734428846047, 1734428846375, 1734428846697, 1734428847026, 1734428847348, 1734428847626, 1734428847952, 1734428848277, 1734428848602, 1734428848883, 1734428849206, 1734428849530, 1734428849809, 1734428850135, 1734428850461, 1734428850787, 1734428851110, 1734428851389, 1734428851390, 1734428851714, 1734428852040, 1734428852363, 1734428852692, 1734428853015, 1734428853343, 1734428853665, 1734428853989, 1734428854364, 1734428854687, 1734428855010, 1734428855291, 1734428855618, 1734428855940, 1734428856269, 1734428856639, 1734428856961, 1734428857290, 1734428857612, 1734428857940, 1734428858263, 1734428858542, 1734428858913, 1734428859242, 1734428859608, 1734428859887, 1734428860258, 1734428860540, 1734428860909, 1734428861237, 1734428861562, 1734428861840, 1734428862212, 1734428862535, 1734428862859, 1734428863233, 1734428863555, 1734428863885, 1734428864207, 1734428864535, 1734428864906, 1734428865228, 1734428865604, 1734428865927, 1734428866255, 1734428866578, 1734428866900, 1734428867225, 1734428867550, 1734428867875, 1734428868202, 1734428868483, 1734428868853, 1734428869176, 1734428869456, 1734428869827, 1734428870197, 1734428870525, 1734428870895, 1734428871176, 1734428871499, 1734428871868, 1734428872244, 1734428872566, 1734428872890, 1734428873217, 1734428873541, 1734428873868, 1734428874191, 1734428874562, 1734428874889, 1734428875166, 1734428875539, 1734428875909, 1734428876235, 1734428876652, 1734428876978, 1734428877304, 1734428877674, 1734428877954, 1734428878371, 1734428878698, 1734428879022, 1734428879392, 1734428879392, 1734428879764, 1734428880089, 1734428880415, 1734428880415, 1734428880740, 1734428881065, 1734428881391, 1734428881391, 1734428881760, 1734428882041, 1734428882364, 1734428882689, 1734428883062, 1734428883432, 1734428883433, 1734428883758, 1734428884037, 1734428884361, 1734428884687, 1734428885105, 1734428885430, 1734428885430, 1734428885800, 1734428886127, 1734428886451, 1734428886777, 1734428887101, 1734428887474, 1734428887799, 1734428888122, 1734428888403, 1734428888403, 1734428888773, 1734428889098, 1734428889424, 1734428889424, 1734428889749, 1734428890075, 1734428890446, 1734428890726, 1734428891051, 1734428891419, 1734428891420, 1734428891700, 1734428892070, 1734428892445, 1734428892768, 1734428893093, 1734428893419, 1734428893419, 1734428893789, 1734428894070, 1734428894440, 1734428894763, 1734428895091, 1734428895413, 1734428895414, 1734428895742, 1734428896067, 1734428896390, 1734428896390, 1734428896761, 1734428897087, 1734428897459, 1734428897782, 1734428898110, 1734428898387, 1734428898713, 1734428899084, 1734428899410, 1734428899410, 1734428899734, 1734428900059, 1734428900337, 1734428900662, 1734428901033, 1734428901406, 1734428901406, 1734428901731, 1734428902055, 1734428902382, 1734428902659, 1734428903126, 1734428903448, 1734428903729, 1734428904099, 1734428904377, 1734428904750, 1734428905075, 1734428905399, 1734428905400, 1734428905727, 1734428906097, 1734428906374, 1734428906700, 1734428907070, 1734428907399, 1734428907399, 1734428907721, 1734428908046, 1734428908372, 1734428908745, 1734428909023, 1734428909347, 1734428909673, 1734428909999, 1734428910321, 1734428910647, 1734428910974, 1734428911297, 1734428911623, 1734428911902, 1734428912319, 1734428912644, 1734428912968, 1734428913342, 1734428913666, 1734428913944, 1734428914268, 1734428914595, 1734428914919, 1734428915245, 1734428915570, 1734428915940, 1734428916220, 1734428916545, 1734428916915, 1734428917195, 1734428917566, 1734428917891, 1734428918262, 1734428918588, 1734428918913, 1734428919239, 1734428919610, 1734428920075, 1734428920398, 1734428920399, 1734428920726, 1734428921096, 1734428921421, 1734428921422, 1734428921792, 1734428922117, 1734428922442, 1734428922768, 1734428923186, 1734428923510, 1734428923836, 1734428924116, 1734428924486, 1734428924813, 1734428925138, 1734428925463, 1734428925789, 1734428926112, 1734428926484, 1734428926809, 1734428927135, 1734428927458, 1734428927786, 1734428928108, 1734428928481, 1734428928806, 1734428929179, 1734428929502, 1734428929780, 1734428930153, 1734428930524, 1734428930804, 1734428931127, 1734428931500, 1734428931778, 1734428932151, 1734428932521, 1734428932844, 1734428933264, 1734428933542, 1734428933867, 1734428934240, 
