
**********************************************************
ConnectDAWs File Logger | only the ConnectionManagerThread will write to this file to avoid blocking calls inside the audio thread.
Log started: 17 Dec 2024 10:35:32am

Network Benchmark | start
size of start timestamps: 271
size of end timestamps: 271
latency: 314, 321, 337, 354, 380, 383, 365, 350, 367, 346, 370, 387, 346, 334, 346, 340, 322, 317, 350, 338, 329, 320, 313, 320, 334, 319, 317, 330, 321, 331, 315, 327, 331, 336, 350, 331, 320, 330, 396, 393, 365, 418, 379, 319, 310, 319, 327, 315, 317, 311, 311, 311, 324, 329, 320, 314, 315, 314, 314, 338, 360, 369, 384, 364, 346, 327, 324, 314, 322, 322, 346, 349, 341, 340, 320, 335, 321, 321, 315, 317, 326, 322, 319, 319, 325, 325, 336, 337, 317, 319, 331, 340, 326, 315, 354, 356, 371, 343, 325, 323, 332, 341, 351, 317, 313, 316, 328, 357, 356, 341, 318, 312, 317, 329, 331, 331, 319, 315, 330, 331, 335, 320, 318, 329, 373, 396, 358, 338, 329, 337, 330, 322, 314, 318, 326, 325, 326, 323, 316, 329, 319, 332, 320, 317, 313, 313, 329, 312, 312, 328, 335, 326, 328, 313, 363, 371, 371, 354, 333, 312, 312, 334, 321, 325, 318, 325, 328, 332, 314, 327, 315, 324, 318, 329, 321, 321, 375, 322, 338, 325, 336, 338, 331, 357, 349, 349, 418, 435, 434, 424, 370, 348, 342, 353, 357, 342, 333, 315, 316, 328, 328, 330, 332, 313, 331, 318, 321, 331, 312, 317, 319, 331, 317, 370, 328, 393, 368, 316, 317, 322, 324, 335, 329, 331, 319, 345, 322, 327, 317, 316, 331, 323, 331, 334, 349, 325, 320, 326, 342, 331, 358, 318, 413, 405, 355, 405, 375, 379, 384, 346, 327, 326, 325, 321, 314, 327, 325, 319, 327, 340, 339, 339, 370, 335, 326, 313, 322, 334, 318, 320, 317, 
start timestamps: 1734428041844, 1734428042163, 1734428042537, 1734428042838, 1734428043140, 1734428043442, 1734428043770, 1734428044097, 1734428044396, 1734428044733, 1734428045026, 1734428045326, 1734428045674, 1734428045993, 1734428046295, 1734428046620, 1734428046996, 1734428047336, 1734428047661, 1734428047990, 1734428048315, 1734428048632, 1734428048947, 1734428049322, 1734428049671, 1734428050028, 1734428050360, 1734428050659, 1734428051017, 1734428051388, 1734428051739, 1734428052074, 1734428052389, 1734428052702, 1734428053085, 1734428053438, 1734428053785, 1734428054111, 1734428054414, 1734428054724, 1734428055060, 1734428055390, 1734428055746, 1734428056110, 1734428056432, 1734428056743, 1734428057070, 1734428057394, 1734428057720, 1734428058084, 1734428058395, 1734428058701, 1734428059031, 1734428059365, 1734428059703, 1734428060041, 1734428060406, 1734428060722, 1734428061063, 1734428061404, 1734428061718, 1734428062024, 1734428062320, 1734428062648, 1734428062977, 1734428063307, 1734428063679, 1734428064033, 1734428064348, 1734428064683, 1734428065042, 1734428065368, 1734428065697, 1734428066009, 1734428066343, 1734428066674, 1734428067030, 1734428067347, 1734428067665, 1734428067969, 1734428068285, 1734428068607, 1734428068933, 1734428069332, 1734428069687, 1734428070012, 1734428070340, 1734428070679, 1734428071012, 1734428071365, 1734428071696, 1734428072004, 1734428072339, 1734428072690, 1734428073011, 1734428073318, 1734428073678, 1734428074024, 1734428074347, 1734428074672, 1734428074978, 1734428075284, 1734428075587, 1734428075949, 1734428076302, 1734428076629, 1734428076966, 1734428077271, 1734428077586, 1734428077918, 1734428078277, 1734428078625, 1734428078961, 1734428079261, 1734428079578, 1734428079945, 1734428080302, 1734428080621, 1734428080920, 1734428081243, 1734428081561, 1734428081886, 1734428082220, 1734428082554, 1734428082879, 1734428083180, 1734428083531, 1734428083861, 1734428084185, 1734428084505, 1734428084854, 1734428085217, 1734428085561, 1734428085897, 1734428086216, 1734428086528, 1734428086843, 1734428087199, 1734428087533, 1734428087868, 1734428088228, 1734428088533, 1734428088877, 1734428089236, 1734428089565, 1734428089938, 1734428090262, 1734428090594, 1734428090970, 1734428091279, 1734428091628, 1734428091953, 1734428092265, 1734428092599, 1734428092929, 1734428093272, 1734428093589, 1734428093926, 1734428094256, 1734428094618, 1734428094951, 1734428095255, 1734428095584, 1734428095936, 1734428096296, 1734428096624, 1734428096935, 1734428097301, 1734428097686, 1734428098021, 1734428098362, 1734428098666, 1734428099000, 1734428099335, 1734428099675, 1734428099984, 1734428100316, 1734428100683, 1734428101039, 1734428101379, 1734428101721, 1734428102034, 1734428102373, 1734428102720, 1734428103039, 1734428103386, 1734428103733, 1734428104033, 1734428104349, 1734428104674, 1734428105040, 1734428105380, 1734428105701, 1734428106008, 1734428106317, 1734428106645, 1734428106969, 1734428107319, 1734428107637, 1734428107950, 1734428108278, 1734428108618, 1734428108976, 1734428109305, 1734428109638, 1734428109968, 1734428110291, 1734428110668, 1734428111005, 1734428111307, 1734428111666, 1734428111972, 1734428112307, 1734428112642, 1734428113005, 1734428113363, 1734428113711, 1734428114092, 1734428114474, 1734428114809, 1734428115147, 1734428115499, 1734428115818, 1734428116150, 1734428116476, 1734428116804, 1734428117154, 1734428117469, 1734428117810, 1734428118171, 1734428118536, 1734428118868, 1734428119234, 1734428119555, 1734428119868, 1734428120199, 1734428120557, 1734428120891, 1734428121195, 1734428121546, 1734428121899, 1734428122287, 1734428122605, 1734428122932, 1734428123296, 1734428123631, 1734428123977, 1734428124295, 1734428124596, 1734428124948, 1734428125305, 1734428125637, 1734428125958, 1734428126272, 1734428126608, 1734428126967, 1734428127311, 1734428127641, 1734428127972, 1734428128288, 1734428128605, 1734428128948, 1734428129304, 1734428129647, 1734428129968, 1734428130297, 1734428130665, 1734428131012, 1734428131360, 1734428131713, 1734428132058, 
end timestamps: 1734428042158, 1734428042484, 1734428042874, 1734428043192, 1734428043520, 1734428043825, 1734428044135, 1734428044447, 1734428044763, 1734428045079, 1734428045396, 1734428045713, 1734428046020, 1734428046327, 1734428046641, 1734428046960, 1734428047318, 1734428047653, 1734428048011, 1734428048328, 1734428048644, 1734428048952, 1734428049260, 1734428049642, 1734428050005, 1734428050347, 1734428050677, 1734428050989, 1734428051338, 1734428051719, 1734428052054, 1734428052401, 1734428052720, 1734428053038, 1734428053435, 1734428053769, 1734428054105, 1734428054441, 1734428054810, 1734428055117, 1734428055425, 1734428055808, 1734428056125, 1734428056429, 1734428056742, 1734428057062, 1734428057397, 1734428057709, 1734428058037, 1734428058395, 1734428058706, 1734428059012, 1734428059355, 1734428059694, 1734428060023, 1734428060355, 1734428060721, 1734428061036, 1734428061377, 1734428061742, 1734428062078, 1734428062393, 1734428062704, 1734428063012, 1734428063323, 1734428063634, 1734428064003, 1734428064347, 1734428064670, 1734428065005, 1734428065388, 1734428065717, 1734428066038, 1734428066349, 1734428066663, 1734428067009, 1734428067351, 1734428067668, 1734428067980, 1734428068286, 1734428068611, 1734428068929, 1734428069252, 1734428069651, 1734428070012, 1734428070337, 1734428070676, 1734428071016, 1734428071329, 1734428071684, 1734428072027, 1734428072344, 1734428072665, 1734428073005, 1734428073365, 1734428073674, 1734428074049, 1734428074367, 1734428074672, 1734428074995, 1734428075310, 1734428075625, 1734428075938, 1734428076266, 1734428076615, 1734428076945, 1734428077294, 1734428077628, 1734428077942, 1734428078259, 1734428078595, 1734428078937, 1734428079278, 1734428079590, 1734428079909, 1734428080276, 1734428080621, 1734428080936, 1734428081250, 1734428081574, 1734428081896, 1734428082206, 1734428082538, 1734428082883, 1734428083252, 1734428083576, 1734428083889, 1734428084199, 1734428084514, 1734428084842, 1734428085184, 1734428085539, 1734428085875, 1734428086215, 1734428086542, 1734428086853, 1734428087169, 1734428087522, 1734428087849, 1734428088197, 1734428088547, 1734428088865, 1734428089197, 1734428089553, 1734428089878, 1734428090251, 1734428090591, 1734428090906, 1734428091282, 1734428091607, 1734428091963, 1734428092279, 1734428092593, 1734428092912, 1734428093292, 1734428093643, 1734428093960, 1734428094280, 1734428094589, 1734428094930, 1734428095263, 1734428095589, 1734428095905, 1734428096261, 1734428096614, 1734428096949, 1734428097263, 1734428097633, 1734428098000, 1734428098348, 1734428098677, 1734428098990, 1734428099318, 1734428099664, 1734428099996, 1734428100305, 1734428100691, 1734428101005, 1734428101377, 1734428101704, 1734428102057, 1734428102372, 1734428102704, 1734428103077, 1734428103388, 1734428103735, 1734428104151, 1734428104468, 1734428104783, 1734428105098, 1734428105410, 1734428105728, 1734428106043, 1734428106361, 1734428106674, 1734428106987, 1734428107302, 1734428107634, 1734428107953, 1734428108278, 1734428108606, 1734428108948, 1734428109308, 1734428109618, 1734428109969, 1734428110286, 1734428110612, 1734428110999, 1734428111317, 1734428111624, 1734428111985, 1734428112303, 1734428112624, 1734428113012, 1734428113333, 1734428113756, 1734428114079, 1734428114408, 1734428114791, 1734428115131, 1734428115471, 1734428115834, 1734428116147, 1734428116481, 1734428116795, 1734428117149, 1734428117476, 1734428117796, 1734428118127, 1734428118487, 1734428118867, 1734428119191, 1734428119565, 1734428119889, 1734428120217, 1734428120524, 1734428120877, 1734428121217, 1734428121537, 1734428121877, 1734428122257, 1734428122605, 1734428123018, 1734428123337, 1734428123651, 1734428124036, 1734428124352, 1734428124674, 1734428124980, 1734428125294, 1734428125632, 1734428125963, 1734428126283, 1734428126593, 1734428126922, 1734428127294, 1734428127636, 1734428127960, 1734428128299, 1734428128628, 1734428128944, 1734428129287, 1734428129674, 1734428129982, 1734428130294, 1734428130610, 1734428130987, 1734428131346, 1734428131678, 1734428132033, 1734428132375, 
Plugin Outgoing Benchmark | start
size of start timestamps: 314
size of end timestamps: 290
latency: 309, 583, 905, 1167, 1424, 1705, 1965, 2225, 2495, 2758, 3017, 3279, 3554, 3735, 3724, 3707, 3735, 3727, 3726, 3762, 3755, 3735, 3762, 3761, 3743, 3739, 3726, 3755, 3747, 3725, 3718, 3748, 3738, 3725, 3760, 3750, 3751, 3733, 3712, 3754, 3742, 3730, 3718, 3755, 3750, 3728, 3756, 3735, 3719, 3702, 3738, 3713, 3693, 3668, 3656, 3683, 3678, 3664, 3709, 3689, 3993, 3976, 3999, 4003, 4054, 4039, 4017, 4049, 4026, 4014, 4040, 4020, 4007, 3988, 4031, 4030, 4014, 3991, 4018, 4006, 4003, 4039, 4023, 4053, 4032, 4018, 4060, 4048, 4043, 4029, 4341, 4376, 4374, 4359, 4340, 4383, 4369, 4362, 4399, 4382, 4370, 4354, 4344, 4379, 4362, 4354, 4341, 4650, 4686, 4684, 4664, 4647, 4682, 4686, 4674, 4658, 4693, 4676, 4660, 4691, 4679, 4680, 4674, 4697, 5000, 4999, 4979, 4966, 4995, 4980, 4957, 4951, 4938, 4980, 4968, 4948, 4988, 4971, 4956, 4944, 4974, 5277, 5273, 5255, 5300, 5291, 5280, 5307, 5299, 5288, 5275, 5301, 5290, 5279, 5272, 5309, 5298, 5283, 5590, 5622, 5608, 5596, 5580, 5613, 5610, 5601, 5597, 5626, 5612, 5592, 5622, 5615, 5601, 5589, 5576, 5615, 5612, 5614, 5654, 5637, 5622, 5652, 5637, 5628, 5608, 5601, 5626, 5636, 5642, 5683, 5668, 5979, 5962, 5947, 5993, 5984, 5978, 5973, 5965, 5964, 6013, 5993, 5978, 6007, 6006, 5989, 5984, 5962, 5944, 5969, 5954, 6269, 6264, 6250, 6238, 6277, 6259, 6259, 6247, 6232, 6218, 6202, 6229, 6210, 6197, 6182, 6214, 6192, 6173, 6205, 6189, 6497, 6521, 6503, 6486, 6491, 6474, 6512, 6493, 6479, 6471, 6502, 6500, 6487, 6518, 6830, 6826, 6813, 6855, 6852, 6884, 6862, 6847, 6884, 6874, 6857, 6912, 6894, 6878, 6859, 6898, 6886, 7216, 7206, 7187, 7211, 7199, 7189, 7173, 7204, 7197, 7178, 7161, 7145, 7172, 7159, 7156, 7148, 7199, 7517, 7524, 7500, 7485, 7794, 7822, 7807, 7811, 7793, 7783, 7805, 
start timestamps: 1734428041839, 1734428041886, 1734428041887, 1734428041931, 1734428041979, 1734428042024, 1734428042072, 1734428042119, 1734428042164, 1734428042212, 1734428042257, 1734428042305, 1734428042349, 1734428042490, 1734428042815, 1734428043140, 1734428043418, 1734428043743, 1734428044067, 1734428044347, 1734428044672, 1734428044997, 1734428045275, 1734428045600, 1734428045926, 1734428046251, 1734428046576, 1734428046854, 1734428047179, 1734428047505, 1734428047829, 1734428048110, 1734428048435, 1734428048760, 1734428049038, 1734428049363, 1734428049689, 1734428050014, 1734428050338, 1734428050617, 1734428050941, 1734428051268, 1734428051591, 1734428051871, 1734428052194, 1734428052522, 1734428052798, 1734428053126, 1734428053449, 1734428053777, 1734428054052, 1734428054380, 1734428054703, 1734428055031, 1734428055354, 1734428055634, 1734428055956, 1734428056285, 1734428056560, 1734428056889, 1734428056889, 1734428057211, 1734428057492, 1734428057814, 1734428058095, 1734428058417, 1734428058745, 1734428059021, 1734428059349, 1734428059672, 1734428059952, 1734428060275, 1734428060600, 1734428060926, 1734428061207, 1734428061529, 1734428061854, 1734428062180, 1734428062459, 1734428062784, 1734428063108, 1734428063387, 1734428063713, 1734428063992, 1734428064318, 1734428064643, 1734428064921, 1734428065246, 1734428065572, 1734428065896, 1734428065897, 1734428066176, 1734428066499, 1734428066824, 1734428067150, 1734428067427, 1734428067753, 1734428068078, 1734428068356, 1734428068681, 1734428069006, 1734428069331, 1734428069657, 1734428069937, 1734428070261, 1734428070584, 1734428070912, 1734428070912, 1734428071190, 1734428071515, 1734428071841, 1734428072166, 1734428072442, 1734428072769, 1734428073093, 1734428073420, 1734428073696, 1734428074023, 1734428074347, 1734428074626, 1734428074950, 1734428075277, 1734428075600, 1734428075881, 1734428075881, 1734428076204, 1734428076531, 1734428076855, 1734428077135, 1734428077458, 1734428077786, 1734428078108, 1734428078436, 1734428078717, 1734428079039, 1734428079363, 1734428079642, 1734428079967, 1734428080292, 1734428080616, 1734428080895, 1734428080895, 1734428081220, 1734428081548, 1734428081823, 1734428082152, 1734428082475, 1734428082756, 1734428083079, 1734428083403, 1734428083728, 1734428084007, 1734428084332, 1734428084659, 1734428084981, 1734428085262, 1734428085586, 1734428085910, 1734428085910, 1734428086190, 1734428086515, 1734428086840, 1734428087166, 1734428087445, 1734428087769, 1734428088093, 1734428088419, 1734428088697, 1734428089022, 1734428089349, 1734428089627, 1734428089952, 1734428090276, 1734428090601, 1734428090927, 1734428091206, 1734428091530, 1734428091859, 1734428092134, 1734428092462, 1734428092785, 1734428093065, 1734428093388, 1734428093713, 1734428094039, 1734428094362, 1734428094642, 1734428094967, 1734428095293, 1734428095571, 1734428095895, 1734428095896, 1734428096220, 1734428096545, 1734428096826, 1734428097151, 1734428097474, 1734428097803, 1734428098125, 1734428098453, 1734428098728, 1734428099057, 1734428099379, 1734428099660, 1734428099982, 1734428100310, 1734428100633, 1734428100962, 1734428101284, 1734428101565, 1734428101887, 1734428101888, 1734428102211, 1734428102538, 1734428102862, 1734428103141, 1734428103465, 1734428103792, 1734428104116, 1734428104443, 1734428104766, 1734428105091, 1734428105370, 1734428105695, 1734428106020, 1734428106346, 1734428106623, 1734428106949, 1734428107274, 1734428107552, 1734428107877, 1734428107877, 1734428108157, 1734428108480, 1734428108809, 1734428109131, 1734428109456, 1734428109735, 1734428110062, 1734428110388, 1734428110710, 1734428110991, 1734428111316, 1734428111640, 1734428111919, 1734428111920, 1734428112243, 1734428112570, 1734428112846, 1734428113174, 1734428113450, 1734428113777, 1734428114102, 1734428114380, 1734428114705, 1734428115031, 1734428115309, 1734428115633, 1734428115959, 1734428116284, 1734428116561, 1734428116888, 1734428116889, 1734428117211, 1734428117537, 1734428117817, 1734428118140, 1734428118467, 1734428118792, 1734428119071, 1734428119395, 1734428119719, 1734428120045, 1734428120370, 1734428120648, 1734428120974, 1734428121299, 1734428121624, 1734428121905, 1734428121905, 1734428122228, 1734428122556, 1734428122879, 1734428122879, 1734428123156, 1734428123482, 1734428123805, 1734428124133, 1734428124456, 1734428124736, 1734428125059, 1734428125339, 1734428125664, 1734428125990, 1734428126315, 1734428126593, 1734428126918, 1734428126919, 1734428127243, 1734428127523, 1734428127847, 1734428128173, 1734428128499, 1734428128776, 1734428129147, 1734428129427, 1734428129797, 1734428130075, 1734428130402, 1734428130681, 1734428131005, 1734428131332, 1734428131655, 1734428131935, 
end timestamps: 1734428042148, 1734428042469, 1734428042792, 1734428043098, 1734428043403, 1734428043729, 1734428044037, 1734428044344, 1734428044659, 1734428044970, 1734428045274, 1734428045584, 1734428045903, 1734428046225, 1734428046539, 1734428046847, 1734428047153, 1734428047470, 1734428047793, 1734428048109, 1734428048427, 1734428048732, 1734428049037, 1734428049361, 1734428049669, 1734428049990, 1734428050302, 1734428050609, 1734428050926, 1734428051230, 1734428051547, 1734428051858, 1734428052173, 1734428052485, 1734428052798, 1734428053113, 1734428053440, 1734428053747, 1734428054050, 1734428054371, 1734428054683, 1734428054998, 1734428055309, 1734428055626, 1734428055944, 1734428056250, 1734428056554, 1734428056861, 1734428057168, 1734428057479, 1734428057790, 1734428058093, 1734428058396, 1734428058699, 1734428059010, 1734428059317, 1734428059634, 1734428059949, 1734428060269, 1734428060578, 1734428060882, 1734428061187, 1734428061491, 1734428061817, 1734428062149, 1734428062456, 1734428062762, 1734428063070, 1734428063375, 1734428063686, 1734428063992, 1734428064295, 1734428064607, 1734428064914, 1734428065238, 1734428065559, 1734428065868, 1734428066171, 1734428066477, 1734428066790, 1734428067111, 1734428067426, 1734428067736, 1734428068045, 1734428068350, 1734428068661, 1734428068981, 1734428069294, 1734428069615, 1734428069925, 1734428070238, 1734428070552, 1734428070873, 1734428071183, 1734428071490, 1734428071810, 1734428072122, 1734428072440, 1734428072755, 1734428073063, 1734428073376, 1734428073685, 1734428074001, 1734428074316, 1734428074623, 1734428074938, 1734428075253, 1734428075562, 1734428075876, 1734428076199, 1734428076505, 1734428076813, 1734428077124, 1734428077455, 1734428077767, 1734428078078, 1734428078389, 1734428078699, 1734428079007, 1734428079317, 1734428079629, 1734428079957, 1734428080274, 1734428080578, 1734428080881, 1734428081203, 1734428081510, 1734428081821, 1734428082130, 1734428082438, 1734428082743, 1734428083059, 1734428083374, 1734428083697, 1734428084007, 1734428084311, 1734428084630, 1734428084938, 1734428085248, 1734428085560, 1734428085869, 1734428086172, 1734428086493, 1734428086803, 1734428087123, 1734428087443, 1734428087755, 1734428088063, 1734428088378, 1734428088691, 1734428089003, 1734428089308, 1734428089622, 1734428089938, 1734428090253, 1734428090571, 1734428090884, 1734428091193, 1734428091500, 1734428091812, 1734428092123, 1734428092436, 1734428092746, 1734428093058, 1734428093379, 1734428093694, 1734428094016, 1734428094323, 1734428094634, 1734428094941, 1734428095249, 1734428095567, 1734428095877, 1734428096190, 1734428096503, 1734428096821, 1734428097142, 1734428097473, 1734428097788, 1734428098099, 1734428098407, 1734428098717, 1734428099025, 1734428099341, 1734428099647, 1734428099963, 1734428100268, 1734428100603, 1734428100935, 1734428101254, 1734428101563, 1734428101875, 1734428102182, 1734428102492, 1734428102819, 1734428103135, 1734428103452, 1734428103776, 1734428104090, 1734428104417, 1734428104741, 1734428105050, 1734428105357, 1734428105667, 1734428105988, 1734428106299, 1734428106617, 1734428106924, 1734428107228, 1734428107534, 1734428107841, 1734428108157, 1734428108475, 1734428108788, 1734428109100, 1734428109418, 1734428109724, 1734428110051, 1734428110363, 1734428110675, 1734428110984, 1734428111293, 1734428111599, 1734428111905, 1734428112217, 1734428112528, 1734428112837, 1734428113141, 1734428113447, 1734428113757, 1734428114066, 1734428114374, 1734428114678, 1734428114983, 1734428115295, 1734428115622, 1734428115930, 1734428116247, 1734428116555, 1734428116867, 1734428117181, 1734428117493, 1734428117816, 1734428118127, 1734428118437, 1734428118750, 1734428119069, 1734428119383, 1734428119701, 1734428120026, 1734428120334, 1734428120639, 1734428120949, 1734428121264, 1734428121579, 1734428121888, 1734428122221, 1734428122527, 1734428122837, 1734428123143, 1734428123459, 1734428123774, 1734428124105, 1734428124417, 1734428124724, 1734428125028, 1734428125339, 1734428125656, 1734428125965, 1734428126275, 1734428126592, 1734428126897, 1734428127206, 1734428127515, 1734428127820, 1734428128133, 1734428128455, 1734428128772, 1734428129104, 1734428129422, 1734428129752, 1734428130056, 1734428130364, 1734428130673, 1734428130978, 1734428131289, 1734428131616, 1734428131926, 1734428132239, 1734428132541, 
Plugin Incoming Benchmark | start
size of start timestamps: 272
size of end timestamps: 282
latency: 311, 318, 360, 30, 39, 36, 10, 26, 38, 0, 7, 18, 25, 45, 15, 26, -12, -24, -1, 2, 12, 22, 37, -62, -35, -21, 15, 31, -37, -37, -14, -27, 25, 35, -32, -12, -25, 26, -28, 29, 2, -46, 9, 16, 30, -6, -4, 41, -4, -46, 13, 35, -24, 23, 7, -6, -44, 11, -5, -24, 8, 7, 16, 30, 3, 17, -20, -5, 6, -4, -63, 41, 39, 43, 8, 3, -31, 27, 34, 5, 17, 20, 17, -54, -39, 9, 8, -25, 28, 2, -6, 45, 4, -24, -1, 5, -31, 19, 24, -6, 0, 13, 22, 17, -12, -16, -25, 24, 18, 26, 9, -12, -26, 36, 2, -35, -18, 33, 5, 16, 16, 21, -310, -320, -371, -361, -684, -627, -611, -603, -948, -986, -1048, -1063, -1007, -1003, -945, -1298, -1304, -1318, -1350, -1661, -1675, -1708, -1712, -1712, -1713, -1719, -2095, -2079, -2055, -2060, -2377, -2333, -2379, -2395, -2346, -2337, -2284, -2308, -2360, -2343, -2295, -2280, -2313, -2320, -2356, -2343, -2401, -2411, -2428, -2412, -2368, -2381, -2395, -2339, -2301, -2335, -2362, -2378, -2415, -2351, -2353, -2458, -2350, -2369, -2452, -2403, -2397, -2384, -2375, -2319, -2312, -2299, -2200, -2188, -2175, -2190, -2228, -2220, -2235, -2232, -2269, -2320, -2327, -2331, -2333, -2384, -2393, -2325, -2357, -2346, -2300, -2416, -2408, -2406, -2398, -2460, -2472, -2482, -2497, -2476, -2476, -2382, -2383, -2413, -2365, -2310, -2325, -2314, -2357, -2361, -2401, -2399, -2407, -2401, -2427, -2388, -2334, -2669, -2713, -2716, -2794, -3114, -3108, -3144, -3157, -3473, -3425, -3405, -3408, -3742, -3691, -3639, -3553, -3633, -3652, -3610, -3616, -3611, -3612, -3618, -3678, -3686, -3669, -3666, -3710, -3685, -3707, -3734, -3756, -3789, 
start timestamps: 1734428041853, 1734428042172, 1734428042547, 1734428042877, 1734428043194, 1734428043522, 1734428043826, 1734428044136, 1734428044449, 1734428044765, 1734428045082, 1734428045397, 1734428045715, 1734428046021, 1734428046329, 1734428046643, 1734428047006, 1734428047344, 1734428047691, 1734428048013, 1734428048330, 1734428048646, 1734428048956, 1734428049331, 1734428049678, 1734428050035, 1734428050369, 1734428050678, 1734428051026, 1734428051396, 1734428051747, 1734428052083, 1734428052402, 1734428052721, 1734428053110, 1734428053461, 1734428053802, 1734428054120, 1734428054500, 1734428054812, 1734428055119, 1734428055495, 1734428055810, 1734428056127, 1734428056440, 1734428056752, 1734428057078, 1734428057403, 1734428057728, 1734428058093, 1734428058404, 1734428058710, 1734428059045, 1734428059374, 1734428059712, 1734428060049, 1734428060415, 1734428060730, 1734428061071, 1734428061413, 1734428061754, 1734428062080, 1734428062395, 1734428062706, 1734428063014, 1734428063325, 1734428063688, 1734428064043, 1734428064357, 1734428064692, 1734428065076, 1734428065390, 1734428065718, 1734428066039, 1734428066353, 1734428066682, 1734428067043, 1734428067355, 1734428067674, 1734428067981, 1734428068294, 1734428068616, 1734428068942, 1734428069341, 1734428069696, 1734428070019, 1734428070348, 1734428070704, 1734428071022, 1734428071375, 1734428071706, 1734428072029, 1734428072347, 1734428072700, 1734428073050, 1734428073367, 1734428073727, 1734428074051, 1734428074369, 1734428074680, 1734428074997, 1734428075312, 1734428075626, 1734428075959, 1734428076311, 1734428076638, 1734428076974, 1734428077296, 1734428077630, 1734428077944, 1734428078285, 1734428078634, 1734428078970, 1734428079280, 1734428079592, 1734428079954, 1734428080310, 1734428080629, 1734428080938, 1734428081252, 1734428081576, 1734428081898, 1734428082229, 1734428082563, 1734428082938, 1734428083254, 1734428083578, 1734428083891, 1734428084200, 1734428084516, 1734428084862, 1734428085226, 1734428085570, 1734428085907, 1734428086224, 1734428086543, 1734428086855, 1734428087208, 1734428087541, 1734428087878, 1734428088237, 1734428088548, 1734428088887, 1734428089244, 1734428089573, 1734428089945, 1734428090271, 1734428090602, 1734428090979, 1734428091288, 1734428091637, 1734428091964, 1734428092281, 1734428092609, 1734428092980, 1734428093322, 1734428093644, 1734428093962, 1734428094281, 1734428094627, 1734428094960, 1734428095265, 1734428095593, 1734428095946, 1734428096304, 1734428096636, 1734428096951, 1734428097310, 1734428097694, 1734428098030, 1734428098370, 1734428098678, 1734428099008, 1734428099345, 1734428099684, 1734428099998, 1734428100336, 1734428100693, 1734428101048, 1734428101387, 1734428101752, 1734428102059, 1734428102383, 1734428102768, 1734428103079, 1734428103420, 1734428103832, 1734428104153, 1734428104470, 1734428104785, 1734428105099, 1734428105412, 1734428105730, 1734428106044, 1734428106363, 1734428106676, 1734428106989, 1734428107327, 1734428107645, 1734428107960, 1734428108302, 1734428108626, 1734428108986, 1734428109314, 1734428109647, 1734428109979, 1734428110302, 1734428110679, 1734428111013, 1734428111319, 1734428111674, 1734428111987, 1734428112315, 1734428112708, 1734428113026, 1734428113441, 1734428113758, 1734428114100, 1734428114483, 1734428114819, 1734428115157, 1734428115508, 1734428115835, 1734428116159, 1734428116485, 1734428116838, 1734428117163, 1734428117478, 1734428117819, 1734428118180, 1734428118546, 1734428118875, 1734428119242, 1734428119566, 1734428119897, 1734428120218, 1734428120567, 1734428120901, 1734428121220, 1734428121555, 1734428121923, 1734428122296, 1734428122700, 1734428123020, 1734428123338, 1734428123699, 1734428124038, 1734428124354, 1734428124676, 1734428124982, 1734428125313, 1734428125647, 1734428125967, 1734428126285, 1734428126617, 1734428126977, 1734428127320, 1734428127649, 1734428127982, 1734428128300, 1734428128629, 1734428128957, 1734428129342, 1734428129676, 1734428129984, 1734428130306, 1734428130675, 1734428131021, 1734428131368, 1734428131722, 1734428132067, 1734428132425, 
end timestamps: 1734428042164, 1734428042490, 1734428042907, 1734428042907, 1734428043233, 1734428043558, 1734428043836, 1734428044162, 1734428044487, 1734428044765, 1734428045089, 1734428045415, 1734428045740, 1734428046066, 1734428046344, 1734428046669, 1734428046994, 1734428047320, 1734428047690, 1734428048015, 1734428048342, 1734428048668, 1734428048993, 1734428049269, 1734428049643, 1734428050014, 1734428050384, 1734428050709, 1734428050989, 1734428051359, 1734428051733, 1734428052056, 1734428052427, 1734428052756, 1734428053078, 1734428053449, 1734428053777, 1734428054146, 1734428054472, 1734428054841, 1734428055121, 1734428055449, 1734428055819, 1734428056143, 1734428056470, 1734428056746, 1734428057074, 1734428057444, 1734428057724, 1734428058047, 1734428058417, 1734428058745, 1734428059021, 1734428059397, 1734428059719, 1734428060043, 1734428060371, 1734428060741, 1734428061066, 1734428061389, 1734428061762, 1734428062087, 1734428062411, 1734428062736, 1734428063017, 1734428063342, 1734428063668, 1734428064038, 1734428064363, 1734428064688, 1734428065013, 1734428065431, 1734428065757, 1734428066082, 1734428066361, 1734428066685, 1734428067012, 1734428067382, 1734428067708, 1734428067986, 1734428068311, 1734428068636, 1734428068959, 1734428069287, 1734428069657, 1734428070028, 1734428070356, 1734428070679, 1734428071050, 1734428071377, 1734428071700, 1734428072074, 1734428072351, 1734428072676, 1734428073049, 1734428073372, 1734428073696, 1734428074070, 1734428074393, 1734428074674, 1734428074997, 1734428075325, 1734428075648, 1734428075976, 1734428076299, 1734428076622, 1734428076949, 1734428077320, 1734428077648, 1734428077970, 1734428078294, 1734428078622, 1734428078944, 1734428079316, 1734428079594, 1734428079919, 1734428080292, 1734428080662, 1734428080943, 1734428081268, 1734428081592, 1734428081919, 1734428081919, 1734428082243, 1734428082567, 1734428082893, 1734428082894, 1734428083264, 1734428083589, 1734428083913, 1734428083914, 1734428084240, 1734428084522, 1734428084844, 1734428085217, 1734428085540, 1734428085910, 1734428085910, 1734428086237, 1734428086560, 1734428086887, 1734428086887, 1734428087212, 1734428087536, 1734428087861, 1734428088233, 1734428088558, 1734428088883, 1734428088884, 1734428089209, 1734428089582, 1734428089904, 1734428089904, 1734428090276, 1734428090601, 1734428090927, 1734428091298, 1734428091625, 1734428091997, 1734428092319, 1734428092600, 1734428092922, 1734428093298, 1734428093666, 1734428093991, 1734428094316, 1734428094595, 1734428094967, 1734428095293, 1734428095619, 1734428095942, 1734428096266, 1734428096640, 1734428096964, 1734428097289, 1734428097659, 1734428098035, 1734428098358, 1734428098686, 1734428099009, 1734428099337, 1734428099708, 1734428100030, 1734428100310, 1734428100729, 1734428101051, 1734428101380, 1734428101750, 1734428102073, 1734428102401, 1734428102724, 1734428103093, 1734428103418, 1734428103745, 1734428104163, 1734428104488, 1734428104814, 1734428105137, 1734428105417, 1734428105740, 1734428106067, 1734428106394, 1734428106717, 1734428106994, 1734428107320, 1734428107648, 1734428107969, 1734428108295, 1734428108620, 1734428108994, 1734428109317, 1734428109641, 1734428110015, 1734428110292, 1734428110618, 1734428111035, 1734428111360, 1734428111640, 1734428112011, 1734428112337, 1734428112660, 1734428113032, 1734428113359, 1734428113777, 1734428114102, 1734428114425, 1734428114798, 1734428115168, 1734428115494, 1734428115866, 1734428116189, 1734428116514, 1734428116841, 1734428117167, 1734428117490, 1734428117817, 1734428118140, 1734428118513, 1734428118886, 1734428118886, 1734428119210, 1734428119580, 1734428119906, 1734428119906, 1734428120230, 1734428120555, 1734428120881, 1734428120881, 1734428121251, 1734428121577, 1734428121905, 1734428121905, 1734428122276, 1734428122646, 1734428123064, 1734428123344, 1734428123668, 1734428124039, 1734428124366, 1734428124689, 1734428125017, 1734428125339, 1734428125664, 1734428125990, 1734428126315, 1734428126640, 1734428126965, 1734428127336, 1734428127661, 1734428127988, 1734428128311, 1734428128636, 1734428128961, 1734428129287, 1734428129705, 1734428129982, 1734428130308, 1734428130634, 1734428131005, 1734428131377, 1734428131702, 1734428132074, 
