
**********************************************************
ConnectDAWs File Logger | only the ConnectionManagerThread will write to this file to avoid blocking calls inside the audio thread.
Log started: 17 Dec 2024 10:28:51am

Network Benchmark | start
size of start timestamps: 282
size of end timestamps: 282
latency: 329, 359, 387, 424, 442, 446, 428, 417, 415, 397, 424, 433, 445, 419, 381, 345, 368, 376, 356, 340, 339, 337, 355, 374, 345, 317, 318, 320, 321, 318, 328, 318, 311, 314, 324, 319, 332, 325, 334, 317, 316, 332, 318, 316, 322, 395, 388, 372, 344, 339, 338, 387, 378, 331, 318, 317, 332, 433, 409, 394, 346, 321, 335, 323, 315, 328, 340, 329, 328, 328, 313, 323, 316, 325, 321, 318, 326, 341, 341, 329, 315, 324, 323, 320, 324, 321, 324, 312, 317, 330, 348, 341, 322, 312, 316, 324, 320, 330, 324, 317, 328, 316, 333, 352, 329, 323, 318, 356, 366, 342, 316, 408, 406, 389, 351, 314, 330, 323, 316, 329, 330, 328, 316, 324, 317, 317, 316, 328, 330, 335, 331, 324, 350, 340, 347, 413, 394, 364, 338, 340, 354, 326, 317, 316, 325, 318, 339, 324, 335, 314, 319, 330, 317, 315, 338, 319, 348, 351, 338, 340, 330, 326, 324, 316, 327, 434, 407, 347, 318, 317, 313, 322, 319, 328, 346, 329, 331, 339, 340, 323, 318, 323, 315, 310, 315, 322, 314, 328, 323, 320, 318, 326, 332, 353, 320, 390, 394, 373, 354, 349, 328, 359, 350, 340, 340, 321, 316, 312, 316, 346, 324, 321, 314, 318, 319, 327, 330, 314, 327, 314, 316, 328, 330, 323, 320, 333, 349, 335, 320, 323, 319, 325, 322, 324, 325, 314, 318, 316, 314, 316, 318, 317, 319, 318, 328, 326, 333, 339, 327, 333, 327, 315, 343, 323, 324, 326, 356, 339, 390, 393, 375, 403, 380, 375, 376, 379, 372, 330, 319, 315, 326, 318, 330, 314, 319, 319, 328, 320, 311, 319, 317, 308, 
start timestamps: 1734427638069, 1734427638359, 1734427638643, 1734427638936, 1734427639223, 1734427639531, 1734427639863, 1734427640183, 1734427640494, 1734427640817, 1734427641096, 1734427641392, 1734427641695, 1734427642026, 1734427642371, 1734427642711, 1734427643031, 1734427643346, 1734427643679, 1734427644002, 1734427644371, 1734427644704, 1734427645002, 1734427645311, 1734427645651, 1734427646009, 1734427646370, 1734427646738, 1734427647046, 1734427647378, 1734427647716, 1734427648045, 1734427648374, 1734427648702, 1734427649036, 1734427649408, 1734427649735, 1734427650084, 1734427650389, 1734427650716, 1734427651100, 1734427651499, 1734427651837, 1734427652149, 1734427652452, 1734427652767, 1734427653089, 1734427653427, 1734427653764, 1734427654079, 1734427654397, 1734427654731, 1734427655057, 1734427655417, 1734427655770, 1734427656101, 1734427656405, 1734427656719, 1734427657048, 1734427657378, 1734427657732, 1734427658067, 1734427658368, 1734427658695, 1734427659028, 1734427659375, 1734427659715, 1734427660048, 1734427660396, 1734427660742, 1734427661082, 1734427661413, 1734427661745, 1734427662080, 1734427662397, 1734427662730, 1734427663062, 1734427663417, 1734427663791, 1734427664114, 1734427664439, 1734427664772, 1734427665104, 1734427665428, 1734427665734, 1734427666087, 1734427666438, 1734427666781, 1734427667103, 1734427667429, 1734427667738, 1734427668060, 1734427668392, 1734427668738, 1734427669078, 1734427669379, 1734427669696, 1734427670000, 1734427670318, 1734427670642, 1734427671006, 1734427671328, 1734427671651, 1734427671991, 1734427672318, 1734427672656, 1734427672990, 1734427673354, 1734427673699, 1734427674030, 1734427674364, 1734427674671, 1734427674985, 1734427675315, 1734427675664, 1734427676009, 1734427676322, 1734427676647, 1734427676979, 1734427677331, 1734427677681, 1734427678061, 1734427678382, 1734427678699, 1734427679055, 1734427679369, 1734427679701, 1734427680066, 1734427680378, 1734427680685, 1734427681000, 1734427681352, 1734427681665, 1734427681991, 1734427682322, 1734427682681, 1734427683010, 1734427683356, 1734427683701, 1734427684016, 1734427684367, 1734427684722, 1734427685040, 1734427685363, 1734427685672, 1734427686002, 1734427686326, 1734427686687, 1734427687067, 1734427687412, 1734427687731, 1734427688034, 1734427688376, 1734427688695, 1734427689057, 1734427689398, 1734427689701, 1734427690012, 1734427690336, 1734427690650, 1734427690990, 1734427691327, 1734427691669, 1734427692028, 1734427692364, 1734427692671, 1734427693011, 1734427693379, 1734427693716, 1734427694042, 1734427694361, 1734427694664, 1734427694998, 1734427695354, 1734427695707, 1734427696033, 1734427696339, 1734427696641, 1734427696951, 1734427697310, 1734427697633, 1734427697986, 1734427698309, 1734427698624, 1734427698928, 1734427699291, 1734427699622, 1734427699967, 1734427700312, 1734427700620, 1734427700938, 1734427701244, 1734427701579, 1734427701917, 1734427702286, 1734427702614, 1734427702922, 1734427703254, 1734427703626, 1734427703960, 1734427704298, 1734427704658, 1734427704986, 1734427705313, 1734427705620, 1734427705948, 1734427706280, 1734427706624, 1734427706971, 1734427707298, 1734427707656, 1734427707974, 1734427708301, 1734427708613, 1734427708955, 1734427709270, 1734427709598, 1734427709929, 1734427710290, 1734427710617, 1734427710919, 1734427711285, 1734427711636, 1734427711957, 1734427712269, 1734427712571, 1734427712870, 1734427713194, 1734427713564, 1734427713910, 1734427714244, 1734427714556, 1734427714873, 1734427715215, 1734427715571, 1734427715941, 1734427716245, 1734427716573, 1734427716911, 1734427717240, 1734427717565, 1734427717910, 1734427718231, 1734427718573, 1734427718927, 1734427719296, 1734427719631, 1734427719955, 1734427720279, 1734427720647, 1734427720967, 1734427721292, 1734427721633, 1734427721990, 1734427722338, 1734427722658, 1734427722988, 1734427723319, 1734427723639, 1734427723951, 1734427724275, 1734427724653, 1734427724985, 1734427725295, 1734427725599, 1734427725903, 1734427726223, 1734427726575, 1734427726949, 1734427727272, 1734427727615, 1734427727937, 1734427728270, 1734427728595, 1734427728981, 1734427729302, 1734427729607, 1734427729931, 1734427730270, 1734427730592, 1734427730920, 1734427731294, 
end timestamps: 1734427638398, 1734427638718, 1734427639030, 1734427639360, 1734427639665, 1734427639977, 1734427640291, 1734427640600, 1734427640909, 1734427641214, 1734427641520, 1734427641825, 1734427642140, 1734427642445, 1734427642752, 1734427643056, 1734427643399, 1734427643722, 1734427644035, 1734427644342, 1734427644710, 1734427645041, 1734427645357, 1734427645685, 1734427645996, 1734427646326, 1734427646688, 1734427647058, 1734427647367, 1734427647696, 1734427648044, 1734427648363, 1734427648685, 1734427649016, 1734427649360, 1734427649727, 1734427650067, 1734427650409, 1734427650723, 1734427651033, 1734427651416, 1734427651831, 1734427652155, 1734427652465, 1734427652774, 1734427653162, 1734427653477, 1734427653799, 1734427654108, 1734427654418, 1734427654735, 1734427655118, 1734427655435, 1734427655748, 1734427656088, 1734427656418, 1734427656737, 1734427657152, 1734427657457, 1734427657772, 1734427658078, 1734427658388, 1734427658703, 1734427659018, 1734427659343, 1734427659703, 1734427660055, 1734427660377, 1734427660724, 1734427661070, 1734427661395, 1734427661736, 1734427662061, 1734427662405, 1734427662718, 1734427663048, 1734427663388, 1734427663758, 1734427664132, 1734427664443, 1734427664754, 1734427665096, 1734427665427, 1734427665748, 1734427666058, 1734427666408, 1734427666762, 1734427667093, 1734427667420, 1734427667759, 1734427668086, 1734427668401, 1734427668714, 1734427669050, 1734427669394, 1734427669703, 1734427670016, 1734427670330, 1734427670642, 1734427670959, 1734427671334, 1734427671644, 1734427671984, 1734427672343, 1734427672647, 1734427672979, 1734427673308, 1734427673710, 1734427674065, 1734427674372, 1734427674680, 1734427675079, 1734427675391, 1734427675704, 1734427676015, 1734427676323, 1734427676652, 1734427676970, 1734427677295, 1734427677660, 1734427678011, 1734427678389, 1734427678698, 1734427679023, 1734427679372, 1734427679686, 1734427680017, 1734427680394, 1734427680708, 1734427681020, 1734427681331, 1734427681676, 1734427682015, 1734427682331, 1734427682669, 1734427683094, 1734427683404, 1734427683720, 1734427684039, 1734427684356, 1734427684721, 1734427685048, 1734427685357, 1734427685679, 1734427685997, 1734427686320, 1734427686665, 1734427687011, 1734427687402, 1734427687726, 1734427688050, 1734427688364, 1734427688693, 1734427689010, 1734427689395, 1734427689717, 1734427690049, 1734427690363, 1734427690674, 1734427690990, 1734427691320, 1734427691653, 1734427691993, 1734427692344, 1734427692691, 1734427693105, 1734427693418, 1734427693726, 1734427694034, 1734427694359, 1734427694674, 1734427694986, 1734427695317, 1734427695682, 1734427696053, 1734427696362, 1734427696670, 1734427696980, 1734427697291, 1734427697633, 1734427697951, 1734427698309, 1734427698624, 1734427698934, 1734427699243, 1734427699613, 1734427699936, 1734427700295, 1734427700635, 1734427700940, 1734427701256, 1734427701570, 1734427701911, 1734427702270, 1734427702606, 1734427703004, 1734427703316, 1734427703627, 1734427703980, 1734427704309, 1734427704626, 1734427705017, 1734427705336, 1734427705653, 1734427705960, 1734427706269, 1734427706596, 1734427706936, 1734427707287, 1734427707644, 1734427707980, 1734427708295, 1734427708615, 1734427708931, 1734427709274, 1734427709597, 1734427709928, 1734427710243, 1734427710617, 1734427710931, 1734427711235, 1734427711613, 1734427711966, 1734427712280, 1734427712589, 1734427712904, 1734427713219, 1734427713529, 1734427713884, 1734427714233, 1734427714563, 1734427714881, 1734427715195, 1734427715539, 1734427715896, 1734427716255, 1734427716563, 1734427716889, 1734427717225, 1734427717556, 1734427717883, 1734427718227, 1734427718550, 1734427718891, 1734427719255, 1734427719622, 1734427719964, 1734427720294, 1734427720606, 1734427720980, 1734427721294, 1734427721607, 1734427721976, 1734427722313, 1734427722662, 1734427722984, 1734427723344, 1734427723658, 1734427724029, 1734427724344, 1734427724650, 1734427725056, 1734427725365, 1734427725670, 1734427725975, 1734427726282, 1734427726595, 1734427726905, 1734427727268, 1734427727587, 1734427727941, 1734427728255, 1734427728600, 1734427728909, 1734427729300, 1734427729621, 1734427729935, 1734427730251, 1734427730581, 1734427730911, 1734427731237, 1734427731602, 
Plugin Outgoing Benchmark | start
size of start timestamps: 328
size of end timestamps: 301
latency: 319, 580, 840, 1102, 1414, 1680, 1948, 2214, 2476, 2734, 2990, 3248, 3514, 3682, 3666, 3698, 3694, 3675, 3701, 3681, 3685, 3714, 4028, 4013, 4050, 4029, 4010, 4034, 4012, 3990, 3976, 4007, 3999, 3980, 3965, 3989, 3975, 3970, 4002, 3983, 4013, 3996, 4023, 4004, 3992, 3970, 4006, 3984, 4015, 4329, 4323, 4299, 4280, 4607, 4672, 4669, 4651, 4681, 4667, 4698, 4681, 4660, 4694, 4675, 4651, 4645, 4684, 4995, 4994, 4976, 4987, 4971, 4951, 4977, 4956, 4938, 4967, 4948, 4927, 4953, 4938, 4971, 4950, 4956, 5264, 5249, 5236, 5216, 5527, 5515, 5554, 5528, 5553, 5531, 5563, 5547, 5527, 5558, 5551, 5534, 5571, 5552, 5535, 5523, 5551, 5533, 5559, 5547, 5539, 5524, 5550, 5537, 5564, 5547, 5539, 5853, 5886, 5867, 5858, 5885, 5867, 5846, 5870, 5865, 5863, 5902, 5891, 5873, 5900, 6210, 6196, 6181, 6203, 6185, 6180, 6214, 6201, 6183, 6168, 6203, 6194, 6235, 6232, 6231, 6214, 6203, 6236, 6229, 6227, 6262, 6247, 6227, 6255, 6234, 6222, 6279, 6266, 6248, 6281, 6588, 6566, 6562, 6546, 6848, 6842, 6835, 6865, 6846, 6823, 6806, 6792, 6833, 6819, 6818, 6844, 6830, 6859, 6797, 6824, 6802, 7109, 7090, 7124, 7105, 7092, 7121, 7099, 7080, 7057, 7086, 7084, 7114, 7103, 7085, 7066, 7094, 7084, 7398, 7385, 7369, 7400, 7382, 7419, 7401, 7391, 7423, 7409, 7390, 7414, 7396, 7429, 7459, 7479, 7517, 7498, 7504, 7551, 7530, 7508, 7535, 7513, 7494, 7533, 7521, 7835, 7825, 7854, 7840, 7816, 7801, 7843, 7828, 7805, 7832, 7808, 7834, 7768, 7706, 7732, 7713, 7692, 7677, 7658, 7695, 8002, 7982, 8007, 7995, 7973, 7963, 7986, 7964, 7941, 7971, 7947, 7977, 7957, 7939, 7917, 7942, 7918, 7945, 7923, 7989, 7982, 7964, 7999, 7991, 8025, 8014, 8000, 8033, 8022, 8004, 8032, 8016, 8041, 8021, 8049, 8029, 8009, 8034, 8011, 8035, 8347, 8337, 8369, 8350, 8329, 8367, 8348, 8335, 8316, 8297, 8283, 8313, 8295, 8274, 8303, 8291, 8273, 
start timestamps: 1734427638076, 1734427638120, 1734427638168, 1734427638214, 1734427638214, 1734427638261, 1734427638305, 1734427638352, 1734427638399, 1734427638446, 1734427638494, 1734427638542, 1734427638585, 1734427638723, 1734427639049, 1734427639330, 1734427639653, 1734427639977, 1734427640257, 1734427640585, 1734427640907, 1734427641187, 1734427641187, 1734427641512, 1734427641790, 1734427642116, 1734427642438, 1734427642718, 1734427643043, 1734427643369, 1734427643692, 1734427643972, 1734427644296, 1734427644624, 1734427644946, 1734427645227, 1734427645551, 1734427645878, 1734427646154, 1734427646482, 1734427646757, 1734427647085, 1734427647361, 1734427647688, 1734427648011, 1734427648339, 1734427648615, 1734427648942, 1734427649222, 1734427649222, 1734427649545, 1734427649874, 1734427650196, 1734427650197, 1734427650474, 1734427650799, 1734427651125, 1734427651402, 1734427651728, 1734427652006, 1734427652331, 1734427652656, 1734427652935, 1734427653260, 1734427653588, 1734427653910, 1734427654191, 1734427654191, 1734427654514, 1734427654842, 1734427655164, 1734427655493, 1734427655816, 1734427656093, 1734427656419, 1734427656743, 1734427657022, 1734427657346, 1734427657672, 1734427657949, 1734427658275, 1734427658555, 1734427658881, 1734427659206, 1734427659206, 1734427659531, 1734427659854, 1734427660179, 1734427660179, 1734427660505, 1734427660783, 1734427661111, 1734427661388, 1734427661715, 1734427661990, 1734427662317, 1734427662641, 1734427662921, 1734427663244, 1734427663569, 1734427663847, 1734427664173, 1734427664500, 1734427664823, 1734427665103, 1734427665427, 1734427665707, 1734427666030, 1734427666357, 1734427666680, 1734427666960, 1734427667284, 1734427667564, 1734427667892, 1734427668215, 1734427668215, 1734427668492, 1734427668818, 1734427669141, 1734427669421, 1734427669746, 1734427670072, 1734427670350, 1734427670675, 1734427670999, 1734427671279, 1734427671604, 1734427671929, 1734427672211, 1734427672211, 1734427672534, 1734427672856, 1734427673137, 1734427673466, 1734427673788, 1734427674069, 1734427674391, 1734427674720, 1734427675042, 1734427675318, 1734427675645, 1734427675922, 1734427676248, 1734427676573, 1734427676899, 1734427677222, 1734427677503, 1734427677827, 1734427678153, 1734427678430, 1734427678756, 1734427679080, 1734427679360, 1734427679684, 1734427680010, 1734427680287, 1734427680614, 1734427680938, 1734427681216, 1734427681216, 1734427681544, 1734427681867, 1734427682192, 1734427682193, 1734427682518, 1734427682843, 1734427683121, 1734427683446, 1734427683772, 1734427684096, 1734427684421, 1734427684699, 1734427685028, 1734427685350, 1734427685630, 1734427685953, 1734427686233, 1734427686606, 1734427686884, 1734427687209, 1734427687209, 1734427687534, 1734427687812, 1734427688138, 1734427688463, 1734427688741, 1734427689066, 1734427689390, 1734427689717, 1734427689995, 1734427690318, 1734427690598, 1734427690923, 1734427691249, 1734427691574, 1734427691852, 1734427692177, 1734427692178, 1734427692501, 1734427692829, 1734427693106, 1734427693432, 1734427693709, 1734427694034, 1734427694360, 1734427694639, 1734427694965, 1734427695288, 1734427695566, 1734427695892, 1734427696171, 1734427696495, 1734427696821, 1734427697098, 1734427697427, 1734427697752, 1734427698030, 1734427698355, 1734427698681, 1734427698959, 1734427699284, 1734427699607, 1734427699888, 1734427700213, 1734427700213, 1734427700535, 1734427700816, 1734427701140, 1734427701467, 1734427701790, 1734427702071, 1734427702394, 1734427702721, 1734427702998, 1734427703324, 1734427703602, 1734427703972, 1734427704345, 1734427704622, 1734427704949, 1734427705273, 1734427705599, 1734427705923, 1734427706203, 1734427706204, 1734427706527, 1734427706806, 1734427707130, 1734427707457, 1734427707780, 1734427708060, 1734427708384, 1734427708709, 1734427708987, 1734427709315, 1734427709592, 1734427709918, 1734427710243, 1734427710569, 1734427710846, 1734427711172, 1734427711449, 1734427711776, 1734427712053, 1734427712379, 1734427712704, 1734427712982, 1734427713308, 1734427713586, 1734427713912, 1734427714236, 1734427714514, 1734427714840, 1734427715164, 1734427715443, 1734427715768, 1734427716047, 1734427716373, 1734427716651, 1734427716977, 1734427717301, 1734427717579, 1734427717905, 1734427718185, 1734427718185, 1734427718510, 1734427718788, 1734427719112, 1734427719439, 1734427719717, 1734427720042, 1734427720367, 1734427720693, 1734427721019, 1734427721344, 1734427721621, 1734427721946, 1734427722273, 1734427722550, 1734427722875, 1734427723199, 1734427723199, 1734427723479, 1734427723804, 1734427724129, 1734427724408, 1734427724736, 1734427725011, 1734427725340, 1734427725614, 1734427725938, 1734427726265, 1734427726546, 1734427726869, 1734427727192, 1734427727192, 1734427727472, 1734427727800, 1734427728123, 1734427728403, 1734427728725, 1734427729054, 1734427729329, 1734427729658, 1734427729980, 1734427730261, 1734427730583, 1734427730864, 
end timestamps: 1734427638395, 1734427638700, 1734427639008, 1734427639316, 1734427639628, 1734427639941, 1734427640253, 1734427640566, 1734427640875, 1734427641180, 1734427641484, 1734427641790, 1734427642099, 1734427642405, 1734427642715, 1734427643028, 1734427643347, 1734427643652, 1734427643958, 1734427644266, 1734427644592, 1734427644901, 1734427645215, 1734427645525, 1734427645840, 1734427646145, 1734427646448, 1734427646752, 1734427647055, 1734427647359, 1734427647668, 1734427647979, 1734427648295, 1734427648604, 1734427648911, 1734427649216, 1734427649526, 1734427649848, 1734427650156, 1734427650465, 1734427650770, 1734427651081, 1734427651384, 1734427651692, 1734427652003, 1734427652309, 1734427652621, 1734427652926, 1734427653237, 1734427653551, 1734427653868, 1734427654173, 1734427654476, 1734427654804, 1734427655146, 1734427655468, 1734427655776, 1734427656083, 1734427656395, 1734427656704, 1734427657012, 1734427657316, 1734427657629, 1734427657935, 1734427658239, 1734427658555, 1734427658875, 1734427659186, 1734427659508, 1734427659818, 1734427660151, 1734427660464, 1734427660767, 1734427661070, 1734427661375, 1734427661681, 1734427661989, 1734427662294, 1734427662599, 1734427662902, 1734427663213, 1734427663526, 1734427663831, 1734427664162, 1734427664470, 1734427664780, 1734427665090, 1734427665395, 1734427665706, 1734427666020, 1734427666337, 1734427666639, 1734427666941, 1734427667246, 1734427667553, 1734427667864, 1734427668168, 1734427668479, 1734427668795, 1734427669103, 1734427669418, 1734427669725, 1734427670035, 1734427670346, 1734427670654, 1734427670960, 1734427671266, 1734427671577, 1734427671896, 1734427672204, 1734427672510, 1734427672821, 1734427673128, 1734427673439, 1734427673754, 1734427674068, 1734427674378, 1734427674685, 1734427674999, 1734427675306, 1734427675613, 1734427675918, 1734427676220, 1734427676540, 1734427676862, 1734427677181, 1734427677495, 1734427677802, 1734427678111, 1734427678421, 1734427678730, 1734427679037, 1734427679340, 1734427679651, 1734427679968, 1734427680283, 1734427680592, 1734427680903, 1734427681210, 1734427681521, 1734427681839, 1734427682157, 1734427682480, 1734427682804, 1734427683113, 1734427683425, 1734427683739, 1734427684056, 1734427684380, 1734427684692, 1734427685003, 1734427685307, 1734427685615, 1734427685918, 1734427686232, 1734427686566, 1734427686880, 1734427687186, 1734427687497, 1734427687804, 1734427688110, 1734427688429, 1734427688738, 1734427689041, 1734427689360, 1734427689678, 1734427689986, 1734427690292, 1734427690595, 1734427690902, 1734427691213, 1734427691532, 1734427691847, 1734427692168, 1734427692474, 1734427692783, 1734427693092, 1734427693403, 1734427693708, 1734427694011, 1734427694318, 1734427694624, 1734427694936, 1734427695243, 1734427695555, 1734427695862, 1734427696165, 1734427696470, 1734427696774, 1734427697081, 1734427697402, 1734427697712, 1734427698026, 1734427698334, 1734427698640, 1734427698946, 1734427699261, 1734427699576, 1734427699886, 1734427700198, 1734427700506, 1734427700814, 1734427701128, 1734427701435, 1734427701751, 1734427702062, 1734427702374, 1734427702678, 1734427702980, 1734427703288, 1734427703600, 1734427703954, 1734427704300, 1734427704615, 1734427704925, 1734427705256, 1734427705581, 1734427705885, 1734427706189, 1734427706494, 1734427706797, 1734427707101, 1734427707421, 1734427707734, 1734427708048, 1734427708360, 1734427708670, 1734427708980, 1734427709283, 1734427709591, 1734427709914, 1734427710222, 1734427710526, 1734427710830, 1734427711132, 1734427711436, 1734427711740, 1734427712051, 1734427712354, 1734427712662, 1734427712965, 1734427713276, 1734427713581, 1734427713898, 1734427714206, 1734427714509, 1734427714813, 1734427715125, 1734427715430, 1734427715743, 1734427716046, 1734427716348, 1734427716650, 1734427716958, 1734427717262, 1734427717569, 1734427717875, 1734427718182, 1734427718486, 1734427718788, 1734427719090, 1734427719394, 1734427719699, 1734427720042, 1734427720361, 1734427720668, 1734427720981, 1734427721299, 1734427721611, 1734427721926, 1734427722236, 1734427722547, 1734427722862, 1734427723168, 1734427723475, 1734427723784, 1734427724088, 1734427724394, 1734427724700, 1734427725006, 1734427725310, 1734427725613, 1734427725916, 1734427726220, 1734427726532, 1734427726847, 1734427727157, 1734427727462, 1734427727768, 1734427728084, 1734427728390, 1734427728702, 1734427729009, 1734427729316, 1734427729627, 1734427729934, 1734427730241, 1734427730547, 1734427730853, 1734427731166, 1734427731472, 
Plugin Incoming Benchmark | start
size of start timestamps: 283
size of end timestamps: 282
latency: 320, 323, 330, 342, 340, 356, 325, 335, 352, 319, 341, 314, 334, 345, 319, 337, 323, 338, 341, 307, 334, 315, 321, 334, 328, 321, 335, 338, 348, 350, 333, 334, 327, 326, 363, 314, 358, 337, 340, 353, 341, 360, 344, 34, 4, -59, 5, 13, 20, 33, 5, -21, 3, 8, -12, -17, 0, -106, 6, 30, 37, 12, 25, 35, -18, -42, -7, 30, 7, -13, 20, 13, 5, -5, 3, -4, -11, 3, -3, 39, 5, -4, -11, -10, 5, -19, 7, -15, -15, -11, 37, 32, 44, -22, 12, 26, 41, 8, 19, 25, -16, 33, -9, -6, 3, 6, -1, -64, -3, 2, 18, -47, 9, 19, 31, 0, 11, 10, 3, -22, -3, -58, 37, -3, -28, 30, 22, -19, 32, 0, 10, -5, 5, 35, 0, -52, 25, 40, 2, 9, -22, 16, 22, 25, 40, -10, -10, 2, -52, 19, 23, 41, -18, -11, -48, 26, -16, 36, 0, 14, 16, 5, -10, 3, -10, -55, -1, 13, 27, -17, -9, 9, 2, -30, -29, 24, 40, 11, 24, 15, 16, -13, 38, 1, 21, -16, 22, -1, -18, 38, 8, 22, 16, -13, 7, -72, 37, 7, 14, 37, 34, -17, 22, 29, 36, 9, 7, -11, -34, -10, 26, 32, 30, -4, -23, 29, 32, 27, -56, 32, 8, -30, -7, 40, 5, 21, 29, 41, -36, -7, -16, 42, 3, -12, -367, -368, -349, -302, -314, -318, -320, -340, -336, -352, -381, -377, -340, -341, -298, -332, -337, -281, -359, -382, -356, -352, -332, -332, -329, -368, -312, -379, -370, -308, -288, -267, -297, -284, -321, -362, -338, -330, -295, -337, -358, -400, -294, -282, -298, -344, -346, -390, 
start timestamps: 1734427638079, 1734427638400, 1734427638719, 1734427639032, 1734427639361, 1734427639667, 1734427639979, 1734427640293, 1734427640602, 1734427640911, 1734427641216, 1734427641521, 1734427641826, 1734427642141, 1734427642447, 1734427642754, 1734427643091, 1734427643401, 1734427643723, 1734427644036, 1734427644380, 1734427644727, 1734427645043, 1734427645359, 1734427645687, 1734427646018, 1734427646380, 1734427646747, 1734427647060, 1734427647386, 1734427647725, 1734427648053, 1734427648382, 1734427648711, 1734427649045, 1734427649416, 1734427649743, 1734427650092, 1734427650411, 1734427650724, 1734427651109, 1734427651508, 1734427651847, 1734427652157, 1734427652467, 1734427652854, 1734427653164, 1734427653479, 1734427653801, 1734427654110, 1734427654419, 1734427654767, 1734427655120, 1734427655437, 1734427655779, 1734427656110, 1734427656419, 1734427656849, 1734427657154, 1734427657458, 1734427657773, 1734427658079, 1734427658390, 1734427658705, 1734427659036, 1734427659385, 1734427659724, 1734427660057, 1734427660404, 1734427660751, 1734427661091, 1734427661423, 1734427661754, 1734427662089, 1734427662406, 1734427662739, 1734427663071, 1734427663427, 1734427663805, 1734427664134, 1734427664447, 1734427664780, 1734427665114, 1734427665437, 1734427665749, 1734427666096, 1734427666446, 1734427666790, 1734427667113, 1734427667437, 1734427667760, 1734427668088, 1734427668403, 1734427668747, 1734427669086, 1734427669395, 1734427669705, 1734427670017, 1734427670331, 1734427670650, 1734427671015, 1734427671338, 1734427671660, 1734427672031, 1734427672345, 1734427672665, 1734427673001, 1734427673387, 1734427673743, 1734427674067, 1734427674373, 1734427674767, 1734427675081, 1734427675393, 1734427675706, 1734427676016, 1734427676329, 1734427676656, 1734427676988, 1734427677340, 1734427677691, 1734427678070, 1734427678393, 1734427678712, 1734427679064, 1734427679377, 1734427679710, 1734427680076, 1734427680396, 1734427680709, 1734427681021, 1734427681361, 1734427681677, 1734427682017, 1734427682332, 1734427682755, 1734427683096, 1734427683406, 1734427683722, 1734427684041, 1734427684398, 1734427684730, 1734427685050, 1734427685372, 1734427685681, 1734427686010, 1734427686335, 1734427686697, 1734427687076, 1734427687423, 1734427687741, 1734427688052, 1734427688386, 1734427688707, 1734427689067, 1734427689410, 1734427689733, 1734427690051, 1734427690365, 1734427690677, 1734427691000, 1734427691336, 1734427691677, 1734427692037, 1734427692373, 1734427692788, 1734427693107, 1734427693419, 1734427693728, 1734427694051, 1734427694369, 1734427694676, 1734427695008, 1734427695365, 1734427695735, 1734427696055, 1734427696364, 1734427696672, 1734427696982, 1734427697318, 1734427697641, 1734427697995, 1734427698317, 1734427698632, 1734427698938, 1734427699300, 1734427699631, 1734427699981, 1734427700321, 1734427700636, 1734427700947, 1734427701257, 1734427701588, 1734427701942, 1734427702296, 1734427702698, 1734427703006, 1734427703317, 1734427703635, 1734427703981, 1734427704311, 1734427704687, 1734427705018, 1734427705338, 1734427705655, 1734427705961, 1734427706289, 1734427706632, 1734427706979, 1734427707327, 1734427707664, 1734427707982, 1734427708308, 1734427708621, 1734427708964, 1734427709286, 1734427709607, 1734427709938, 1734427710299, 1734427710627, 1734427710932, 1734427711294, 1734427711645, 1734427711968, 1734427712282, 1734427712591, 1734427712906, 1734427713221, 1734427713574, 1734427713919, 1734427714252, 1734427714565, 1734427714884, 1734427715224, 1734427715580, 1734427715951, 1734427716257, 1734427716582, 1734427716919, 1734427717249, 1734427717574, 1734427717919, 1734427718241, 1734427718582, 1734427718936, 1734427719304, 1734427719639, 1734427719965, 1734427720296, 1734427720655, 1734427720982, 1734427721300, 1734427721655, 1734427722003, 1734427722348, 1734427722670, 1734427723020, 1734427723346, 1734427723716, 1734427724031, 1734427724346, 1734427724739, 1734427725058, 1734427725366, 1734427725671, 1734427725977, 1734427726283, 1734427726597, 1734427726957, 1734427727279, 1734427727625, 1734427727945, 1734427728280, 1734427728603, 1734427728990, 1734427729311, 1734427729623, 1734427729940, 1734427730278, 1734427730605, 1734427730929, 1734427731302, 1734427731618, 
end timestamps: 1734427638399, 1734427638723, 1734427639049, 1734427639374, 1734427639701, 1734427640023, 1734427640304, 1734427640628, 1734427640954, 1734427641230, 1734427641557, 1734427641835, 1734427642160, 1734427642486, 1734427642766, 1734427643091, 1734427643414, 1734427643739, 1734427644064, 1734427644343, 1734427644714, 1734427645042, 1734427645364, 1734427645693, 1734427646015, 1734427646339, 1734427646715, 1734427647085, 1734427647408, 1734427647736, 1734427648058, 1734427648387, 1734427648709, 1734427649037, 1734427649408, 1734427649730, 1734427650101, 1734427650429, 1734427650751, 1734427651077, 1734427651450, 1734427651868, 1734427652191, 1734427652191, 1734427652471, 1734427652795, 1734427653169, 1734427653492, 1734427653821, 1734427654143, 1734427654424, 1734427654746, 1734427655123, 1734427655445, 1734427655767, 1734427656093, 1734427656419, 1734427656743, 1734427657160, 1734427657488, 1734427657810, 1734427658091, 1734427658415, 1734427658740, 1734427659018, 1734427659343, 1734427659717, 1734427660087, 1734427660411, 1734427660738, 1734427661111, 1734427661436, 1734427661759, 1734427662084, 1734427662409, 1734427662735, 1734427663060, 1734427663430, 1734427663802, 1734427664173, 1734427664452, 1734427664776, 1734427665103, 1734427665427, 1734427665754, 1734427666077, 1734427666453, 1734427666775, 1734427667098, 1734427667426, 1734427667797, 1734427668120, 1734427668447, 1734427668725, 1734427669098, 1734427669421, 1734427669746, 1734427670025, 1734427670350, 1734427670675, 1734427670999, 1734427671371, 1734427671651, 1734427672025, 1734427672348, 1734427672671, 1734427673000, 1734427673323, 1734427673740, 1734427674069, 1734427674391, 1734427674720, 1734427675090, 1734427675412, 1734427675737, 1734427676016, 1734427676340, 1734427676666, 1734427676991, 1734427677318, 1734427677688, 1734427678012, 1734427678430, 1734427678709, 1734427679036, 1734427679407, 1734427679732, 1734427680057, 1734427680428, 1734427680709, 1734427681031, 1734427681356, 1734427681682, 1734427682052, 1734427682332, 1734427682703, 1734427683121, 1734427683446, 1734427683724, 1734427684050, 1734427684376, 1734427684746, 1734427685072, 1734427685397, 1734427685721, 1734427686000, 1734427686325, 1734427686699, 1734427687024, 1734427687442, 1734427687764, 1734427688093, 1734427688368, 1734427688696, 1734427689019, 1734427689436, 1734427689717, 1734427690087, 1734427690365, 1734427690691, 1734427691016, 1734427691341, 1734427691667, 1734427692040, 1734427692363, 1734427692733, 1734427693106, 1734427693432, 1734427693755, 1734427694034, 1734427694360, 1734427694685, 1734427695010, 1734427695335, 1734427695706, 1734427696079, 1734427696404, 1734427696683, 1734427697006, 1734427697333, 1734427697657, 1734427697982, 1734427698355, 1734427698633, 1734427698959, 1734427699284, 1734427699653, 1734427699980, 1734427700303, 1734427700674, 1734427700955, 1734427701279, 1734427701604, 1734427701929, 1734427702303, 1734427702626, 1734427703043, 1734427703324, 1734427703649, 1734427704018, 1734427704345, 1734427704670, 1734427705040, 1734427705367, 1734427705691, 1734427705970, 1734427706296, 1734427706621, 1734427706945, 1734427707317, 1734427707690, 1734427708014, 1734427708338, 1734427708617, 1734427708941, 1734427709315, 1734427709639, 1734427709965, 1734427710243, 1734427710659, 1734427710940, 1734427711264, 1734427711638, 1734427712008, 1734427712287, 1734427712612, 1734427712935, 1734427713262, 1734427713538, 1734427713912, 1734427714236, 1734427714607, 1734427714887, 1734427715212, 1734427715213, 1734427715583, 1734427715908, 1734427716280, 1734427716605, 1734427716931, 1734427717254, 1734427717579, 1734427717905, 1734427718230, 1734427718555, 1734427718927, 1734427719299, 1734427719624, 1734427719998, 1734427720323, 1734427720645, 1734427721019, 1734427721296, 1734427721621, 1734427721992, 1734427722318, 1734427722688, 1734427723014, 1734427723387, 1734427723663, 1734427724034, 1734427724360, 1734427724688, 1734427725058, 1734427725383, 1734427725710, 1734427725986, 1734427726313, 1734427726636, 1734427726917, 1734427727287, 1734427727615, 1734427727985, 1734427728266, 1734427728632, 1734427728911, 1734427729329, 1734427729658, 1734427729980, 1734427730261, 1734427730583, 1734427730912, 
