
**********************************************************
ConnectDAWs File Logger | only the ConnectionManagerThread will write to this file to avoid blocking calls inside the audio thread.
Log started: 17 Dec 2024 10:44:28am

Network Benchmark | start
size of start timestamps: 275
size of end timestamps: 275
latency: 315, 349, 359, 376, 384, 360, 393, 409, 432, 444, 456, 439, 439, 466, 472, 438, 398, 413, 368, 382, 407, 388, 352, 330, 324, 330, 338, 315, 313, 324, 315, 330, 337, 330, 319, 318, 337, 341, 318, 323, 319, 328, 331, 331, 318, 315, 331, 332, 336, 357, 356, 340, 336, 413, 452, 431, 404, 359, 314, 320, 342, 330, 319, 315, 322, 344, 317, 316, 321, 312, 328, 323, 315, 315, 332, 342, 347, 337, 324, 364, 358, 341, 350, 316, 319, 315, 324, 335, 362, 347, 339, 339, 342, 341, 342, 334, 319, 334, 321, 344, 374, 343, 323, 315, 315, 333, 314, 329, 324, 323, 327, 325, 350, 358, 346, 318, 327, 331, 327, 331, 344, 332, 338, 320, 327, 314, 321, 336, 337, 313, 317, 326, 322, 332, 342, 354, 351, 349, 315, 348, 425, 402, 392, 387, 385, 354, 325, 322, 321, 318, 329, 311, 344, 340, 319, 329, 318, 318, 316, 313, 320, 318, 318, 327, 331, 319, 315, 350, 345, 342, 404, 346, 347, 355, 340, 324, 317, 316, 334, 317, 332, 317, 313, 330, 335, 317, 315, 317, 321, 337, 347, 328, 330, 326, 331, 327, 347, 339, 325, 377, 379, 360, 337, 363, 356, 374, 388, 342, 317, 319, 313, 327, 322, 334, 319, 319, 317, 322, 336, 349, 357, 341, 322, 323, 323, 336, 354, 350, 337, 392, 361, 325, 317, 316, 318, 330, 330, 313, 320, 330, 339, 330, 323, 327, 321, 319, 336, 327, 324, 322, 340, 315, 315, 310, 329, 330, 323, 327, 325, 380, 353, 328, 327, 353, 338, 323, 313, 325, 351, 364, 369, 342, 314, 332, 312, 
start timestamps: 1734428576466, 1734428576784, 1734428577088, 1734428577382, 1734428577691, 1734428578020, 1734428578304, 1734428578597, 1734428578894, 1734428579212, 1734428579517, 1734428579844, 1734428580158, 1734428580462, 1734428580778, 1734428581129, 1734428581479, 1734428581782, 1734428582141, 1734428582447, 1734428582792, 1734428583120, 1734428583471, 1734428583801, 1734428584121, 1734428584483, 1734428584812, 1734428585195, 1734428585521, 1734428585845, 1734428586173, 1734428586532, 1734428586848, 1734428587186, 1734428587530, 1734428587851, 1734428588172, 1734428588482, 1734428588832, 1734428589140, 1734428589481, 1734428589811, 1734428590162, 1734428590510, 1734428590849, 1734428591180, 1734428591523, 1734428591882, 1734428592206, 1734428592508, 1734428592830, 1734428593207, 1734428593530, 1734428593845, 1734428594143, 1734428594486, 1734428594850, 1734428595211, 1734428595578, 1734428595895, 1734428596225, 1734428596551, 1734428596882, 1734428597266, 1734428597600, 1734428597930, 1734428598285, 1734428598625, 1734428598977, 1734428599292, 1734428599593, 1734428599940, 1734428600278, 1734428600612, 1734428600940, 1734428601274, 1734428601583, 1734428601910, 1734428602294, 1734428602688, 1734428603011, 1734428603338, 1734428603643, 1734428604005, 1734428604377, 1734428604717, 1734428605029, 1734428605334, 1734428605664, 1734428606002, 1734428606341, 1734428606702, 1734428607016, 1734428607337, 1734428607664, 1734428607989, 1734428608322, 1734428608652, 1734428608986, 1734428609288, 1734428609592, 1734428609937, 1734428610264, 1734428610604, 1734428610955, 1734428611264, 1734428611613, 1734428611938, 1734428612295, 1734428612631, 1734428612947, 1734428613311, 1734428613660, 1734428614006, 1734428614323, 1734428614660, 1734428614969, 1734428615290, 1734428615635, 1734428615971, 1734428616275, 1734428616603, 1734428616912, 1734428617238, 1734428617606, 1734428617938, 1734428618264, 1734428618571, 1734428618896, 1734428619249, 1734428619569, 1734428619924, 1734428620260, 1734428620591, 1734428620926, 1734428621247, 1734428621576, 1734428621893, 1734428622238, 1734428622579, 1734428622910, 1734428623250, 1734428623572, 1734428623894, 1734428624209, 1734428624556, 1734428624932, 1734428625298, 1734428625643, 1734428625964, 1734428626269, 1734428626642, 1734428626972, 1734428627292, 1734428627625, 1734428627934, 1734428628253, 1734428628592, 1734428628957, 1734428629300, 1734428629606, 1734428629929, 1734428630304, 1734428630643, 1734428630997, 1734428631322, 1734428631633, 1734428631957, 1734428632287, 1734428632607, 1734428632942, 1734428633311, 1734428633623, 1734428633934, 1734428634279, 1734428634632, 1734428634954, 1734428635275, 1734428635621, 1734428635967, 1734428636289, 1734428636617, 1734428636963, 1734428637286, 1734428637610, 1734428637960, 1734428638317, 1734428638653, 1734428638980, 1734428639279, 1734428639591, 1734428639932, 1734428640296, 1734428640627, 1734428640935, 1734428641264, 1734428641608, 1734428642008, 1734428642357, 1734428642659, 1734428642977, 1734428643306, 1734428643668, 1734428643970, 1734428644284, 1734428644649, 1734428644970, 1734428645330, 1734428645694, 1734428646013, 1734428646348, 1734428646700, 1734428647023, 1734428647380, 1734428647705, 1734428648044, 1734428648382, 1734428648741, 1734428649108, 1734428649423, 1734428649727, 1734428650057, 1734428650385, 1734428650725, 1734428651082, 1734428651391, 1734428651695, 1734428652008, 1734428652335, 1734428652669, 1734428653017, 1734428653378, 1734428653710, 1734428654031, 1734428654373, 1734428654705, 1734428655023, 1734428655353, 1734428655685, 1734428656015, 1734428656329, 1734428656659, 1734428656996, 1734428657332, 1734428657652, 1734428657989, 1734428658334, 1734428658667, 1734428658992, 1734428659335, 1734428659670, 1734428660018, 1734428660372, 1734428660725, 1734428661051, 1734428661366, 1734428661685, 1734428661996, 1734428662337, 1734428662675, 1734428663023, 1734428663369, 1734428663698, 1734428664018, 1734428664360, 1734428664738, 1734428665096, 1734428665420, 1734428665720, 1734428666016, 1734428666330, 1734428666667, 1734428667011, 1734428667339, 1734428667708, 
end timestamps: 1734428576781, 1734428577133, 1734428577447, 1734428577758, 1734428578075, 1734428578380, 1734428578697, 1734428579006, 1734428579326, 1734428579656, 1734428579973, 1734428580283, 1734428580597, 1734428580928, 1734428581250, 1734428581567, 1734428581877, 1734428582195, 1734428582509, 1734428582829, 1734428583199, 1734428583508, 1734428583823, 1734428584131, 1734428584445, 1734428584813, 1734428585150, 1734428585510, 1734428585834, 1734428586169, 1734428586488, 1734428586862, 1734428587185, 1734428587516, 1734428587849, 1734428588169, 1734428588509, 1734428588823, 1734428589150, 1734428589463, 1734428589800, 1734428590139, 1734428590493, 1734428590841, 1734428591167, 1734428591495, 1734428591854, 1734428592214, 1734428592542, 1734428592865, 1734428593186, 1734428593547, 1734428593866, 1734428594258, 1734428594595, 1734428594917, 1734428595254, 1734428595570, 1734428595892, 1734428596215, 1734428596567, 1734428596881, 1734428597201, 1734428597581, 1734428597922, 1734428598274, 1734428598602, 1734428598941, 1734428599298, 1734428599604, 1734428599921, 1734428600263, 1734428600593, 1734428600927, 1734428601272, 1734428601616, 1734428601930, 1734428602247, 1734428602618, 1734428603052, 1734428603369, 1734428603679, 1734428603993, 1734428604321, 1734428604696, 1734428605032, 1734428605353, 1734428605669, 1734428606026, 1734428606349, 1734428606680, 1734428607041, 1734428607358, 1734428607678, 1734428608006, 1734428608323, 1734428608641, 1734428608986, 1734428609307, 1734428609632, 1734428609966, 1734428610280, 1734428610587, 1734428610919, 1734428611270, 1734428611597, 1734428611927, 1734428612267, 1734428612619, 1734428612954, 1734428613274, 1734428613636, 1734428614010, 1734428614364, 1734428614669, 1734428614978, 1734428615296, 1734428615621, 1734428615962, 1734428616302, 1734428616619, 1734428616935, 1734428617250, 1734428617558, 1734428617933, 1734428618252, 1734428618585, 1734428618907, 1734428619233, 1734428619562, 1734428619886, 1734428620250, 1734428620582, 1734428620923, 1734428621268, 1734428621601, 1734428621927, 1734428622242, 1734428622553, 1734428622927, 1734428623335, 1734428623652, 1734428623964, 1734428624281, 1734428624594, 1734428624910, 1734428625257, 1734428625620, 1734428625964, 1734428626282, 1734428626598, 1734428626953, 1734428627316, 1734428627632, 1734428627944, 1734428628263, 1734428628571, 1734428628910, 1734428629273, 1734428629613, 1734428629926, 1734428630247, 1734428630622, 1734428630970, 1734428631328, 1734428631641, 1734428631948, 1734428632307, 1734428632632, 1734428632949, 1734428633346, 1734428633657, 1734428633970, 1734428634289, 1734428634619, 1734428634956, 1734428635271, 1734428635591, 1734428635955, 1734428636284, 1734428636621, 1734428636934, 1734428637276, 1734428637616, 1734428637945, 1734428638277, 1734428638632, 1734428638970, 1734428639301, 1734428639616, 1734428639938, 1734428640260, 1734428640626, 1734428640953, 1734428641266, 1734428641591, 1734428641955, 1734428642347, 1734428642682, 1734428643036, 1734428643356, 1734428643666, 1734428644005, 1734428644333, 1734428644640, 1734428645023, 1734428645358, 1734428645672, 1734428646011, 1734428646332, 1734428646661, 1734428647027, 1734428647345, 1734428647714, 1734428648024, 1734428648363, 1734428648699, 1734428649063, 1734428649444, 1734428649772, 1734428650084, 1734428650398, 1734428650707, 1734428651048, 1734428651405, 1734428651727, 1734428652049, 1734428652358, 1734428652672, 1734428653061, 1734428653378, 1734428653703, 1734428654027, 1734428654347, 1734428654691, 1734428655035, 1734428655353, 1734428655666, 1734428656005, 1734428656345, 1734428656668, 1734428656989, 1734428657319, 1734428657659, 1734428657973, 1734428658308, 1734428658670, 1734428658994, 1734428659316, 1734428659657, 1734428660010, 1734428660333, 1734428660687, 1734428661035, 1734428661380, 1734428661696, 1734428662008, 1734428662323, 1734428662662, 1734428663055, 1734428663376, 1734428663697, 1734428664025, 1734428664371, 1734428664698, 1734428665061, 1734428665409, 1734428665745, 1734428666071, 1734428666380, 1734428666699, 1734428667009, 1734428667325, 1734428667671, 1734428668020, 
Plugin Outgoing Benchmark | start
size of start timestamps: 319
size of end timestamps: 293
latency: 315, 629, 899, 1165, 1443, 1717, 1983, 2259, 2552, 2824, 3098, 3357, 3618, 3795, 3783, 3773, 3753, 3784, 3767, 3753, 3736, 3722, 3702, 3683, 3722, 3710, 3699, 3683, 3706, 3688, 3678, 3713, 3706, 3694, 3743, 3725, 3710, 3744, 3732, 3719, 3756, 3747, 3734, 3769, 4083, 4072, 4058, 4044, 4365, 4353, 4394, 4385, 4371, 4368, 4415, 4400, 4381, 4363, 4395, 4379, 4370, 4348, 4395, 4383, 4366, 4670, 4647, 4625, 4611, 4924, 4904, 4944, 4934, 4964, 4953, 4942, 4928, 4971, 4972, 4960, 4997, 4992, 4984, 5010, 4996, 4977, 5023, 5010, 5008, 5036, 5020, 5014, 4997, 4983, 4969, 5003, 4991, 4977, 4957, 4990, 4985, 4967, 4953, 4983, 4980, 4977, 4966, 4990, 4972, 4947, 4929, 4980, 4974, 4958, 4999, 5305, 5301, 5281, 5299, 5626, 5668, 5650, 5631, 5624, 5669, 5661, 5654, 5688, 5667, 5657, 5654, 5691, 5679, 5662, 5645, 5683, 5628, 5614, 5612, 5920, 5958, 5958, 5958, 5970, 5997, 5978, 5964, 5968, 6001, 5987, 5977, 5956, 5982, 6298, 6287, 6273, 6275, 6580, 6613, 6598, 6579, 6569, 6555, 6540, 6522, 6505, 6547, 6539, 6528, 6516, 6550, 6534, 6525, 6558, 6868, 6851, 6834, 6847, 7159, 7139, 7169, 7149, 7133, 7160, 7161, 7152, 7187, 7177, 7166, 7207, 7204, 7185, 7172, 7203, 7188, 7174, 7157, 7180, 7162, 7142, 7118, 7107, 7136, 7120, 7166, 7148, 7134, 7119, 7112, 7144, 7133, 7122, 7114, 7115, 7151, 7142, 7125, 7148, 7139, 7116, 7155, 7133, 7163, 7144, 7459, 7443, 7468, 7451, 7425, 7455, 7430, 7438, 7453, 7484, 7481, 7458, 7438, 7417, 7450, 7434, 7428, 7406, 7439, 7427, 7405, 7443, 7443, 7476, 7456, 7456, 7490, 7475, 7463, 7491, 7802, 7790, 7778, 7765, 8074, 8060, 8047, 8081, 8071, 8106, 8090, 8086, 8120, 8102, 8092, 8119, 8109, 8106, 8098, 8143, 8134, 8117, 8104, 8084, 8112, 8101, 8101, 8139, 8127, 8107, 8139, 8127, 8111, 8100, 8131, 8111, 8101, 8411, 8396, 
start timestamps: 1734428576488, 1734428576488, 1734428576535, 1734428576581, 1734428576629, 1734428576673, 1734428576720, 1734428576766, 1734428576814, 1734428576862, 1734428576906, 1734428576953, 1734428576999, 1734428577138, 1734428577465, 1734428577790, 1734428578116, 1734428578392, 1734428578716, 1734428579041, 1734428579369, 1734428579692, 1734428580018, 1734428580343, 1734428580621, 1734428580945, 1734428581272, 1734428581598, 1734428581878, 1734428582201, 1734428582525, 1734428582804, 1734428583128, 1734428583454, 1734428583734, 1734428584058, 1734428584382, 1734428584661, 1734428584985, 1734428585314, 1734428585590, 1734428585917, 1734428586240, 1734428586520, 1734428586520, 1734428586843, 1734428587171, 1734428587494, 1734428587494, 1734428587822, 1734428588100, 1734428588425, 1734428588749, 1734428589076, 1734428589352, 1734428589679, 1734428590002, 1734428590327, 1734428590605, 1734428590933, 1734428591256, 1734428591581, 1734428591860, 1734428592187, 1734428592510, 1734428592510, 1734428592835, 1734428593160, 1734428593486, 1734428593486, 1734428593812, 1734428594088, 1734428594414, 1734428594695, 1734428595018, 1734428595343, 1734428595669, 1734428595949, 1734428596272, 1734428596597, 1734428596877, 1734428597203, 1734428597525, 1734428597806, 1734428598129, 1734428598458, 1734428598732, 1734428599061, 1734428599383, 1734428599664, 1734428599987, 1734428600312, 1734428600637, 1734428600963, 1734428601288, 1734428601566, 1734428601892, 1734428602215, 1734428602542, 1734428602820, 1734428603145, 1734428603473, 1734428603795, 1734428604076, 1734428604398, 1734428604723, 1734428605049, 1734428605330, 1734428605652, 1734428605981, 1734428606303, 1734428606581, 1734428606907, 1734428607235, 1734428607512, 1734428607513, 1734428607835, 1734428608161, 1734428608486, 1734428608486, 1734428608763, 1734428609091, 1734428609415, 1734428609741, 1734428610021, 1734428610346, 1734428610668, 1734428610946, 1734428611274, 1734428611598, 1734428611921, 1734428612202, 1734428612525, 1734428612853, 1734428613178, 1734428613457, 1734428613826, 1734428614155, 1734428614478, 1734428614478, 1734428614758, 1734428615081, 1734428615405, 1734428615731, 1734428616010, 1734428616335, 1734428616659, 1734428616985, 1734428617263, 1734428617588, 1734428617914, 1734428618239, 1734428618517, 1734428618517, 1734428618842, 1734428619167, 1734428619493, 1734428619493, 1734428619774, 1734428620096, 1734428620422, 1734428620746, 1734428621070, 1734428621395, 1734428621722, 1734428622047, 1734428622326, 1734428622650, 1734428622977, 1734428623302, 1734428623579, 1734428623904, 1734428624230, 1734428624508, 1734428624508, 1734428624833, 1734428625159, 1734428625484, 1734428625485, 1734428625811, 1734428626086, 1734428626415, 1734428626737, 1734428627018, 1734428627342, 1734428627668, 1734428627945, 1734428628271, 1734428628596, 1734428628874, 1734428629197, 1734428629527, 1734428629850, 1734428630130, 1734428630453, 1734428630781, 1734428631104, 1734428631385, 1734428631707, 1734428632031, 1734428632358, 1734428632680, 1734428632961, 1734428633288, 1734428633564, 1734428633891, 1734428634214, 1734428634543, 1734428634866, 1734428635146, 1734428635469, 1734428635792, 1734428636119, 1734428636442, 1734428636723, 1734428637051, 1734428637374, 1734428637655, 1734428637976, 1734428638306, 1734428638580, 1734428638909, 1734428639184, 1734428639507, 1734428639507, 1734428639834, 1734428640115, 1734428640437, 1734428640766, 1734428641040, 1734428641369, 1734428641692, 1734428642015, 1734428642295, 1734428642618, 1734428642945, 1734428643269, 1734428643597, 1734428643877, 1734428644200, 1734428644523, 1734428644850, 1734428645131, 1734428645453, 1734428645782, 1734428646057, 1734428646380, 1734428646659, 1734428646987, 1734428647310, 1734428647588, 1734428647916, 1734428648238, 1734428648519, 1734428648519, 1734428648844, 1734428649166, 1734428649492, 1734428649492, 1734428649818, 1734428650143, 1734428650422, 1734428650749, 1734428651025, 1734428651352, 1734428651676, 1734428651955, 1734428652281, 1734428652604, 1734428652884, 1734428653208, 1734428653534, 1734428653859, 1734428654138, 1734428654462, 1734428654788, 1734428655113, 1734428655438, 1734428655716, 1734428656042, 1734428656365, 1734428656645, 1734428656970, 1734428657294, 1734428657573, 1734428657899, 1734428658225, 1734428658548, 1734428658828, 1734428659153, 1734428659478, 1734428659479, 1734428659804, 1734428660082, 1734428660406, 1734428660731, 1734428661010, 1734428661334, 1734428661659, 1734428661988, 1734428662312, 1734428662635, 1734428662915, 1734428663239, 1734428663563, 1734428663844, 1734428664169, 1734428664494, 1734428664495, 1734428664820, 1734428665142, 1734428665423, 1734428665747, 1734428666026, 1734428666350, 1734428666677, 1734428667002, 1734428667280, 1734428667605, 
end timestamps: 1734428576803, 1734428577117, 1734428577434, 1734428577746, 1734428578072, 1734428578390, 1734428578703, 1734428579025, 1734428579366, 1734428579686, 1734428580004, 1734428580310, 1734428580617, 1734428580933, 1734428581248, 1734428581563, 1734428581869, 1734428582176, 1734428582483, 1734428582794, 1734428583105, 1734428583414, 1734428583720, 1734428584026, 1734428584343, 1734428584655, 1734428584971, 1734428585281, 1734428585584, 1734428585889, 1734428586203, 1734428586517, 1734428586834, 1734428587148, 1734428587477, 1734428587783, 1734428588092, 1734428588405, 1734428588717, 1734428589033, 1734428589346, 1734428589664, 1734428589974, 1734428590289, 1734428590603, 1734428590915, 1734428591229, 1734428591538, 1734428591859, 1734428592175, 1734428592494, 1734428592810, 1734428593120, 1734428593444, 1734428593767, 1734428594079, 1734428594383, 1734428594690, 1734428595000, 1734428595312, 1734428595626, 1734428595929, 1734428596255, 1734428596570, 1734428596876, 1734428597180, 1734428597482, 1734428597785, 1734428598097, 1734428598410, 1734428598716, 1734428599032, 1734428599348, 1734428599659, 1734428599971, 1734428600285, 1734428600597, 1734428600920, 1734428601244, 1734428601557, 1734428601874, 1734428602195, 1734428602509, 1734428602816, 1734428603125, 1734428603435, 1734428603755, 1734428604071, 1734428604391, 1734428604700, 1734428605007, 1734428605326, 1734428605634, 1734428605946, 1734428606257, 1734428606569, 1734428606883, 1734428607192, 1734428607499, 1734428607810, 1734428608130, 1734428608440, 1734428608748, 1734428609059, 1734428609378, 1734428609700, 1734428610015, 1734428610320, 1734428610624, 1734428610928, 1734428611232, 1734428611561, 1734428611881, 1734428612193, 1734428612511, 1734428612818, 1734428613136, 1734428613442, 1734428613785, 1734428614112, 1734428614431, 1734428614741, 1734428615046, 1734428615365, 1734428615690, 1734428616007, 1734428616322, 1734428616634, 1734428616941, 1734428617255, 1734428617575, 1734428617893, 1734428618204, 1734428618515, 1734428618823, 1734428619140, 1734428619454, 1734428619769, 1734428620090, 1734428620398, 1734428620716, 1734428621039, 1734428621363, 1734428621701, 1734428622007, 1734428622313, 1734428622623, 1734428622953, 1734428623264, 1734428623575, 1734428623891, 1734428624195, 1734428624499, 1734428624815, 1734428625129, 1734428625440, 1734428625768, 1734428626073, 1734428626387, 1734428626694, 1734428627001, 1734428627315, 1734428627625, 1734428627935, 1734428628244, 1734428628552, 1734428628873, 1734428629189, 1734428629505, 1734428629818, 1734428630129, 1734428630438, 1734428630755, 1734428631066, 1734428631376, 1734428631684, 1734428631993, 1734428632331, 1734428632644, 1734428632950, 1734428633255, 1734428633564, 1734428633870, 1734428634178, 1734428634503, 1734428634820, 1734428635132, 1734428635448, 1734428635762, 1734428636081, 1734428636401, 1734428636712, 1734428637022, 1734428637333, 1734428637641, 1734428637955, 1734428638261, 1734428638565, 1734428638869, 1734428639173, 1734428639476, 1734428639787, 1734428640097, 1734428640408, 1734428640730, 1734428641039, 1734428641348, 1734428641662, 1734428641978, 1734428642290, 1734428642602, 1734428642914, 1734428643233, 1734428643557, 1734428643874, 1734428644193, 1734428644499, 1734428644803, 1734428645115, 1734428645422, 1734428645735, 1734428646042, 1734428646347, 1734428646651, 1734428646966, 1734428647277, 1734428647583, 1734428647888, 1734428648191, 1734428648495, 1734428648799, 1734428649130, 1734428649468, 1734428649779, 1734428650099, 1734428650403, 1734428650707, 1734428651014, 1734428651327, 1734428651634, 1734428651951, 1734428652256, 1734428652570, 1734428652880, 1734428653187, 1734428653500, 1734428653823, 1734428654135, 1734428654443, 1734428654766, 1734428655078, 1734428655391, 1734428655701, 1734428656010, 1734428656321, 1734428656634, 1734428656944, 1734428657257, 1734428657566, 1734428657878, 1734428658190, 1734428658503, 1734428658820, 1734428659131, 1734428659442, 1734428659762, 1734428660075, 1734428660383, 1734428660696, 1734428661003, 1734428661317, 1734428661640, 1734428661957, 1734428662281, 1734428662596, 1734428662905, 1734428663217, 1734428663522, 1734428663828, 1734428664143, 1734428664466, 1734428664784, 1734428665097, 1734428665401, 1734428665712, 1734428666026, 1734428666336, 1734428666648, 1734428666959, 1734428667264, 1734428667579, 1734428667890, 1734428668200, 
Plugin Incoming Benchmark | start
size of start timestamps: 276
size of end timestamps: 278
latency: 340, 319, 330, 341, 357, 315, 335, 343, 362, 364, 361, 320, 337, 346, 343, 346, 309, 322, 328, 339, 330, 348, 316, 328, 342, -26, 22, -31, 18, 7, 13, -20, -344, -305, -322, -319, -313, -319, -323, -634, -646, -653, -682, -1025, -1041, -1047, -1016, -1374, -1331, -1334, -1331, -1366, -1316, -1388, -1378, -1389, -1368, -1353, -1311, -1303, -1332, -1270, -1316, -1373, -1384, -1367, -1371, -1430, -1368, -1356, -1291, -1306, -1321, -1285, -1334, -1368, -1351, -1295, -1340, -1460, -1394, -1432, -1418, -1378, -1333, -1350, -1335, -1326, -1349, -1305, -1302, -1354, -1345, -1287, -1328, -1287, -1285, -1289, -1298, -1289, -1288, -1296, -1287, -1289, -1317, -1299, -1323, -1322, -1357, -1365, -1368, -1350, -1373, -1421, -1374, -1357, -1338, -1286, -1259, -1268, -1316, -1307, -1300, -1287, -1279, -1288, -1332, -1324, -1321, -1296, -1293, -1324, -1334, -1350, -1364, -1363, -1322, -1322, -1314, -1296, -1387, -1381, -1376, -1407, -1354, -1250, -1266, -1309, -1331, -1369, -1358, -1355, -1381, -1321, -1314, -1350, -1294, -1259, -1298, -1362, -1344, -1342, -1390, -1359, -1388, -1387, -1375, -1327, -1300, -1297, -1379, -1360, -1348, -1336, -1344, -1263, -1305, -1301, -1329, -1343, -1337, -1341, -1366, -1311, -1315, -1340, -1371, -1384, -1333, -1327, -1311, -1263, -1306, -1314, -1306, -1299, -1317, -1347, -1372, -1455, -1441, -1385, -1298, -1293, -1293, -1349, -1339, -1344, -1366, -1358, -1321, -1349, -1344, -1332, -1378, -1346, -1359, -1394, -1386, -1403, -1396, -1382, -1325, -1288, -1316, -1312, -1307, -1302, -1287, -1302, -1296, -1294, -1348, -1342, -1311, -1320, -1318, -1317, -1323, -1329, -1282, -1278, -1334, -1297, -1296, -1306, -1328, -1335, -1333, -1353, -1361, -1339, -1366, -1395, -1396, -1347, -1338, -1278, -1291, -1371, -1350, -1346, -1350, -1370, -1273, -1367, -1400, -1397, -1344, -1348, -1284, -1278, -1273, -1274, -1318, -1313, 
start timestamps: 1734428576474, 1734428576819, 1734428577135, 1734428577449, 1734428577759, 1734428578077, 1734428578381, 1734428578698, 1734428579007, 1734428579328, 1734428579657, 1734428579975, 1734428580284, 1734428580599, 1734428580929, 1734428581252, 1734428581569, 1734428581879, 1734428582197, 1734428582511, 1734428582892, 1734428583201, 1734428583509, 1734428583824, 1734428584133, 1734428584501, 1734428584826, 1734428585204, 1734428585529, 1734428585862, 1734428586182, 1734428586540, 1734428586864, 1734428587195, 1734428587538, 1734428587860, 1734428588180, 1734428588511, 1734428588841, 1734428589152, 1734428589489, 1734428589819, 1734428590176, 1734428590519, 1734428590858, 1734428591189, 1734428591531, 1734428591890, 1734428592216, 1734428592543, 1734428592867, 1734428593226, 1734428593548, 1734428593943, 1734428594259, 1734428594597, 1734428594947, 1734428595255, 1734428595588, 1734428595903, 1734428596256, 1734428596569, 1734428596890, 1734428597275, 1734428597609, 1734428597964, 1734428598293, 1734428598633, 1734428598986, 1734428599301, 1734428599606, 1734428599949, 1734428600287, 1734428600621, 1734428600950, 1734428601308, 1734428601618, 1734428601932, 1734428602303, 1734428602748, 1734428603053, 1734428603371, 1734428603680, 1734428604013, 1734428604385, 1734428604727, 1734428605038, 1734428605354, 1734428605702, 1734428606028, 1734428606351, 1734428606728, 1734428607043, 1734428607360, 1734428607679, 1734428608008, 1734428608331, 1734428608661, 1734428608994, 1734428609309, 1734428609634, 1734428609967, 1734428610282, 1734428610611, 1734428610964, 1734428611272, 1734428611621, 1734428611945, 1734428612303, 1734428612639, 1734428612966, 1734428613319, 1734428613667, 1734428614041, 1734428614365, 1734428614671, 1734428614979, 1734428615298, 1734428615642, 1734428615979, 1734428616303, 1734428616621, 1734428616938, 1734428617252, 1734428617614, 1734428617947, 1734428618272, 1734428618587, 1734428618909, 1734428619257, 1734428619578, 1734428619933, 1734428620268, 1734428620610, 1734428620949, 1734428621274, 1734428621604, 1734428621928, 1734428622247, 1734428622599, 1734428623017, 1734428623337, 1734428623654, 1734428623966, 1734428624283, 1734428624596, 1734428624940, 1734428625306, 1734428625653, 1734428625972, 1734428626284, 1734428626651, 1734428627006, 1734428627318, 1734428627633, 1734428627950, 1734428628264, 1734428628601, 1734428628966, 1734428629307, 1734428629615, 1734428629938, 1734428630312, 1734428630652, 1734428631005, 1734428631332, 1734428631643, 1734428631965, 1734428632308, 1734428632634, 1734428633038, 1734428633348, 1734428633658, 1734428633972, 1734428634305, 1734428634640, 1734428634963, 1734428635283, 1734428635639, 1734428635976, 1734428636298, 1734428636625, 1734428636972, 1734428637293, 1734428637620, 1734428637968, 1734428638327, 1734428638662, 1734428638988, 1734428639303, 1734428639617, 1734428639939, 1734428640304, 1734428640635, 1734428640955, 1734428641272, 1734428641617, 1734428642017, 1734428642365, 1734428642728, 1734428643038, 1734428643357, 1734428643688, 1734428644006, 1734428644334, 1734428644712, 1734428645026, 1734428645359, 1734428645703, 1734428646023, 1734428646356, 1734428646708, 1734428647031, 1734428647389, 1734428647715, 1734428648053, 1734428648391, 1734428648750, 1734428649117, 1734428649456, 1734428649774, 1734428650086, 1734428650400, 1734428650733, 1734428651089, 1734428651407, 1734428651729, 1734428652051, 1734428652359, 1734428652747, 1734428653063, 1734428653387, 1734428653719, 1734428654039, 1734428654380, 1734428654713, 1734428655037, 1734428655361, 1734428655693, 1734428656024, 1734428656347, 1734428656669, 1734428657005, 1734428657339, 1734428657661, 1734428657997, 1734428658343, 1734428658676, 1734428659000, 1734428659344, 1734428659678, 1734428660026, 1734428660382, 1734428660733, 1734428661059, 1734428661381, 1734428661698, 1734428662009, 1734428662347, 1734428662751, 1734428663057, 1734428663378, 1734428663707, 1734428664052, 1734428664373, 1734428664748, 1734428665104, 1734428665429, 1734428665746, 1734428666073, 1734428666381, 1734428666701, 1734428667020, 1734428667348, 1734428667717, 1734428668034, 
end timestamps: 1734428576814, 1734428577138, 1734428577465, 1734428577790, 1734428578116, 1734428578392, 1734428578716, 1734428579041, 1734428579369, 1734428579692, 1734428580018, 1734428580295, 1734428580621, 1734428580945, 1734428581272, 1734428581598, 1734428581878, 1734428582201, 1734428582525, 1734428582850, 1734428583222, 1734428583549, 1734428583825, 1734428584152, 1734428584475, 1734428584475, 1734428584848, 1734428585173, 1734428585547, 1734428585869, 1734428586195, 1734428586520, 1734428586520, 1734428586890, 1734428587216, 1734428587541, 1734428587867, 1734428588192, 1734428588518, 1734428588518, 1734428588843, 1734428589166, 1734428589494, 1734428589494, 1734428589817, 1734428590142, 1734428590515, 1734428590516, 1734428590885, 1734428591209, 1734428591536, 1734428591860, 1734428592232, 1734428592555, 1734428592881, 1734428593208, 1734428593579, 1734428593902, 1734428594277, 1734428594600, 1734428594924, 1734428595299, 1734428595574, 1734428595902, 1734428596225, 1734428596597, 1734428596922, 1734428597203, 1734428597618, 1734428597945, 1734428598315, 1734428598643, 1734428598966, 1734428599336, 1734428599616, 1734428599940, 1734428600267, 1734428600637, 1734428600963, 1734428601288, 1734428601659, 1734428601939, 1734428602262, 1734428602635, 1734428603052, 1734428603377, 1734428603703, 1734428604028, 1734428604353, 1734428604723, 1734428605049, 1734428605374, 1734428605698, 1734428606073, 1734428606351, 1734428606721, 1734428607046, 1734428607372, 1734428607696, 1734428608020, 1734428608346, 1734428608671, 1734428608995, 1734428609322, 1734428609647, 1734428609973, 1734428610298, 1734428610623, 1734428610946, 1734428611274, 1734428611598, 1734428611969, 1734428612294, 1734428612620, 1734428612991, 1734428613314, 1734428613641, 1734428614012, 1734428614383, 1734428614711, 1734428614987, 1734428615314, 1734428615638, 1734428615965, 1734428616335, 1734428616659, 1734428616940, 1734428617263, 1734428617588, 1734428617961, 1734428618285, 1734428618609, 1734428618934, 1734428619260, 1734428619585, 1734428619911, 1734428620282, 1734428620606, 1734428620933, 1734428621303, 1734428621630, 1734428621956, 1734428622278, 1734428622559, 1734428622929, 1734428623346, 1734428623674, 1734428623997, 1734428624322, 1734428624603, 1734428624926, 1734428625296, 1734428625625, 1734428625997, 1734428626319, 1734428626600, 1734428626970, 1734428627342, 1734428627668, 1734428627945, 1734428628271, 1734428628596, 1734428628922, 1734428629293, 1734428629617, 1734428629945, 1734428630268, 1734428630638, 1734428631008, 1734428631337, 1734428631659, 1734428631988, 1734428632310, 1734428632636, 1734428632961, 1734428633377, 1734428633658, 1734428633982, 1734428634310, 1734428634633, 1734428634961, 1734428635284, 1734428635606, 1734428635982, 1734428636305, 1734428636628, 1734428636956, 1734428637278, 1734428637655, 1734428637976, 1734428638306, 1734428638676, 1734428638998, 1734428639321, 1734428639649, 1734428639973, 1734428640300, 1734428640670, 1734428640993, 1734428641273, 1734428641597, 1734428641972, 1734428642390, 1734428642713, 1734428643041, 1734428643363, 1734428643687, 1734428644015, 1734428644337, 1734428644665, 1734428645035, 1734428645359, 1734428645687, 1734428646057, 1734428646337, 1734428646707, 1734428647032, 1734428647356, 1734428647731, 1734428648053, 1734428648378, 1734428648704, 1734428649075, 1734428649445, 1734428649773, 1734428650095, 1734428650422, 1734428650749, 1734428651072, 1734428651445, 1734428651767, 1734428652093, 1734428652371, 1734428652697, 1734428653069, 1734428653393, 1734428653719, 1734428654044, 1734428654370, 1734428654695, 1734428655065, 1734428655391, 1734428655671, 1734428656042, 1734428656365, 1734428656691, 1734428657015, 1734428657341, 1734428657667, 1734428657991, 1734428658317, 1734428658687, 1734428659016, 1734428659338, 1734428659663, 1734428660034, 1734428660360, 1734428660731, 1734428661056, 1734428661380, 1734428661707, 1734428662032, 1734428662357, 1734428662682, 1734428663100, 1734428663381, 1734428663704, 1734428664032, 1734428664402, 1734428664725, 1734428665097, 1734428665423, 1734428665747, 1734428666074, 1734428666399, 1734428666721, 1734428667047, 1734428667372, 
