
**********************************************************
ConnectDAWs File Logger | only the ConnectionManagerThread will write to this file to avoid blocking calls inside the audio thread.
Log started: 17 Dec 2024 10:40:02am

Network Benchmark | start
size of start timestamps: 277
size of end timestamps: 277
latency: 318, 347, 344, 346, 372, 389, 395, 410, 406, 407, 398, 386, 396, 384, 363, 367, 326, 329, 331, 318, 317, 324, 331, 332, 320, 310, 314, 322, 324, 327, 330, 320, 361, 385, 344, 329, 346, 347, 360, 350, 326, 356, 371, 349, 334, 336, 319, 318, 342, 327, 326, 329, 331, 329, 337, 347, 325, 319, 321, 361, 384, 344, 336, 319, 319, 322, 322, 334, 337, 314, 319, 316, 390, 401, 361, 335, 311, 321, 323, 317, 327, 315, 327, 337, 329, 323, 314, 340, 345, 332, 336, 344, 324, 359, 335, 318, 321, 313, 313, 329, 424, 420, 391, 322, 315, 337, 350, 330, 317, 324, 338, 332, 333, 321, 312, 319, 324, 352, 334, 319, 312, 322, 327, 340, 339, 348, 325, 315, 328, 322, 340, 335, 395, 349, 361, 361, 319, 317, 367, 364, 358, 325, 377, 369, 366, 332, 323, 333, 323, 343, 322, 321, 327, 329, 317, 326, 334, 345, 319, 320, 318, 351, 325, 319, 319, 325, 327, 328, 319, 320, 317, 315, 330, 325, 321, 316, 317, 312, 311, 320, 330, 325, 319, 314, 315, 314, 331, 317, 321, 420, 381, 366, 339, 321, 345, 313, 320, 341, 354, 318, 321, 333, 318, 330, 314, 332, 335, 341, 319, 317, 342, 344, 346, 349, 322, 316, 310, 314, 317, 334, 353, 372, 314, 330, 322, 322, 344, 318, 320, 332, 366, 323, 317, 312, 317, 321, 333, 318, 316, 325, 335, 364, 340, 327, 327, 315, 322, 321, 315, 356, 350, 423, 431, 431, 409, 358, 326, 322, 314, 319, 317, 317, 316, 319, 357, 328, 353, 332, 316, 314, 321, 336, 323, 346, 345, 328, 340, 
start timestamps: 1734428309644, 1734428309933, 1734428310247, 1734428310550, 1734428310835, 1734428311133, 1734428311443, 1734428311743, 1734428312052, 1734428312355, 1734428312674, 1734428312998, 1734428313305, 1734428313635, 1734428313961, 1734428314265, 1734428314618, 1734428314940, 1734428315262, 1734428315594, 1734428315908, 1734428316224, 1734428316530, 1734428316891, 1734428317214, 1734428317570, 1734428317908, 1734428318212, 1734428318521, 1734428318909, 1734428319253, 1734428319595, 1734428319906, 1734428320224, 1734428320591, 1734428320935, 1734428321299, 1734428321610, 1734428321910, 1734428322237, 1734428322587, 1734428322924, 1734428323262, 1734428323595, 1734428323918, 1734428324225, 1734428324549, 1734428324872, 1734428325185, 1734428325513, 1734428325883, 1734428326191, 1734428326511, 1734428326855, 1734428327177, 1734428327482, 1734428327868, 1734428328203, 1734428328538, 1734428328873, 1734428329178, 1734428329529, 1734428329856, 1734428330235, 1734428330569, 1734428330890, 1734428331204, 1734428331509, 1734428331824, 1734428332171, 1734428332541, 1734428332873, 1734428333191, 1734428333508, 1734428333855, 1734428334190, 1734428334539, 1734428334886, 1734428335207, 1734428335564, 1734428335913, 1734428336259, 1734428336594, 1734428336940, 1734428337265, 1734428337684, 1734428338014, 1734428338335, 1734428338637, 1734428338965, 1734428339290, 1734428339612, 1734428339956, 1734428340290, 1734428340670, 1734428341005, 1734428341395, 1734428341754, 1734428342097, 1734428342411, 1734428342715, 1734428343031, 1734428343369, 1734428343743, 1734428344069, 1734428344387, 1734428344705, 1734428345045, 1734428345369, 1734428345725, 1734428346080, 1734428346396, 1734428346708, 1734428347030, 1734428347378, 1734428347721, 1734428348102, 1734428348425, 1734428348753, 1734428349076, 1734428349398, 1734428349750, 1734428350089, 1734428350427, 1734428350736, 1734428351042, 1734428351373, 1734428351719, 1734428352058, 1734428352418, 1734428352739, 1734428353053, 1734428353395, 1734428353755, 1734428354060, 1734428354380, 1734428354746, 1734428355118, 1734428355452, 1734428355779, 1734428356096, 1734428356436, 1734428356772, 1734428357164, 1734428357474, 1734428357821, 1734428358160, 1734428358502, 1734428358837, 1734428359192, 1734428359522, 1734428359837, 1734428360163, 1734428360521, 1734428360877, 1734428361178, 1734428361552, 1734428361915, 1734428362254, 1734428362572, 1734428362892, 1734428363212, 1734428363580, 1734428363933, 1734428364260, 1734428364559, 1734428364865, 1734428365178, 1734428365511, 1734428365863, 1734428366193, 1734428366516, 1734428366818, 1734428367154, 1734428367494, 1734428367838, 1734428368212, 1734428368537, 1734428368869, 1734428369190, 1734428369559, 1734428369918, 1734428370263, 1734428370590, 1734428370953, 1734428371327, 1734428371677, 1734428372007, 1734428372315, 1734428372650, 1734428373006, 1734428373334, 1734428373667, 1734428373998, 1734428374327, 1734428374693, 1734428375022, 1734428375341, 1734428375648, 1734428376003, 1734428376328, 1734428376653, 1734428377010, 1734428377319, 1734428377650, 1734428377994, 1734428378349, 1734428378666, 1734428378999, 1734428379342, 1734428379696, 1734428380018, 1734428380335, 1734428380644, 1734428381000, 1734428381364, 1734428381693, 1734428382016, 1734428382324, 1734428382629, 1734428382941, 1734428383266, 1734428383634, 1734428384005, 1734428384331, 1734428384657, 1734428385015, 1734428385360, 1734428385710, 1734428386048, 1734428386348, 1734428386703, 1734428387035, 1734428387380, 1734428387690, 1734428388041, 1734428388384, 1734428388712, 1734428389038, 1734428389401, 1734428389701, 1734428390002, 1734428390337, 1734428390663, 1734428391016, 1734428391344, 1734428391651, 1734428391991, 1734428392320, 1734428392691, 1734428393022, 1734428393353, 1734428393661, 1734428393971, 1734428394306, 1734428394669, 1734428395009, 1734428395327, 1734428395647, 1734428395978, 1734428396309, 1734428396641, 1734428396979, 1734428397305, 1734428397638, 1734428397981, 1734428398339, 1734428398666, 1734428398987, 1734428399360, 1734428399695, 1734428400061, 1734428400411, 1734428400710, 1734428401021, 1734428401351, 1734428401679, 
end timestamps: 1734428309962, 1734428310280, 1734428310591, 1734428310896, 1734428311207, 1734428311522, 1734428311838, 1734428312153, 1734428312458, 1734428312762, 1734428313072, 1734428313384, 1734428313701, 1734428314019, 1734428314324, 1734428314632, 1734428314944, 1734428315269, 1734428315593, 1734428315912, 1734428316225, 1734428316548, 1734428316861, 1734428317223, 1734428317534, 1734428317880, 1734428318222, 1734428318534, 1734428318845, 1734428319236, 1734428319583, 1734428319915, 1734428320267, 1734428320609, 1734428320935, 1734428321264, 1734428321645, 1734428321957, 1734428322270, 1734428322587, 1734428322913, 1734428323280, 1734428323633, 1734428323944, 1734428324252, 1734428324561, 1734428324868, 1734428325190, 1734428325527, 1734428325840, 1734428326209, 1734428326520, 1734428326842, 1734428327184, 1734428327514, 1734428327829, 1734428328193, 1734428328522, 1734428328859, 1734428329234, 1734428329562, 1734428329873, 1734428330192, 1734428330554, 1734428330888, 1734428331212, 1734428331526, 1734428331843, 1734428332161, 1734428332485, 1734428332860, 1734428333189, 1734428333581, 1734428333909, 1734428334216, 1734428334525, 1734428334850, 1734428335207, 1734428335530, 1734428335881, 1734428336240, 1734428336574, 1734428336921, 1734428337277, 1734428337594, 1734428338007, 1734428338328, 1734428338675, 1734428338982, 1734428339297, 1734428339626, 1734428339956, 1734428340280, 1734428340649, 1734428341005, 1734428341323, 1734428341716, 1734428342067, 1734428342410, 1734428342740, 1734428343139, 1734428343451, 1734428343760, 1734428344065, 1734428344384, 1734428344724, 1734428345055, 1734428345375, 1734428345686, 1734428346049, 1734428346418, 1734428346728, 1734428347041, 1734428347351, 1734428347690, 1734428348040, 1734428348426, 1734428348777, 1734428349087, 1734428349395, 1734428349710, 1734428350072, 1734428350416, 1734428350767, 1734428351075, 1734428351390, 1734428351698, 1734428352034, 1734428352386, 1734428352740, 1734428353079, 1734428353388, 1734428353790, 1734428354104, 1734428354421, 1734428354741, 1734428355065, 1734428355435, 1734428355819, 1734428356143, 1734428356454, 1734428356761, 1734428357149, 1734428357533, 1734428357840, 1734428358153, 1734428358483, 1734428358835, 1734428359160, 1734428359535, 1734428359844, 1734428360158, 1734428360490, 1734428360850, 1734428361194, 1734428361504, 1734428361886, 1734428362260, 1734428362573, 1734428362892, 1734428363210, 1734428363563, 1734428363905, 1734428364252, 1734428364579, 1734428364884, 1734428365192, 1734428365506, 1734428365830, 1734428366183, 1734428366510, 1734428366831, 1734428367148, 1734428367479, 1734428367815, 1734428368154, 1734428368529, 1734428368849, 1734428369180, 1734428369510, 1734428369889, 1734428370243, 1734428370582, 1734428370904, 1734428371268, 1734428371641, 1734428372008, 1734428372324, 1734428372636, 1734428373070, 1734428373387, 1734428373700, 1734428374006, 1734428374319, 1734428374672, 1734428375006, 1734428375342, 1734428375682, 1734428376002, 1734428376321, 1734428376649, 1734428376986, 1734428377328, 1734428377649, 1734428377964, 1734428378326, 1734428378684, 1734428379007, 1734428379318, 1734428379659, 1734428380038, 1734428380362, 1734428380681, 1734428380993, 1734428381322, 1734428381680, 1734428382003, 1734428382330, 1734428382641, 1734428382963, 1734428383294, 1734428383638, 1734428383948, 1734428384335, 1734428384653, 1734428384979, 1734428385359, 1734428385678, 1734428386030, 1734428386380, 1734428386714, 1734428387026, 1734428387352, 1734428387692, 1734428388007, 1734428388362, 1734428388717, 1734428389030, 1734428389354, 1734428389726, 1734428390036, 1734428390366, 1734428390677, 1734428390990, 1734428391343, 1734428391659, 1734428391973, 1734428392312, 1734428392635, 1734428393047, 1734428393372, 1734428393776, 1734428394092, 1734428394402, 1734428394715, 1734428395027, 1734428395335, 1734428395649, 1734428395961, 1734428396297, 1734428396626, 1734428396958, 1734428397295, 1734428397624, 1734428397995, 1734428398309, 1734428398692, 1734428398998, 1734428399303, 1734428399674, 1734428400016, 1734428400397, 1734428400734, 1734428401056, 1734428401366, 1734428401679, 1734428402019, 
Plugin Outgoing Benchmark | start
size of start timestamps: 318
size of end timestamps: 297
latency: 329, 598, 862, 1121, 1387, 1653, 1920, 2193, 2464, 2725, 2997, 3260, 3432, 3433, 3417, 3446, 3438, 3428, 3415, 3398, 3427, 3410, 3394, 3705, 3731, 3712, 3689, 3665, 3655, 3690, 3678, 3677, 3711, 3749, 3769, 3819, 3815, 3853, 3840, 3870, 3860, 3846, 3846, 3835, 3864, 3799, 3733, 3721, 3711, 3749, 3739, 3720, 3703, 3733, 3732, 3728, 3722, 3765, 3753, 4058, 4035, 4080, 4067, 4065, 4056, 4089, 4064, 4045, 4024, 4008, 3988, 4023, 4000, 4026, 4005, 3986, 4306, 4287, 4270, 4293, 4275, 4265, 4299, 4285, 4319, 4299, 4290, 4346, 4331, 4358, 4665, 4652, 4639, 4673, 4670, 4662, 4694, 4674, 4691, 4681, 4706, 4685, 4662, 4641, 4666, 4650, 4657, 4961, 4986, 4963, 4944, 4943, 4932, 4969, 4955, 4940, 4924, 4965, 4945, 4972, 4952, 4931, 4915, 4944, 5257, 5234, 5258, 5236, 5213, 5193, 5194, 5232, 5215, 5194, 5220, 5201, 5192, 5223, 5224, 5248, 5230, 5210, 5256, 5248, 5304, 5294, 5318, 5309, 5293, 5281, 5314, 5628, 5609, 5638, 5620, 5607, 5599, 5587, 5620, 5599, 5583, 5569, 5551, 5583, 5573, 5558, 5583, 5565, 5547, 5523, 5551, 5532, 5512, 5539, 5532, 5512, 5537, 5513, 5503, 5543, 5533, 5540, 5575, 5555, 5869, 5856, 5888, 5874, 5901, 5882, 5861, 5887, 5876, 5863, 5888, 5866, 5891, 5864, 6172, 6167, 6150, 6132, 6108, 6141, 6120, 6105, 6142, 6141, 6128, 6162, 6151, 6190, 6176, 6160, 6190, 6183, 6216, 6206, 6239, 6227, 6209, 6193, 6246, 6230, 6259, 6259, 6245, 6230, 6540, 6567, 6543, 6520, 6499, 6525, 6506, 6524, 6521, 6542, 6519, 6498, 6489, 6524, 6517, 6500, 6483, 6794, 6843, 6837, 6816, 6796, 6820, 6799, 6829, 6813, 6845, 6827, 6815, 6800, 6789, 6813, 6794, 6817, 6797, 6777, 6765, 6790, 6771, 6746, 6733, 6714, 6750, 6736, 6769, 6754, 6740, 6776, 6764, 6796, 6786, 6761, 6743, 6773, 6780, 6807, 6791, 6814, 6797, 6773, 6800, 6776, 6757, 6784, 6765, 6753, 6785, 6770, 6750, 
start timestamps: 1734428309647, 1734428309692, 1734428309738, 1734428309785, 1734428309831, 1734428309879, 1734428309925, 1734428309971, 1734428310017, 1734428310065, 1734428310110, 1734428310156, 1734428310298, 1734428310621, 1734428310946, 1734428311226, 1734428311552, 1734428311875, 1734428312200, 1734428312525, 1734428312803, 1734428313129, 1734428313454, 1734428313455, 1734428313732, 1734428314057, 1734428314382, 1734428314708, 1734428315031, 1734428315311, 1734428315636, 1734428315962, 1734428316243, 1734428316565, 1734428316890, 1734428317171, 1734428317493, 1734428317775, 1734428318099, 1734428318377, 1734428318701, 1734428319029, 1734428319351, 1734428319677, 1734428319955, 1734428320328, 1734428320702, 1734428321025, 1734428321350, 1734428321629, 1734428321951, 1734428322277, 1734428322602, 1734428322880, 1734428323206, 1734428323531, 1734428323857, 1734428324134, 1734428324460, 1734428324460, 1734428324788, 1734428325063, 1734428325390, 1734428325714, 1734428326041, 1734428326317, 1734428326645, 1734428326968, 1734428327295, 1734428327618, 1734428327947, 1734428328222, 1734428328549, 1734428328826, 1734428329152, 1734428329476, 1734428329476, 1734428329803, 1734428330126, 1734428330406, 1734428330729, 1734428331053, 1734428331333, 1734428331659, 1734428331937, 1734428332263, 1734428332588, 1734428332866, 1734428333191, 1734428333471, 1734428333471, 1734428333794, 1734428334119, 1734428334399, 1734428334724, 1734428335048, 1734428335329, 1734428335655, 1734428335978, 1734428336302, 1734428336583, 1734428336907, 1734428337232, 1734428337556, 1734428337836, 1734428338162, 1734428338484, 1734428338484, 1734428338765, 1734428339091, 1734428339416, 1734428339739, 1734428340067, 1734428340344, 1734428340670, 1734428340992, 1734428341319, 1734428341597, 1734428341922, 1734428342200, 1734428342525, 1734428342851, 1734428343175, 1734428343454, 1734428343454, 1734428343780, 1734428344058, 1734428344383, 1734428344709, 1734428345033, 1734428345359, 1734428345637, 1734428345962, 1734428346288, 1734428346565, 1734428346890, 1734428347216, 1734428347494, 1734428347821, 1734428348100, 1734428348424, 1734428348748, 1734428349027, 1734428349354, 1734428349631, 1734428349956, 1734428350235, 1734428350559, 1734428350886, 1734428351210, 1734428351488, 1734428351489, 1734428351813, 1734428352093, 1734428352418, 1734428352743, 1734428353069, 1734428353392, 1734428353670, 1734428353998, 1734428354321, 1734428354646, 1734428354972, 1734428355252, 1734428355574, 1734428355901, 1734428356180, 1734428356506, 1734428356828, 1734428357157, 1734428357434, 1734428357757, 1734428358082, 1734428358363, 1734428358687, 1734428359011, 1734428359290, 1734428359617, 1734428359941, 1734428360220, 1734428360544, 1734428360871, 1734428361148, 1734428361475, 1734428361475, 1734428361797, 1734428362078, 1734428362404, 1734428362681, 1734428363006, 1734428363330, 1734428363611, 1734428363935, 1734428364258, 1734428364538, 1734428364864, 1734428365141, 1734428365470, 1734428365470, 1734428365792, 1734428366117, 1734428366443, 1734428366769, 1734428367046, 1734428367372, 1734428367697, 1734428367975, 1734428368301, 1734428368626, 1734428368904, 1734428369231, 1734428369506, 1734428369832, 1734428370158, 1734428370438, 1734428370762, 1734428371041, 1734428371365, 1734428371643, 1734428371969, 1734428372294, 1734428372619, 1734428372897, 1734428373222, 1734428373502, 1734428373827, 1734428374152, 1734428374478, 1734428374478, 1734428374755, 1734428375081, 1734428375406, 1734428375732, 1734428376010, 1734428376335, 1734428376661, 1734428376983, 1734428377264, 1734428377589, 1734428377914, 1734428378237, 1734428378516, 1734428378841, 1734428379168, 1734428379492, 1734428379492, 1734428379771, 1734428380095, 1734428380422, 1734428380745, 1734428381024, 1734428381351, 1734428381629, 1734428381955, 1734428382232, 1734428382559, 1734428382881, 1734428383209, 1734428383532, 1734428383813, 1734428384136, 1734428384416, 1734428384740, 1734428385067, 1734428385390, 1734428385670, 1734428385993, 1734428386321, 1734428386644, 1734428386973, 1734428387248, 1734428387576, 1734428387852, 1734428388179, 1734428388503, 1734428388784, 1734428389106, 1734428389387, 1734428389709, 1734428390038, 1734428390360, 1734428390641, 1734428390963, 1734428391244, 1734428391567, 1734428391848, 1734428392170, 1734428392499, 1734428392774, 1734428393102, 1734428393425, 1734428393704, 1734428394028, 1734428394356, 1734428394631, 1734428394959, 1734428395282, 1734428395562, 1734428395885, 1734428396214, 1734428396536, 1734428396816, 1734428397139, 1734428397420, 1734428397743, 1734428398071, 1734428398393, 1734428398674, 1734428398996, 1734428399277, 1734428399600, 1734428399880, 1734428400204, 1734428400531, 1734428400812, 1734428401134, 1734428401457, 1734428401458, 
end timestamps: 1734428309976, 1734428310290, 1734428310600, 1734428310906, 1734428311218, 1734428311532, 1734428311845, 1734428312164, 1734428312481, 1734428312790, 1734428313107, 1734428313416, 1734428313730, 1734428314054, 1734428314363, 1734428314672, 1734428314990, 1734428315303, 1734428315615, 1734428315923, 1734428316230, 1734428316539, 1734428316848, 1734428317160, 1734428317463, 1734428317769, 1734428318071, 1734428318373, 1734428318686, 1734428319001, 1734428319314, 1734428319639, 1734428319954, 1734428320314, 1734428320659, 1734428320990, 1734428321308, 1734428321628, 1734428321939, 1734428322247, 1734428322561, 1734428322875, 1734428323197, 1734428323512, 1734428323819, 1734428324127, 1734428324435, 1734428324746, 1734428325061, 1734428325378, 1734428325690, 1734428325997, 1734428326305, 1734428326613, 1734428326938, 1734428327259, 1734428327579, 1734428327899, 1734428328213, 1734428328518, 1734428328823, 1734428329143, 1734428329457, 1734428329779, 1734428330097, 1734428330406, 1734428330709, 1734428331013, 1734428331319, 1734428331626, 1734428331935, 1734428332245, 1734428332549, 1734428332852, 1734428333157, 1734428333462, 1734428333782, 1734428334090, 1734428334396, 1734428334699, 1734428335004, 1734428335318, 1734428335632, 1734428335944, 1734428336256, 1734428336562, 1734428336878, 1734428337212, 1734428337522, 1734428337829, 1734428338136, 1734428338446, 1734428338758, 1734428339072, 1734428339394, 1734428339710, 1734428340023, 1734428340329, 1734428340669, 1734428340983, 1734428341289, 1734428341592, 1734428341894, 1734428342197, 1734428342502, 1734428342812, 1734428343141, 1734428343445, 1734428343751, 1734428344054, 1734428344360, 1734428344682, 1734428344999, 1734428345313, 1734428345625, 1734428345932, 1734428346243, 1734428346562, 1734428346867, 1734428347172, 1734428347477, 1734428347782, 1734428348090, 1734428348398, 1734428348711, 1734428349014, 1734428349316, 1734428349619, 1734428349922, 1734428350226, 1734428350553, 1734428350869, 1734428351177, 1734428351482, 1734428351785, 1734428352091, 1734428352408, 1734428352717, 1734428353045, 1734428353348, 1734428353654, 1734428353958, 1734428354283, 1734428354602, 1734428354935, 1734428355250, 1734428355553, 1734428355868, 1734428356179, 1734428356491, 1734428356802, 1734428357117, 1734428357422, 1734428357731, 1734428358038, 1734428358350, 1734428358668, 1734428358979, 1734428359290, 1734428359597, 1734428359904, 1734428360215, 1734428360523, 1734428360835, 1734428361147, 1734428361459, 1734428361763, 1734428362071, 1734428362375, 1734428362680, 1734428362985, 1734428363289, 1734428363594, 1734428363902, 1734428364219, 1734428364523, 1734428364827, 1734428365130, 1734428365444, 1734428365763, 1734428366077, 1734428366411, 1734428366723, 1734428367030, 1734428367344, 1734428367653, 1734428367966, 1734428368278, 1734428368582, 1734428368888, 1734428369191, 1734428369498, 1734428369811, 1734428370121, 1734428370426, 1734428370730, 1734428371032, 1734428371334, 1734428371642, 1734428371959, 1734428372267, 1734428372575, 1734428372877, 1734428373187, 1734428373492, 1734428373802, 1734428374117, 1734428374442, 1734428374754, 1734428375066, 1734428375382, 1734428375696, 1734428376008, 1734428376318, 1734428376628, 1734428376945, 1734428377257, 1734428377571, 1734428377882, 1734428378196, 1734428378503, 1734428378812, 1734428379143, 1734428379452, 1734428379761, 1734428380086, 1734428380397, 1734428380708, 1734428381018, 1734428381322, 1734428381624, 1734428381926, 1734428382231, 1734428382535, 1734428382841, 1734428383185, 1734428383504, 1734428383806, 1734428384108, 1734428384412, 1734428384726, 1734428385040, 1734428385358, 1734428385668, 1734428385975, 1734428386286, 1734428386614, 1734428386932, 1734428387238, 1734428387541, 1734428387844, 1734428388150, 1734428388458, 1734428388768, 1734428389077, 1734428389386, 1734428389696, 1734428390009, 1734428390321, 1734428390626, 1734428390930, 1734428391233, 1734428391537, 1734428391844, 1734428392155, 1734428392460, 1734428392764, 1734428393067, 1734428393377, 1734428393687, 1734428393998, 1734428394312, 1734428394621, 1734428394933, 1734428395243, 1734428395560, 1734428395870, 1734428396183, 1734428396495, 1734428396799, 1734428397103, 1734428397414, 1734428397743, 1734428398051, 1734428398358, 1734428398662, 1734428398967, 1734428399272, 1734428399574, 1734428399878, 1734428400182, 1734428400488, 1734428400793, 1734428401109, 1734428401416, 1734428401729, 1734428402032, 
Plugin Incoming Benchmark | start
size of start timestamps: 278
size of end timestamps: 280
latency: 317, 334, 340, 308, 328, 344, 351, 315, 326, 21, 40, 7, 21, 30, 36, 13, 26, 39, 41, 33, -2, 11, 15, -11, 36, -36, -5, 11, 29, -31, -2, -19, 38, 11, 43, 34, -2, 26, 40, 6, 8, -40, -18, 37, 4, 21, 39, -2, 11, -3, -35, 17, 28, 14, 14, 14, -27, 9, 2, -34, 8, 8, 10, -22, 14, 17, 29, 39, 0, -11, -54, -16, -74, 25, 22, 42, -9, -32, 20, -15, -37, -15, -20, 1, 46, -90, -1, 3, 41, 11, 22, -3, 6, -1, -8, 25, -40, -25, 1, 13, -77, 34, 1, -307, -297, -291, -296, -303, -295, -331, -360, -365, -302, -291, -307, -375, -382, -381, -308, -619, -611, -637, -699, -738, -671, -657, -601, -611, -672, -704, -701, -663, -740, -677, -714, -611, -619, -665, -1032, -1035, -1077, -1019, -985, -1044, -1077, -1384, -1391, -1354, -1269, -1349, -1359, -1344, -1300, -1332, -1317, -1349, -1389, -1424, -1391, -1385, -1382, -1361, -1326, -1352, -1356, -1342, -1274, -1259, -1261, -1286, -1293, -1287, -1319, -1323, -1294, -1310, -1362, -1355, -1365, -1366, -1405, -1395, -1417, -1414, -1407, -1408, -1433, -1393, -1379, -1475, -1429, -1373, -1362, -1343, -1283, -1293, -1298, -1338, -1347, -1301, -1301, -1304, -1335, -1320, -1324, -1342, -1326, -1330, -1327, -1341, -1374, -1343, -1334, -1331, -1339, -1323, -1327, -1324, -1308, -1292, -1253, -1279, -1268, -1359, -1363, -1366, -1350, -1419, -1349, -1359, -1362, -1326, -1329, -1348, -1284, -1314, -1330, -1329, -1337, -1372, -1364, -1303, -1310, -1291, -1267, -1315, -1252, -1316, -1318, -1354, -1394, -1445, -1423, -1457, -1350, -1339, -1233, -1213, -1208, -1260, -1267, -1273, -1329, -1332, -1366, -1366, -1370, -1369, -1347, -1345, -1353, -1348, -1375, -1412, -1362, -1350, -1275, -1257, 
start timestamps: 1734428309654, 1734428309964, 1734428310281, 1734428310593, 1734428310898, 1734428311208, 1734428311524, 1734428311840, 1734428312155, 1734428312460, 1734428312763, 1734428313074, 1734428313385, 1734428313702, 1734428314021, 1734428314325, 1734428314634, 1734428314950, 1734428315270, 1734428315603, 1734428315916, 1734428316232, 1734428316550, 1734428316901, 1734428317225, 1734428317577, 1734428317917, 1734428318225, 1734428318535, 1734428318918, 1734428319261, 1734428319604, 1734428319917, 1734428320269, 1734428320611, 1734428320944, 1734428321308, 1734428321647, 1734428321959, 1734428322271, 1734428322594, 1734428322968, 1734428323316, 1734428323635, 1734428323946, 1734428324254, 1734428324563, 1734428324880, 1734428325194, 1734428325530, 1734428325891, 1734428326210, 1734428326522, 1734428326864, 1734428327186, 1734428327515, 1734428327878, 1734428328213, 1734428328547, 1734428328906, 1734428329236, 1734428329563, 1734428329885, 1734428330243, 1734428330578, 1734428330899, 1734428331213, 1734428331528, 1734428331845, 1734428332181, 1734428332549, 1734428332882, 1734428333265, 1734428333583, 1734428333911, 1734428334218, 1734428334546, 1734428334894, 1734428335214, 1734428335574, 1734428335922, 1734428336270, 1734428336603, 1734428336951, 1734428337279, 1734428337693, 1734428338022, 1734428338344, 1734428338677, 1734428338984, 1734428339299, 1734428339649, 1734428339965, 1734428340298, 1734428340678, 1734428341014, 1734428341404, 1734428341762, 1734428342106, 1734428342420, 1734428342833, 1734428343141, 1734428343453, 1734428343761, 1734428344077, 1734428344396, 1734428344726, 1734428345057, 1734428345377, 1734428345735, 1734428346089, 1734428346420, 1734428346730, 1734428347043, 1734428347386, 1734428347729, 1734428348111, 1734428348433, 1734428348778, 1734428349089, 1734428349406, 1734428349758, 1734428350097, 1734428350461, 1734428350769, 1734428351077, 1734428351392, 1734428351729, 1734428352067, 1734428352426, 1734428352747, 1734428353081, 1734428353483, 1734428353792, 1734428354106, 1734428354422, 1734428354755, 1734428355126, 1734428355493, 1734428355821, 1734428356144, 1734428356456, 1734428356840, 1734428357224, 1734428357535, 1734428357842, 1734428358173, 1734428358511, 1734428358844, 1734428359201, 1734428359537, 1734428359845, 1734428360172, 1734428360531, 1734428360886, 1734428361196, 1734428361561, 1734428361922, 1734428362262, 1734428362581, 1734428362904, 1734428363254, 1734428363589, 1734428363941, 1734428364268, 1734428364581, 1734428364885, 1734428365194, 1734428365519, 1734428365872, 1734428366202, 1734428366524, 1734428366833, 1734428367163, 1734428367503, 1734428367846, 1734428368221, 1734428368545, 1734428368877, 1734428369200, 1734428369568, 1734428369928, 1734428370273, 1734428370598, 1734428370961, 1734428371335, 1734428371686, 1734428372016, 1734428372326, 1734428372749, 1734428373072, 1734428373389, 1734428373702, 1734428374008, 1734428374368, 1734428374702, 1734428375032, 1734428375350, 1734428375684, 1734428376012, 1734428376336, 1734428376662, 1734428377019, 1734428377330, 1734428377659, 1734428378003, 1734428378357, 1734428378686, 1734428379008, 1734428379349, 1734428379705, 1734428380045, 1734428380363, 1734428380683, 1734428381016, 1734428381373, 1734428381702, 1734428382025, 1734428382332, 1734428382643, 1734428382975, 1734428383325, 1734428383642, 1734428384013, 1734428384340, 1734428384666, 1734428385022, 1734428385369, 1734428385718, 1734428386056, 1734428386382, 1734428386716, 1734428387043, 1734428387389, 1734428387697, 1734428388050, 1734428388392, 1734428388720, 1734428389050, 1734428389409, 1734428389728, 1734428390038, 1734428390368, 1734428390678, 1734428391024, 1734428391353, 1734428391660, 1734428392000, 1734428392329, 1734428392736, 1734428393057, 1734428393430, 1734428393778, 1734428394093, 1734428394404, 1734428394716, 1734428395029, 1734428395336, 1734428395655, 1734428395986, 1734428396316, 1734428396650, 1734428396987, 1734428397313, 1734428397669, 1734428397997, 1734428398372, 1734428398694, 1734428398999, 1734428399368, 1734428399704, 1734428400069, 1734428400419, 1734428400736, 1734428401057, 1734428401368, 1734428401711, 1734428402021, 
end timestamps: 1734428309971, 1734428310298, 1734428310621, 1734428310901, 1734428311226, 1734428311552, 1734428311875, 1734428312155, 1734428312481, 1734428312481, 1734428312803, 1734428313081, 1734428313406, 1734428313732, 1734428314057, 1734428314338, 1734428314660, 1734428314989, 1734428315311, 1734428315636, 1734428315914, 1734428316243, 1734428316565, 1734428316890, 1734428317261, 1734428317541, 1734428317912, 1734428318236, 1734428318564, 1734428318887, 1734428319259, 1734428319585, 1734428319955, 1734428320280, 1734428320654, 1734428320978, 1734428321306, 1734428321673, 1734428321999, 1734428322277, 1734428322602, 1734428322928, 1734428323298, 1734428323672, 1734428323950, 1734428324275, 1734428324602, 1734428324878, 1734428325205, 1734428325527, 1734428325856, 1734428326227, 1734428326550, 1734428326878, 1734428327200, 1734428327529, 1734428327851, 1734428328222, 1734428328549, 1734428328872, 1734428329244, 1734428329571, 1734428329895, 1734428330221, 1734428330592, 1734428330916, 1734428331242, 1734428331567, 1734428331845, 1734428332170, 1734428332495, 1734428332866, 1734428333191, 1734428333608, 1734428333933, 1734428334260, 1734428334537, 1734428334862, 1734428335234, 1734428335559, 1734428335885, 1734428336255, 1734428336583, 1734428336952, 1734428337325, 1734428337603, 1734428338021, 1734428338347, 1734428338718, 1734428338995, 1734428339321, 1734428339646, 1734428339971, 1734428340297, 1734428340670, 1734428341039, 1734428341364, 1734428341737, 1734428342107, 1734428342433, 1734428342756, 1734428343175, 1734428343454, 1734428343454, 1734428343780, 1734428344105, 1734428344430, 1734428344754, 1734428345082, 1734428345404, 1734428345729, 1734428346055, 1734428346428, 1734428346752, 1734428347079, 1734428347354, 1734428347729, 1734428348052, 1734428348470, 1734428348470, 1734428348795, 1734428349121, 1734428349398, 1734428349723, 1734428350098, 1734428350420, 1734428350791, 1734428351118, 1734428351395, 1734428351722, 1734428352046, 1734428352418, 1734428352743, 1734428353115, 1734428353392, 1734428353811, 1734428354136, 1734428354461, 1734428354461, 1734428354786, 1734428355067, 1734428355437, 1734428355855, 1734428356180, 1734428356458, 1734428356458, 1734428356782, 1734428357157, 1734428357575, 1734428357852, 1734428358178, 1734428358501, 1734428358872, 1734428359199, 1734428359569, 1734428359847, 1734428360172, 1734428360498, 1734428360871, 1734428361196, 1734428361522, 1734428361893, 1734428362263, 1734428362589, 1734428362912, 1734428363239, 1734428363611, 1734428363935, 1734428364258, 1734428364586, 1734428364909, 1734428365237, 1734428365514, 1734428365840, 1734428366209, 1734428366536, 1734428366859, 1734428367190, 1734428367512, 1734428367834, 1734428368163, 1734428368533, 1734428368856, 1734428369184, 1734428369554, 1734428369927, 1734428370253, 1734428370623, 1734428370947, 1734428371274, 1734428371643, 1734428372016, 1734428372340, 1734428372665, 1734428373085, 1734428373409, 1734428373734, 1734428374012, 1734428374337, 1734428374711, 1734428375035, 1734428375358, 1734428375684, 1734428376010, 1734428376335, 1734428376661, 1734428377031, 1734428377356, 1734428377681, 1734428378008, 1734428378331, 1734428378702, 1734428379029, 1734428379352, 1734428379677, 1734428380050, 1734428380375, 1734428380701, 1734428381024, 1734428381351, 1734428381722, 1734428382046, 1734428382374, 1734428382654, 1734428382977, 1734428383300, 1734428383672, 1734428383950, 1734428384369, 1734428384697, 1734428385020, 1734428385390, 1734428385714, 1734428386041, 1734428386413, 1734428386736, 1734428387062, 1734428387391, 1734428387713, 1734428388037, 1734428388364, 1734428388735, 1734428389058, 1734428389387, 1734428389757, 1734428390038, 1734428390408, 1734428390684, 1734428391011, 1734428391382, 1734428391663, 1734428391985, 1734428392355, 1734428392636, 1734428393054, 1734428393377, 1734428393796, 1734428394123, 1734428394447, 1734428394726, 1734428395049, 1734428395377, 1734428395658, 1734428395981, 1734428396303, 1734428396631, 1734428397002, 1734428397325, 1734428397652, 1734428398023, 1734428398351, 1734428398721, 1734428399044, 1734428399324, 1734428399695, 1734428400018, 1734428400436, 1734428400764, 1734428401087, 1734428401367, 
