
**********************************************************
ConnectDAWs File Logger | only the ConnectionManagerThread will write to this file to avoid blocking calls inside the audio thread.
Log started: 17 Dec 2024 10:51:07am

Network Benchmark | start
size of start timestamps: 276
size of end timestamps: 276
latency: 333, 410, 425, 464, 485, 503, 499, 490, 493, 478, 463, 474, 476, 473, 479, 484, 513, 538, 524, 542, 522, 491, 489, 476, 462, 445, 439, 415, 351, 329, 320, 331, 333, 333, 322, 311, 317, 329, 323, 332, 313, 318, 334, 316, 311, 325, 331, 321, 317, 323, 320, 314, 362, 358, 330, 338, 314, 320, 325, 318, 326, 311, 318, 345, 331, 314, 330, 329, 317, 311, 315, 342, 329, 329, 339, 353, 350, 352, 335, 330, 321, 319, 383, 339, 321, 343, 326, 319, 313, 338, 331, 356, 335, 327, 320, 319, 331, 318, 332, 332, 337, 339, 318, 315, 326, 345, 344, 321, 323, 334, 323, 416, 401, 362, 333, 331, 320, 324, 316, 317, 317, 318, 319, 319, 341, 334, 326, 337, 352, 316, 327, 315, 317, 331, 316, 326, 321, 320, 330, 334, 330, 318, 357, 320, 356, 407, 357, 335, 314, 319, 319, 321, 321, 325, 335, 317, 320, 315, 325, 322, 331, 313, 314, 320, 316, 318, 318, 323, 327, 324, 317, 389, 373, 340, 327, 321, 318, 312, 332, 320, 329, 326, 320, 330, 314, 322, 313, 340, 319, 324, 328, 322, 322, 326, 332, 328, 327, 314, 323, 325, 356, 334, 323, 337, 330, 335, 330, 315, 323, 323, 327, 313, 314, 314, 330, 318, 335, 324, 324, 319, 325, 318, 320, 316, 314, 313, 318, 312, 311, 313, 317, 329, 342, 340, 383, 357, 355, 343, 330, 321, 317, 330, 333, 316, 319, 315, 315, 324, 313, 319, 322, 323, 317, 319, 320, 327, 330, 331, 315, 322, 326, 322, 387, 412, 380, 355, 333, 329, 325, 319, 314, 319, 314, 317, 323, 318, 
start timestamps: 1734428975926, 1734428976229, 1734428976524, 1734428976826, 1734428977115, 1734428977409, 1734428977734, 1734428978048, 1734428978367, 1734428978697, 1734428979021, 1734428979319, 1734428979644, 1734428979963, 1734428980263, 1734428980566, 1734428980848, 1734428981139, 1734428981478, 1734428981770, 1734428982100, 1734428982444, 1734428982759, 1734428983084, 1734428983419, 1734428983747, 1734428984061, 1734428984390, 1734428984759, 1734428985094, 1734428985422, 1734428985798, 1734428986137, 1734428986450, 1734428986803, 1734428987132, 1734428987452, 1734428987752, 1734428988070, 1734428988400, 1734428988748, 1734428989085, 1734428989460, 1734428989831, 1734428990170, 1734428990545, 1734428990849, 1734428991217, 1734428991561, 1734428991941, 1734428992290, 1734428992614, 1734428992913, 1734428993222, 1734428993598, 1734428993933, 1734428994278, 1734428994597, 1734428994898, 1734428995251, 1734428995629, 1734428995969, 1734428996295, 1734428996612, 1734428996932, 1734428997268, 1734428997600, 1734428997983, 1734428998316, 1734428998630, 1734428998962, 1734428999329, 1734428999653, 1734429000021, 1734429000326, 1734429000626, 1734429000947, 1734429001303, 1734429001631, 1734429001947, 1734429002283, 1734429002603, 1734429002927, 1734429003283, 1734429003655, 1734429003958, 1734429004287, 1734429004680, 1734429005000, 1734429005346, 1734429005689, 1734429005987, 1734429006314, 1734429006680, 1734429007020, 1734429007337, 1734429007666, 1734429008003, 1734429008342, 1734429008668, 1734429009015, 1734429009322, 1734429009659, 1734429009993, 1734429010344, 1734429010643, 1734429010956, 1734429011317, 1734429011657, 1734429011983, 1734429012348, 1734429012665, 1734429012991, 1734429013336, 1734429013672, 1734429013982, 1734429014311, 1734429014667, 1734429015000, 1734429015384, 1734429015731, 1734429016042, 1734429016372, 1734429016693, 1734429017023, 1734429017359, 1734429017758, 1734429018113, 1734429018417, 1734429018788, 1734429019129, 1734429019456, 1734429019779, 1734429020099, 1734429020424, 1734429020742, 1734429021083, 1734429021412, 1734429021722, 1734429022029, 1734429022395, 1734429022738, 1734429023087, 1734429023450, 1734429023757, 1734429024112, 1734429024468, 1734429024797, 1734429025133, 1734429025437, 1734429025742, 1734429026045, 1734429026382, 1734429026741, 1734429027126, 1734429027473, 1734429027785, 1734429028097, 1734429028431, 1734429028755, 1734429029134, 1734429029466, 1734429029771, 1734429030074, 1734429030400, 1734429030726, 1734429031085, 1734429031421, 1734429031737, 1734429032066, 1734429032397, 1734429032731, 1734429033053, 1734429033402, 1734429033727, 1734429034048, 1734429034369, 1734429034684, 1734429035017, 1734429035340, 1734429035671, 1734429036000, 1734429036335, 1734429036689, 1734429037061, 1734429037377, 1734429037713, 1734429038064, 1734429038400, 1734429038756, 1734429039060, 1734429039373, 1734429039713, 1734429040080, 1734429040421, 1734429040733, 1734429041049, 1734429041376, 1734429041705, 1734429042034, 1734429042383, 1734429042719, 1734429043038, 1734429043357, 1734429043694, 1734429044028, 1734429044341, 1734429044701, 1734429045002, 1734429045308, 1734429045660, 1734429045989, 1734429046306, 1734429046617, 1734429046978, 1734429047307, 1734429047643, 1734429047962, 1734429048267, 1734429048581, 1734429048931, 1734429049272, 1734429049614, 1734429049977, 1734429050300, 1734429050626, 1734429050943, 1734429051307, 1734429051635, 1734429051962, 1734429052268, 1734429052597, 1734429052939, 1734429053255, 1734429053628, 1734429053959, 1734429054265, 1734429054586, 1734429054919, 1734429055245, 1734429055590, 1734429055920, 1734429056240, 1734429056588, 1734429056908, 1734429057228, 1734429057544, 1734429057893, 1734429058236, 1734429058617, 1734429058927, 1734429059238, 1734429059573, 1734429059897, 1734429060256, 1734429060595, 1734429060909, 1734429061219, 1734429061543, 1734429061879, 1734429062204, 1734429062541, 1734429062843, 1734429063141, 1734429063484, 1734429063815, 1734429064143, 1734429064457, 1734429064822, 1734429065156, 1734429065493, 1734429065859, 1734429066205, 1734429066508, 1734429066849, 1734429067196, 
end timestamps: 1734428976259, 1734428976639, 1734428976949, 1734428977290, 1734428977600, 1734428977912, 1734428978233, 1734428978538, 1734428978860, 1734428979175, 1734428979484, 1734428979793, 1734428980120, 1734428980436, 1734428980742, 1734428981050, 1734428981361, 1734428981677, 1734428982002, 1734428982312, 1734428982622, 1734428982935, 1734428983248, 1734428983560, 1734428983881, 1734428984192, 1734428984500, 1734428984805, 1734428985110, 1734428985423, 1734428985742, 1734428986129, 1734428986470, 1734428986783, 1734428987125, 1734428987443, 1734428987769, 1734428988081, 1734428988393, 1734428988732, 1734428989061, 1734428989403, 1734428989794, 1734428990147, 1734428990481, 1734428990870, 1734428991180, 1734428991538, 1734428991878, 1734428992264, 1734428992610, 1734428992928, 1734428993275, 1734428993580, 1734428993928, 1734428994271, 1734428994592, 1734428994917, 1734428995223, 1734428995569, 1734428995955, 1734428996280, 1734428996613, 1734428996957, 1734428997263, 1734428997582, 1734428997930, 1734428998312, 1734428998633, 1734428998941, 1734428999277, 1734428999671, 1734428999982, 1734429000350, 1734429000665, 1734429000979, 1734429001297, 1734429001655, 1734429001966, 1734429002277, 1734429002604, 1734429002922, 1734429003310, 1734429003622, 1734429003976, 1734429004301, 1734429004613, 1734429004999, 1734429005313, 1734429005684, 1734429006020, 1734429006343, 1734429006649, 1734429007007, 1734429007340, 1734429007656, 1734429007997, 1734429008321, 1734429008674, 1734429009000, 1734429009352, 1734429009661, 1734429009977, 1734429010308, 1734429010670, 1734429010988, 1734429011300, 1734429011638, 1734429011980, 1734429012317, 1734429012671, 1734429013081, 1734429013392, 1734429013698, 1734429014005, 1734429014313, 1734429014631, 1734429014991, 1734429015316, 1734429015701, 1734429016048, 1734429016360, 1734429016691, 1734429017012, 1734429017364, 1734429017693, 1734429018084, 1734429018450, 1734429018769, 1734429019104, 1734429019456, 1734429019771, 1734429020096, 1734429020430, 1734429020740, 1734429021068, 1734429021404, 1734429021732, 1734429022052, 1734429022363, 1734429022725, 1734429023056, 1734429023444, 1734429023770, 1734429024113, 1734429024519, 1734429024825, 1734429025132, 1734429025447, 1734429025756, 1734429026061, 1734429026366, 1734429026703, 1734429027066, 1734429027461, 1734429027790, 1734429028105, 1734429028412, 1734429028756, 1734429029077, 1734429029465, 1734429029779, 1734429030085, 1734429030394, 1734429030716, 1734429031044, 1734429031403, 1734429031744, 1734429032064, 1734429032390, 1734429032714, 1734429033120, 1734429033426, 1734429033742, 1734429034054, 1734429034369, 1734429034687, 1734429034996, 1734429035349, 1734429035660, 1734429036000, 1734429036326, 1734429036655, 1734429037019, 1734429037375, 1734429037699, 1734429038026, 1734429038404, 1734429038719, 1734429039080, 1734429039388, 1734429039695, 1734429040035, 1734429040406, 1734429040753, 1734429041061, 1734429041376, 1734429041690, 1734429042028, 1734429042359, 1734429042739, 1734429043053, 1734429043361, 1734429043694, 1734429044024, 1734429044363, 1734429044671, 1734429045016, 1734429045325, 1734429045631, 1734429045987, 1734429046302, 1734429046620, 1734429046931, 1734429047308, 1734429047625, 1734429047978, 1734429048286, 1734429048591, 1734429048900, 1734429049256, 1734429049590, 1734429049934, 1734429050293, 1734429050614, 1734429050939, 1734429051261, 1734429051619, 1734429051946, 1734429052275, 1734429052585, 1734429052926, 1734429053281, 1734429053595, 1734429054011, 1734429054316, 1734429054620, 1734429054929, 1734429055249, 1734429055566, 1734429055907, 1734429056250, 1734429056573, 1734429056904, 1734429057227, 1734429057543, 1734429057859, 1734429058217, 1734429058549, 1734429058936, 1734429059249, 1734429059561, 1734429059890, 1734429060216, 1734429060576, 1734429060922, 1734429061239, 1734429061550, 1734429061858, 1734429062201, 1734429062530, 1734429062863, 1734429063230, 1734429063553, 1734429063864, 1734429064170, 1734429064476, 1734429064786, 1734429065147, 1734429065475, 1734429065807, 1734429066178, 1734429066519, 1734429066825, 1734429067172, 1734429067514, 
Plugin Outgoing Benchmark | start
size of start timestamps: 312
size of end timestamps: 294
latency: 320, 584, 847, 1115, 1380, 1640, 1905, 2166, 2423, 2704, 2989, 3252, 3427, 3420, 3452, 3430, 3735, 3725, 3717, 3745, 3724, 3700, 3678, 3672, 3715, 3701, 3685, 3705, 3684, 3659, 3640, 3677, 3666, 3694, 3677, 3653, 3635, 3663, 3655, 3688, 3678, 3723, 3714, 3698, 3733, 3714, 4021, 4004, 4045, 4055, 4089, 4083, 4077, 4067, 4059, 4097, 4074, 4057, 4086, 4074, 4065, 4049, 4023, 4006, 4029, 4013, 4001, 3980, 3963, 4004, 3985, 3976, 4006, 3986, 3968, 3996, 4006, 4040, 4027, 4338, 4321, 4365, 4350, 4329, 4356, 4341, 4321, 4347, 4328, 4317, 4324, 4353, 4333, 4311, 4339, 4318, 4310, 4303, 4334, 4328, 4327, 4358, 4340, 4363, 4294, 4322, 4346, 4379, 4364, 4675, 4659, 4692, 4668, 4655, 4634, 4617, 4645, 4653, 4688, 4676, 4656, 4639, 4623, 4654, 4642, 4633, 4675, 4672, 4658, 4695, 4683, 4719, 4683, 4726, 4711, 4699, 4725, 4735, 4717, 4711, 4743, 4751, 5083, 5067, 5058, 5035, 5061, 5046, 5027, 5012, 4989, 4969, 5000, 4982, 4971, 4958, 4945, 4928, 4913, 4891, 4915, 4897, 4929, 4912, 4895, 4922, 4911, 4888, 4912, 4895, 4876, 4927, 4910, 4891, 4919, 4909, 4938, 4919, 4896, 4923, 4907, 4890, 4916, 4899, 4923, 4914, 4903, 4893, 4921, 4898, 4940, 4922, 4915, 4955, 4942, 4970, 4953, 4932, 4971, 4953, 4951, 4980, 4978, 4960, 5262, 5303, 5307, 5310, 5306, 5334, 5313, 5306, 5303, 5347, 5335, 5359, 5347, 5333, 5318, 5300, 5324, 5304, 5284, 5265, 5255, 5238, 5264, 5255, 5235, 5224, 5217, 5254, 5256, 5271, 5333, 5322, 5309, 5333, 5315, 5349, 5331, 5311, 5339, 5318, 5296, 5328, 5311, 5292, 5273, 5254, 5233, 5209, 5191, 5182, 5224, 5210, 5202, 5243, 5226, 5255, 5239, 5227, 5272, 5254, 5280, 5266, 5258, 5290, 5273, 5309, 5293, 5282, 5267, 5301, 5278, 5267, 5241, 5282, 5267, 5265, 5266, 5295, 5603, 5596, 5580, 5616, 5605, 5595, 5573, 5599, 5588, 5571, 5594, 5578, 
start timestamps: 1734428975884, 1734428975932, 1734428975975, 1734428976023, 1734428976069, 1734428976117, 1734428976161, 1734428976208, 1734428976254, 1734428976302, 1734428976350, 1734428976397, 1734428976535, 1734428976857, 1734428977138, 1734428977462, 1734428977463, 1734428977788, 1734428978111, 1734428978392, 1734428978716, 1734428979043, 1734428979366, 1734428979694, 1734428979969, 1734428980297, 1734428980619, 1734428980901, 1734428981224, 1734428981551, 1734428981874, 1734428982155, 1734428982477, 1734428982758, 1734428983081, 1734428983409, 1734428983732, 1734428984012, 1734428984335, 1734428984615, 1734428984944, 1734428985219, 1734428985542, 1734428985871, 1734428986152, 1734428986474, 1734428986474, 1734428986797, 1734428987077, 1734428987400, 1734428987681, 1734428988004, 1734428988332, 1734428988654, 1734428988983, 1734428989257, 1734428989586, 1734428989908, 1734428990189, 1734428990511, 1734428990839, 1734428991163, 1734428991491, 1734428991813, 1734428992094, 1734428992416, 1734428992740, 1734428993067, 1734428993391, 1734428993670, 1734428993995, 1734428994321, 1734428994598, 1734428994924, 1734428995249, 1734428995527, 1734428995852, 1734428996132, 1734428996459, 1734428996459, 1734428996780, 1734428997061, 1734428997384, 1734428997712, 1734428997988, 1734428998315, 1734428998640, 1734428998918, 1734428999243, 1734428999568, 1734428999894, 1734429000174, 1734429000497, 1734429000825, 1734429001101, 1734429001428, 1734429001751, 1734429002079, 1734429002354, 1734429002682, 1734429003005, 1734429003286, 1734429003608, 1734429003888, 1734429004259, 1734429004539, 1734429004862, 1734429005142, 1734429005465, 1734429005465, 1734429005793, 1734429006068, 1734429006396, 1734429006718, 1734429007048, 1734429007371, 1734429007651, 1734429007974, 1734429008254, 1734429008578, 1734429008905, 1734429009228, 1734429009551, 1734429009831, 1734429010159, 1734429010481, 1734429010763, 1734429011086, 1734429011413, 1734429011688, 1734429012017, 1734429012297, 1734429012668, 1734429012948, 1734429013271, 1734429013593, 1734429013874, 1734429014196, 1734429014525, 1734429014847, 1734429015128, 1734429015450, 1734429015451, 1734429015775, 1734429016101, 1734429016427, 1734429016704, 1734429017028, 1734429017354, 1734429017679, 1734429018005, 1734429018331, 1734429018609, 1734429018934, 1734429019259, 1734429019584, 1734429019910, 1734429020236, 1734429020558, 1734429020884, 1734429021164, 1734429021488, 1734429021766, 1734429022091, 1734429022417, 1734429022695, 1734429023019, 1734429023345, 1734429023626, 1734429023948, 1734429024277, 1734429024553, 1734429024880, 1734429025202, 1734429025483, 1734429025807, 1734429026086, 1734429026410, 1734429026737, 1734429027014, 1734429027340, 1734429027665, 1734429027943, 1734429028268, 1734429028547, 1734429028871, 1734429029197, 1734429029521, 1734429029800, 1734429030125, 1734429030405, 1734429030731, 1734429031054, 1734429031334, 1734429031658, 1734429031938, 1734429032261, 1734429032589, 1734429032865, 1734429033192, 1734429033515, 1734429033795, 1734429034118, 1734429034446, 1734429034446, 1734429034724, 1734429035049, 1734429035373, 1734429035700, 1734429035978, 1734429036303, 1734429036627, 1734429036954, 1734429037235, 1734429037557, 1734429037838, 1734429038160, 1734429038485, 1734429038811, 1734429039135, 1734429039414, 1734429039738, 1734429040065, 1734429040388, 1734429040714, 1734429041038, 1734429041318, 1734429041642, 1734429041969, 1734429042293, 1734429042620, 1734429042898, 1734429043222, 1734429043546, 1734429043825, 1734429044153, 1734429044475, 1734429044756, 1734429045081, 1734429045359, 1734429045683, 1734429046009, 1734429046290, 1734429046613, 1734429046941, 1734429047216, 1734429047540, 1734429047867, 1734429048192, 1734429048518, 1734429048842, 1734429049169, 1734429049491, 1734429049815, 1734429050094, 1734429050423, 1734429050745, 1734429051026, 1734429051349, 1734429051629, 1734429051954, 1734429052281, 1734429052555, 1734429052884, 1734429053165, 1734429053487, 1734429053811, 1734429054090, 1734429054414, 1734429054693, 1734429055022, 1734429055344, 1734429055667, 1734429055947, 1734429056276, 1734429056598, 1734429056927, 1734429057201, 1734429057530, 1734429057853, 1734429058176, 1734429058456, 1734429058456, 1734429058779, 1734429059106, 1734429059388, 1734429059710, 1734429060033, 1734429060361, 1734429060641, 1734429060964, 1734429061287, 1734429061567, 1734429061890, 1734429062170, 1734429062494, 1734429062821, 1734429063144, 1734429063472, 1734429063472, 1734429063795, 1734429064075, 1734429064399, 1734429064727, 1734429065049, 1734429065330, 1734429065652, 1734429065981, 1734429066256, 1734429066582, 1734429066861, 1734429067186, 
end timestamps: 1734428976204, 1734428976516, 1734428976822, 1734428977138, 1734428977449, 1734428977757, 1734428978066, 1734428978374, 1734428978677, 1734428979006, 1734428979339, 1734428979649, 1734428979962, 1734428980277, 1734428980590, 1734428980892, 1734428981198, 1734428981513, 1734428981828, 1734428982137, 1734428982440, 1734428982743, 1734428983044, 1734428983366, 1734428983684, 1734428983998, 1734428984304, 1734428984606, 1734428984908, 1734428985210, 1734428985514, 1734428985832, 1734428986143, 1734428986452, 1734428986758, 1734428987062, 1734428987367, 1734428987675, 1734428987990, 1734428988303, 1734428988622, 1734428988942, 1734428989256, 1734428989569, 1734428989885, 1734428990188, 1734428990495, 1734428990801, 1734428991122, 1734428991455, 1734428991770, 1734428992087, 1734428992409, 1734428992721, 1734428993042, 1734428993354, 1734428993660, 1734428993965, 1734428994275, 1734428994585, 1734428994904, 1734428995212, 1734428995514, 1734428995819, 1734428996123, 1734428996429, 1734428996741, 1734428997047, 1734428997354, 1734428997674, 1734428997980, 1734428998297, 1734428998604, 1734428998910, 1734428999217, 1734428999523, 1734428999858, 1734429000172, 1734429000486, 1734429000797, 1734429001101, 1734429001426, 1734429001734, 1734429002041, 1734429002344, 1734429002656, 1734429002961, 1734429003265, 1734429003571, 1734429003885, 1734429004218, 1734429004527, 1734429004830, 1734429005136, 1734429005440, 1734429005746, 1734429006061, 1734429006382, 1734429006688, 1734429007010, 1734429007332, 1734429007644, 1734429007948, 1734429008251, 1734429008553, 1734429008861, 1734429009208, 1734429009521, 1734429009829, 1734429010140, 1734429010452, 1734429010760, 1734429011064, 1734429011373, 1734429011682, 1734429011988, 1734429012296, 1734429012627, 1734429012942, 1734429013254, 1734429013561, 1734429013867, 1734429014174, 1734429014485, 1734429014801, 1734429015114, 1734429015438, 1734429015758, 1734429016071, 1734429016383, 1734429016700, 1734429017016, 1734429017351, 1734429017674, 1734429017982, 1734429018292, 1734429018599, 1734429018931, 1734429019242, 1734429019558, 1734429019871, 1734429020201, 1734429020534, 1734429020842, 1734429021159, 1734429021462, 1734429021765, 1734429022074, 1734429022381, 1734429022691, 1734429022994, 1734429023300, 1734429023609, 1734429023916, 1734429024230, 1734429024542, 1734429024855, 1734429025164, 1734429025471, 1734429025775, 1734429026079, 1734429026385, 1734429026695, 1734429027003, 1734429027312, 1734429027617, 1734429027930, 1734429028233, 1734429028538, 1734429028843, 1734429029153, 1734429029480, 1734429029790, 1734429030093, 1734429030402, 1734429030716, 1734429031024, 1734429031329, 1734429031633, 1734429031937, 1734429032247, 1734429032555, 1734429032859, 1734429033167, 1734429033470, 1734429033785, 1734429034100, 1734429034414, 1734429034721, 1734429035023, 1734429035345, 1734429035653, 1734429035969, 1734429036289, 1734429036600, 1734429036908, 1734429037214, 1734429037521, 1734429037836, 1734429038145, 1734429038466, 1734429038775, 1734429039096, 1734429039406, 1734429039708, 1734429040027, 1734429040356, 1734429040683, 1734429041006, 1734429041312, 1734429041616, 1734429041933, 1734429042257, 1734429042582, 1734429042892, 1734429043197, 1734429043507, 1734429043818, 1734429044129, 1734429044435, 1734429044738, 1734429045042, 1734429045349, 1734429045653, 1734429045969, 1734429046276, 1734429046582, 1734429046897, 1734429047204, 1734429047517, 1734429047837, 1734429048152, 1734429048478, 1734429048817, 1734429049158, 1734429049475, 1734429049784, 1734429050089, 1734429050396, 1734429050708, 1734429051014, 1734429051320, 1734429051629, 1734429051931, 1734429052237, 1734429052544, 1734429052851, 1734429053159, 1734429053465, 1734429053772, 1734429054075, 1734429054378, 1734429054682, 1734429054997, 1734429055318, 1734429055633, 1734429055947, 1734429056269, 1734429056575, 1734429056884, 1734429057193, 1734429057508, 1734429057827, 1734429058138, 1734429058445, 1734429058753, 1734429059069, 1734429059380, 1734429059687, 1734429060002, 1734429060315, 1734429060626, 1734429060934, 1734429061248, 1734429061554, 1734429061865, 1734429062168, 1734429062483, 1734429062797, 1734429063118, 1734429063442, 1734429063751, 1734429064059, 1734429064375, 1734429064686, 1734429065004, 1734429065315, 1734429065628, 1734429065934, 1734429066240, 1734429066552, 1734429066858, 1734429067161, 1734429067468, 
Plugin Incoming Benchmark | start
size of start timestamps: 277
size of end timestamps: 286
latency: 368, 346, 312, 373, 311, 324, 336, 343, 362, 319, 333, 346, 360, 360, 327, 341, 314, 326, 334, 337, 350, 318, 335, 343, 362, 314, 332, 346, 322, 341, 21, -32, 5, 3, -337, -343, -335, -323, -634, -638, -657, -672, -718, -765, -734, -1109, -1053, -1035, -1058, -1067, -1090, -1042, -1047, -997, -957, -1012, -986, -984, -967, -986, -1040, -1053, -1054, -1074, -966, -959, -964, -1025, -1031, -1019, -1030, -1022, -1033, -1066, -1063, -959, -993, -977, -974, -958, -959, -950, -1019, -1004, -1029, -1020, -970, -1033, -1030, -1048, -1068, -1016, -1017, -991, -1003, -996, -1001, -963, -980, -977, -1003, -1010, -946, -958, -982, -979, -974, -981, -956, -997, -1039, -1109, -1066, -1054, -985, -922, -910, -941, -997, -1052, -1078, -1020, -1020, -971, -983, -1000, -1071, -1092, -1051, -1070, -1039, -995, -1319, -1315, -1314, -1259, -1285, -1283, -1268, -1588, -1658, -1681, -1697, -2016, -2037, -2120, -2151, -2085, -2075, -1965, -1947, -1928, -1838, -1917, -1981, -1998, -2034, -2021, -2030, -2025, -2036, -1997, -1975, -1959, -1955, -2282, -2313, -2327, -2271, -2275, -2280, -2406, -2390, -2373, -2314, -2305, -2302, -2288, -2298, -2206, -2209, -2538, -2596, -2632, -2672, -2662, -2720, -2711, -2708, -2742, -2732, -2717, -2670, -2669, -2731, -2683, -2632, -2943, -2993, -2953, -2977, -3002, -2990, -2952, -3269, -3275, -3279, -3300, -3281, -3266, -3284, -3240, -3233, -3265, -3254, -3256, -3268, -3272, -3253, -3234, -3301, -3270, -3290, -3325, -3367, -3323, -3314, -3310, -3313, -3360, -3341, -3347, -3340, -3325, -3376, -3357, -3339, -3319, -3301, -3300, -3317, -3325, -3321, -3294, -3286, -3193, -3231, -3254, -3273, -3329, -3361, -3304, -3304, -3307, -3337, -3353, -3352, -3341, -3329, -3292, -3243, -3257, -3343, -3337, -3336, -3272, -3208, -3233, -3262, -3273, -3284, -3325, -3344, -3282, -3292, -3315, -3334, 
start timestamps: 1734428975934, 1734428976326, 1734428976641, 1734428976950, 1734428977292, 1734428977602, 1734428977914, 1734428978234, 1734428978539, 1734428978861, 1734428979176, 1734428979486, 1734428979795, 1734428980122, 1734428980437, 1734428980744, 1734428981052, 1734428981362, 1734428981679, 1734428982003, 1734428982314, 1734428982625, 1734428982936, 1734428983250, 1734428983561, 1734428983883, 1734428984194, 1734428984502, 1734428984807, 1734428985111, 1734428985431, 1734428985807, 1734428986147, 1734428986471, 1734428986811, 1734428987140, 1734428987461, 1734428987771, 1734428988082, 1734428988409, 1734428988756, 1734428989093, 1734428989468, 1734428989837, 1734428990178, 1734428990553, 1734428990872, 1734428991224, 1734428991569, 1734428991949, 1734428992300, 1734428992622, 1734428992956, 1734428993276, 1734428993606, 1734428993942, 1734428994286, 1734428994606, 1734428994918, 1734428995259, 1734428995638, 1734428995977, 1734428996303, 1734428996649, 1734428996959, 1734428997277, 1734428997607, 1734428997991, 1734428998325, 1734428998638, 1734428998972, 1734428999337, 1734428999673, 1734429000029, 1734429000351, 1734429000667, 1734429000981, 1734429001337, 1734429001656, 1734429001968, 1734429002292, 1734429002612, 1734429003003, 1734429003311, 1734429003664, 1734429003977, 1734429004303, 1734429004689, 1734429005009, 1734429005354, 1734429005697, 1734429006021, 1734429006345, 1734429006689, 1734429007029, 1734429007345, 1734429007674, 1734429008011, 1734429008351, 1734429008676, 1734429009024, 1734429009354, 1734429009666, 1734429010001, 1734429010353, 1734429010672, 1734429010990, 1734429011325, 1734429011671, 1734429011992, 1734429012357, 1734429012750, 1734429013083, 1734429013393, 1734429013700, 1734429014007, 1734429014318, 1734429014677, 1734429015008, 1734429015392, 1734429015740, 1734429016052, 1734429016381, 1734429016701, 1734429017038, 1734429017379, 1734429017775, 1734429018120, 1734429018452, 1734429018795, 1734429019136, 1734429019464, 1734429019788, 1734429020108, 1734429020433, 1734429020751, 1734429021100, 1734429021423, 1734429021734, 1734429022054, 1734429022404, 1734429022750, 1734429023137, 1734429023457, 1734429023803, 1734429024211, 1734429024520, 1734429024827, 1734429025141, 1734429025449, 1734429025758, 1734429026063, 1734429026391, 1734429026749, 1734429027138, 1734429027481, 1734429027794, 1734429028107, 1734429028440, 1734429028762, 1734429029143, 1734429029475, 1734429029781, 1734429030087, 1734429030408, 1734429030735, 1734429031093, 1734429031431, 1734429031745, 1734429032075, 1734429032405, 1734429032811, 1734429033121, 1734429033427, 1734429033744, 1734429034058, 1734429034377, 1734429034692, 1734429035025, 1734429035350, 1734429035679, 1734429036008, 1734429036344, 1734429036705, 1734429037070, 1734429037386, 1734429037721, 1734429038084, 1734429038408, 1734429038764, 1734429039082, 1734429039390, 1734429039720, 1734429040089, 1734429040431, 1734429040754, 1734429041073, 1734429041384, 1734429041714, 1734429042044, 1734429042391, 1734429042740, 1734429043055, 1734429043387, 1734429043705, 1734429044037, 1734429044365, 1734429044710, 1734429045017, 1734429045327, 1734429045669, 1734429045997, 1734429046316, 1734429046626, 1734429046986, 1734429047316, 1734429047651, 1734429047980, 1734429048287, 1734429048593, 1734429048940, 1734429049279, 1734429049622, 1734429049986, 1734429050308, 1734429050634, 1734429050951, 1734429051314, 1734429051643, 1734429051969, 1734429052277, 1734429052605, 1734429052970, 1734429053282, 1734429053703, 1734429054013, 1734429054317, 1734429054622, 1734429054930, 1734429055254, 1734429055598, 1734429055928, 1734429056252, 1734429056596, 1734429056916, 1734429057237, 1734429057553, 1734429057901, 1734429058246, 1734429058625, 1734429058938, 1734429059251, 1734429059580, 1734429059905, 1734429060264, 1734429060603, 1734429060924, 1734429061241, 1734429061552, 1734429061886, 1734429062213, 1734429062549, 1734429062916, 1734429063232, 1734429063554, 1734429063865, 1734429064172, 1734429064478, 1734429064829, 1734429065163, 1734429065502, 1734429065868, 1734429066213, 1734429066521, 1734429066856, 1734429067205, 1734429067547, 
end timestamps: 1734428976302, 1734428976672, 1734428976953, 1734428977323, 1734428977603, 1734428977926, 1734428978250, 1734428978577, 1734428978901, 1734428979180, 1734428979509, 1734428979832, 1734428980155, 1734428980482, 1734428980764, 1734428981085, 1734428981366, 1734428981688, 1734428982013, 1734428982340, 1734428982664, 1734428982943, 1734428983271, 1734428983593, 1734428983923, 1734428984197, 1734428984526, 1734428984848, 1734428985129, 1734428985452, 1734428985452, 1734428985775, 1734428986152, 1734428986474, 1734428986474, 1734428986797, 1734428987126, 1734428987448, 1734428987448, 1734428987771, 1734428988099, 1734428988421, 1734428988750, 1734428989072, 1734428989444, 1734428989444, 1734428989819, 1734428990189, 1734428990511, 1734428990882, 1734428991210, 1734428991580, 1734428991909, 1734428992279, 1734428992649, 1734428992930, 1734428993300, 1734428993622, 1734428993951, 1734428994273, 1734428994598, 1734428994924, 1734428995249, 1734428995575, 1734428995993, 1734428996318, 1734428996643, 1734428996966, 1734428997294, 1734428997619, 1734428997942, 1734428998315, 1734428998640, 1734428998963, 1734428999288, 1734428999708, 1734428999988, 1734429000360, 1734429000682, 1734429001010, 1734429001333, 1734429001662, 1734429001984, 1734429002307, 1734429002635, 1734429002957, 1734429003333, 1734429003656, 1734429003979, 1734429004306, 1734429004629, 1734429005005, 1734429005328, 1734429005698, 1734429006026, 1734429006349, 1734429006673, 1734429007048, 1734429007371, 1734429007699, 1734429008021, 1734429008344, 1734429008720, 1734429009043, 1734429009371, 1734429009693, 1734429010016, 1734429010344, 1734429010715, 1734429010995, 1734429011318, 1734429011641, 1734429012017, 1734429012339, 1734429012715, 1734429013085, 1734429013408, 1734429013736, 1734429014011, 1734429014340, 1734429014662, 1734429015032, 1734429015361, 1734429015730, 1734429016055, 1734429016379, 1734429016704, 1734429017028, 1734429017401, 1734429017725, 1734429018097, 1734429018469, 1734429018469, 1734429018793, 1734429019119, 1734429019492, 1734429019815, 1734429020140, 1734429020466, 1734429020466, 1734429020746, 1734429021069, 1734429021440, 1734429021441, 1734429021766, 1734429022091, 1734429022369, 1734429022742, 1734429023066, 1734429023484, 1734429023811, 1734429024135, 1734429024553, 1734429024832, 1734429025157, 1734429025483, 1734429025760, 1734429026086, 1734429026410, 1734429026737, 1734429027107, 1734429027478, 1734429027806, 1734429028128, 1734429028453, 1734429028453, 1734429028780, 1734429029104, 1734429029474, 1734429029800, 1734429030125, 1734429030405, 1734429030731, 1734429031054, 1734429031430, 1734429031753, 1734429032075, 1734429032404, 1734429032727, 1734429033144, 1734429033470, 1734429033470, 1734429033748, 1734429034073, 1734429034398, 1734429034724, 1734429035001, 1734429035373, 1734429035700, 1734429036022, 1734429036350, 1734429036673, 1734429037050, 1734429037420, 1734429037700, 1734429038071, 1734429038441, 1734429038441, 1734429038721, 1734429039091, 1734429039414, 1734429039738, 1734429040065, 1734429040435, 1734429040436, 1734429040762, 1734429041086, 1734429041410, 1734429041736, 1734429042061, 1734429042385, 1734429042757, 1734429043083, 1734429043361, 1734429043732, 1734429044060, 1734429044383, 1734429044708, 1734429045034, 1734429045359, 1734429045639, 1734429046009, 1734429046332, 1734429046661, 1734429046941, 1734429047311, 1734429047637, 1734429048004, 1734429048330, 1734429048609, 1734429048936, 1734429049258, 1734429049630, 1734429049957, 1734429050327, 1734429050656, 1734429050978, 1734429051303, 1734429051629, 1734429051954, 1734429052281, 1734429052603, 1734429052931, 1734429053302, 1734429053630, 1734429054044, 1734429054322, 1734429054647, 1734429054973, 1734429055296, 1734429055577, 1734429055947, 1734429056276, 1734429056598, 1734429056927, 1734429057250, 1734429057572, 1734429057900, 1734429058223, 1734429058594, 1734429058970, 1734429059292, 1734429059573, 1734429059895, 1734429060218, 1734429060593, 1734429060964, 1734429061245, 1734429061567, 1734429061890, 1734429062218, 1734429062543, 1734429062869, 1734429063239, 1734429063564, 1734429063890, 1734429064213, 1734429064494, 1734429064816, 1734429065188, 1734429065515, 1734429065838, 1734429066211, 1734429066534, 1734429066861, 1734429067186, 
