
**********************************************************
ConnectDAWs File Logger | only the ConnectionManagerThread will write to this file to avoid blocking calls inside the audio thread.
Log started: 17 Dec 2024 10:37:47am

Network Benchmark | start
size of start timestamps: 266
size of end timestamps: 266
latency: 336, 339, 345, 350, 371, 371, 384, 394, 420, 332, 337, 341, 351, 353, 374, 322, 325, 370, 376, 394, 385, 371, 351, 323, 322, 323, 341, 344, 315, 330, 323, 327, 333, 315, 318, 317, 319, 324, 321, 319, 345, 391, 390, 400, 342, 335, 327, 333, 328, 336, 313, 314, 351, 341, 352, 341, 321, 315, 319, 353, 319, 319, 322, 325, 315, 325, 318, 314, 322, 345, 322, 327, 331, 349, 314, 394, 344, 323, 320, 317, 311, 316, 347, 336, 340, 333, 312, 319, 316, 330, 326, 318, 318, 313, 325, 333, 321, 317, 314, 329, 322, 325, 316, 332, 401, 381, 330, 317, 319, 315, 313, 322, 321, 335, 321, 328, 319, 315, 354, 339, 320, 314, 346, 336, 317, 313, 313, 339, 333, 330, 320, 434, 409, 397, 382, 351, 332, 338, 323, 319, 319, 313, 330, 321, 321, 316, 319, 315, 326, 325, 343, 336, 318, 322, 318, 317, 328, 317, 313, 342, 347, 345, 369, 322, 321, 336, 328, 319, 329, 315, 316, 317, 320, 335, 314, 336, 327, 319, 323, 336, 336, 323, 316, 317, 345, 323, 316, 319, 333, 313, 320, 369, 344, 345, 321, 330, 318, 323, 315, 331, 343, 328, 319, 318, 321, 339, 340, 330, 321, 319, 322, 314, 317, 341, 319, 314, 316, 336, 317, 315, 318, 318, 313, 346, 398, 386, 396, 392, 353, 341, 334, 324, 313, 313, 332, 323, 318, 315, 319, 327, 317, 316, 340, 332, 336, 335, 334, 339, 325, 321, 315, 446, 427, 403, 398, 397, 334, 316, 312, 324, 342, 339, 319, 313, 324, 312, 
start timestamps: 1734428174395, 1734428174704, 1734428175009, 1734428175309, 1734428175598, 1734428175906, 1734428176205, 1734428176505, 1734428176807, 1734428182051, 1734428182404, 1734428182733, 1734428183036, 1734428183346, 1734428183681, 1734428184042, 1734428184390, 1734428184737, 1734428185075, 1734428185390, 1734428185715, 1734428186047, 1734428186402, 1734428186747, 1734428187065, 1734428187374, 1734428187668, 1734428187978, 1734428188322, 1734428188683, 1734428189017, 1734428189332, 1734428189656, 1734428189985, 1734428190300, 1734428190629, 1734428190967, 1734428191271, 1734428191602, 1734428191952, 1734428192293, 1734428192629, 1734428192943, 1734428193269, 1734428193642, 1734428193968, 1734428194284, 1734428194602, 1734428194944, 1734428195308, 1734428195642, 1734428195966, 1734428196303, 1734428196623, 1734428196930, 1734428197256, 1734428197620, 1734428197936, 1734428198260, 1734428198569, 1734428198927, 1734428199290, 1734428199614, 1734428199943, 1734428200267, 1734428200607, 1734428200950, 1734428201259, 1734428201559, 1734428201913, 1734428202245, 1734428202577, 1734428202902, 1734428203226, 1734428203569, 1734428203898, 1734428204263, 1734428204595, 1734428204926, 1734428205246, 1734428205564, 1734428205894, 1734428206234, 1734428206602, 1734428206911, 1734428207223, 1734428207550, 1734428207883, 1734428208204, 1734428208548, 1734428208868, 1734428209194, 1734428209511, 1734428209838, 1734428210181, 1734428210540, 1734428210870, 1734428211181, 1734428211492, 1734428211825, 1734428212166, 1734428212507, 1734428212827, 1734428213169, 1734428213492, 1734428213824, 1734428214185, 1734428214518, 1734428214826, 1734428215144, 1734428215494, 1734428215825, 1734428216151, 1734428216495, 1734428216820, 1734428217123, 1734428217446, 1734428217819, 1734428218164, 1734428218489, 1734428218892, 1734428219224, 1734428219581, 1734428219973, 1734428220316, 1734428220634, 1734428220971, 1734428221291, 1734428221616, 1734428221953, 1734428222275, 1734428222573, 1734428222911, 1734428223233, 1734428223560, 1734428223899, 1734428224236, 1734428224579, 1734428224906, 1734428225269, 1734428225601, 1734428225919, 1734428226284, 1734428226637, 1734428226980, 1734428227291, 1734428227651, 1734428228014, 1734428228351, 1734428228725, 1734428229074, 1734428229392, 1734428229734, 1734428230107, 1734428230428, 1734428230754, 1734428231143, 1734428231477, 1734428231791, 1734428232095, 1734428232403, 1734428232713, 1734428233073, 1734428233432, 1734428233762, 1734428234066, 1734428234388, 1734428234746, 1734428235087, 1734428235444, 1734428235764, 1734428236089, 1734428236409, 1734428236771, 1734428237106, 1734428237413, 1734428237762, 1734428238095, 1734428238424, 1734428238789, 1734428239102, 1734428239431, 1734428239790, 1734428240153, 1734428240513, 1734428240843, 1734428241162, 1734428241481, 1734428241786, 1734428242133, 1734428242496, 1734428242835, 1734428243164, 1734428243471, 1734428243803, 1734428244162, 1734428244502, 1734428244858, 1734428245180, 1734428245484, 1734428245813, 1734428246138, 1734428246504, 1734428246854, 1734428247185, 1734428247510, 1734428247821, 1734428248148, 1734428248467, 1734428248834, 1734428249191, 1734428249544, 1734428249875, 1734428250216, 1734428250545, 1734428250887, 1734428251216, 1734428251521, 1734428251847, 1734428252172, 1734428252488, 1734428252833, 1734428253154, 1734428253514, 1734428253873, 1734428254212, 1734428254510, 1734428254820, 1734428255165, 1734428255541, 1734428255858, 1734428256179, 1734428256515, 1734428256820, 1734428257155, 1734428257522, 1734428257878, 1734428258225, 1734428258528, 1734428258880, 1734428259197, 1734428259513, 1734428259903, 1734428260219, 1734428260524, 1734428260843, 1734428261158, 1734428261469, 1734428261792, 1734428262161, 1734428262504, 1734428262839, 1734428263166, 1734428263496, 1734428263808, 1734428264119, 1734428264491, 1734428264826, 1734428265155, 1734428265490, 1734428265795, 1734428266107, 1734428266433, 1734428266794, 1734428267124, 1734428267451, 
end timestamps: 1734428174731, 1734428175043, 1734428175354, 1734428175659, 1734428175969, 1734428176277, 1734428176589, 1734428176899, 1734428177227, 1734428182383, 1734428182741, 1734428183074, 1734428183387, 1734428183699, 1734428184055, 1734428184364, 1734428184715, 1734428185107, 1734428185451, 1734428185784, 1734428186100, 1734428186418, 1734428186753, 1734428187070, 1734428187387, 1734428187697, 1734428188009, 1734428188322, 1734428188637, 1734428189013, 1734428189340, 1734428189659, 1734428189989, 1734428190300, 1734428190618, 1734428190946, 1734428191286, 1734428191595, 1734428191923, 1734428192271, 1734428192638, 1734428193020, 1734428193333, 1734428193669, 1734428193984, 1734428194303, 1734428194611, 1734428194935, 1734428195272, 1734428195644, 1734428195955, 1734428196280, 1734428196654, 1734428196964, 1734428197282, 1734428197597, 1734428197941, 1734428198251, 1734428198579, 1734428198922, 1734428199246, 1734428199609, 1734428199936, 1734428200268, 1734428200582, 1734428200932, 1734428201268, 1734428201573, 1734428201881, 1734428202258, 1734428202567, 1734428202904, 1734428203233, 1734428203575, 1734428203883, 1734428204292, 1734428204607, 1734428204918, 1734428205246, 1734428205563, 1734428205875, 1734428206210, 1734428206581, 1734428206938, 1734428207251, 1734428207556, 1734428207862, 1734428208202, 1734428208520, 1734428208878, 1734428209194, 1734428209512, 1734428209829, 1734428210151, 1734428210506, 1734428210873, 1734428211191, 1734428211498, 1734428211806, 1734428212154, 1734428212488, 1734428212832, 1734428213143, 1734428213501, 1734428213893, 1734428214205, 1734428214515, 1734428214835, 1734428215145, 1734428215459, 1734428215807, 1734428216147, 1734428216472, 1734428216830, 1734428217141, 1734428217451, 1734428217765, 1734428218134, 1734428218518, 1734428218828, 1734428219212, 1734428219538, 1734428219927, 1734428220309, 1734428220633, 1734428220947, 1734428221284, 1734428221630, 1734428221949, 1734428222283, 1734428222595, 1734428223007, 1734428223320, 1734428223630, 1734428223942, 1734428224250, 1734428224568, 1734428224917, 1734428225229, 1734428225588, 1734428225920, 1734428226232, 1734428226614, 1734428226958, 1734428227301, 1734428227607, 1734428227970, 1734428228329, 1734428228677, 1734428229050, 1734428229417, 1734428229728, 1734428230052, 1734428230429, 1734428230746, 1734428231071, 1734428231471, 1734428231794, 1734428232104, 1734428232437, 1734428232750, 1734428233058, 1734428233442, 1734428233754, 1734428234083, 1734428234402, 1734428234716, 1734428235065, 1734428235416, 1734428235759, 1734428236080, 1734428236406, 1734428236729, 1734428237106, 1734428237420, 1734428237749, 1734428238089, 1734428238414, 1734428238747, 1734428239125, 1734428239438, 1734428239754, 1734428240106, 1734428240470, 1734428240858, 1734428241166, 1734428241478, 1734428241800, 1734428242119, 1734428242446, 1734428242816, 1734428243204, 1734428243508, 1734428243816, 1734428244124, 1734428244492, 1734428244820, 1734428245181, 1734428245495, 1734428245815, 1734428246156, 1734428246466, 1734428246823, 1734428247172, 1734428247506, 1734428247849, 1734428248161, 1734428248478, 1734428248788, 1734428249153, 1734428249513, 1734428249858, 1734428250192, 1734428250557, 1734428250864, 1734428251201, 1734428251532, 1734428251857, 1734428252164, 1734428252487, 1734428252806, 1734428253151, 1734428253467, 1734428253860, 1734428254271, 1734428254598, 1734428254906, 1734428255212, 1734428255518, 1734428255882, 1734428256192, 1734428256503, 1734428256828, 1734428257133, 1734428257487, 1734428257845, 1734428258196, 1734428258540, 1734428258847, 1734428259207, 1734428259514, 1734428259829, 1734428260243, 1734428260551, 1734428260860, 1734428261178, 1734428261492, 1734428261808, 1734428262117, 1734428262482, 1734428262819, 1734428263285, 1734428263593, 1734428263899, 1734428264206, 1734428264516, 1734428264825, 1734428265142, 1734428265467, 1734428265814, 1734428266137, 1734428266446, 1734428266752, 1734428267107, 1734428267448, 1734428267763, 
Plugin Outgoing Benchmark | start
size of start timestamps: 324
size of end timestamps: 300
latency: 332, 597, 865, 1150, 1418, 1673, 1932, 2191, 2467, 2727, 2984, 3238, 3421, 3426, 3411, 3394, 3426, 3406, 3381, 3369, 3405, 3390, 3423, 3745, 3737, 3731, 3757, 3751, 3779, 3759, 3783, 3767, 3754, 3825, 3845, 3841, 3834, 3812, 3804, 3790, 3772, 3806, 3788, 3763, 3791, 3726, 3717, 3700, 3696, 3680, 3705, 3688, 3673, 3709, 3689, 3677, 3709, 3688, 3665, 3693, 3686, 3690, 3727, 3713, 3694, 3734, 3722, 3711, 3735, 3714, 3738, 3724, 3707, 3698, 3689, 3998, 4033, 4033, 4046, 4042, 4071, 4075, 4113, 4092, 4078, 4104, 4082, 4059, 4049, 4076, 4056, 4002, 4337, 4333, 4368, 4361, 4342, 4326, 4351, 4328, 4357, 4338, 4341, 4371, 4358, 4336, 4312, 4291, 4273, 4300, 4286, 4271, 4298, 4283, 4313, 4298, 4283, 4266, 4296, 4278, 4318, 4313, 4301, 4336, 4313, 4335, 4319, 4315, 4345, 4325, 4308, 4338, 4320, 4305, 4340, 4330, 4312, 4299, 4600, 4625, 4607, 4633, 4614, 4591, 4569, 4601, 4580, 4603, 4586, 4565, 4544, 4578, 4889, 4872, 4858, 4885, 4869, 4899, 4888, 4924, 4915, 4901, 4929, 4924, 4952, 4934, 5241, 5273, 5258, 5244, 5271, 5260, 5245, 5277, 5267, 5248, 5246, 5275, 5255, 5235, 5224, 5251, 5250, 5290, 5270, 5263, 5298, 5290, 5282, 5317, 5309, 5287, 5318, 5626, 5576, 5609, 5599, 5904, 5935, 5914, 5898, 5880, 5916, 5928, 5924, 5906, 5945, 5937, 5922, 5905, 5942, 5924, 5907, 5887, 6192, 6224, 6209, 6195, 6223, 6209, 6235, 6218, 6214, 6212, 6209, 6196, 6226, 6213, 6196, 6188, 6221, 6533, 6515, 6494, 6531, 6520, 6501, 6532, 6515, 6555, 6558, 6545, 6575, 6569, 6548, 6857, 6844, 6829, 6813, 7118, 7158, 7142, 7129, 7152, 7142, 7126, 7170, 7150, 7129, 7105, 7139, 7133, 7120, 7101, 7135, 7116, 7098, 7086, 7117, 7103, 7081, 7114, 7103, 7088, 7126, 7111, 7103, 7139, 7132, 7443, 7426, 7456, 7435, 7463, 7462, 7444, 7435, 7466, 7453, 7432, 7461, 7442, 7420, 7446, 7423, 7401, 7424, 7402, 7385, 7363, 
start timestamps: 1734428174396, 1734428174444, 1734428174492, 1734428174540, 1734428174581, 1734428174628, 1734428174676, 1734428174720, 1734428174768, 1734428174814, 1734428174862, 1734428174910, 1734428175047, 1734428175370, 1734428175698, 1734428176021, 1734428176301, 1734428176625, 1734428176953, 1734428177275, 1734428177555, 1734428177878, 1734428178159, 1734428178159, 1734428178482, 1734428178809, 1734428179136, 1734428179458, 1734428179740, 1734428180063, 1734428180344, 1734428180667, 1734428180989, 1734428181270, 1734428181593, 1734428181920, 1734428182243, 1734428182572, 1734428182894, 1734428183222, 1734428183545, 1734428183825, 1734428184148, 1734428184477, 1734428184751, 1734428185122, 1734428185450, 1734428185774, 1734428186101, 1734428186423, 1734428186704, 1734428187027, 1734428187354, 1734428187631, 1734428187957, 1734428188280, 1734428188560, 1734428188886, 1734428189212, 1734428189489, 1734428189815, 1734428190140, 1734428190418, 1734428190743, 1734428191067, 1734428191350, 1734428191673, 1734428191996, 1734428192276, 1734428192599, 1734428192879, 1734428193203, 1734428193532, 1734428193854, 1734428194181, 1734428194181, 1734428194457, 1734428194785, 1734428195108, 1734428195432, 1734428195711, 1734428196038, 1734428196316, 1734428196641, 1734428196965, 1734428197244, 1734428197569, 1734428197895, 1734428198218, 1734428198498, 1734428198826, 1734428199196, 1734428199196, 1734428199519, 1734428199799, 1734428200122, 1734428200450, 1734428200773, 1734428201052, 1734428201381, 1734428201656, 1734428201983, 1734428202306, 1734428202585, 1734428202911, 1734428203235, 1734428203561, 1734428203885, 1734428204210, 1734428204491, 1734428204816, 1734428205138, 1734428205418, 1734428205742, 1734428206023, 1734428206349, 1734428206672, 1734428206996, 1734428207276, 1734428207601, 1734428207879, 1734428208207, 1734428208529, 1734428208807, 1734428209133, 1734428209415, 1734428209737, 1734428210061, 1734428210341, 1734428210669, 1734428210992, 1734428211269, 1734428211595, 1734428211920, 1734428212198, 1734428212522, 1734428212849, 1734428213172, 1734428213173, 1734428213452, 1734428213778, 1734428214056, 1734428214381, 1734428214706, 1734428215032, 1734428215309, 1734428215635, 1734428215915, 1734428216239, 1734428216563, 1734428216889, 1734428217169, 1734428217169, 1734428217494, 1734428217817, 1734428218096, 1734428218422, 1734428218700, 1734428219025, 1734428219303, 1734428219628, 1734428219954, 1734428220235, 1734428220558, 1734428220838, 1734428221160, 1734428221161, 1734428221441, 1734428221767, 1734428222090, 1734428222371, 1734428222693, 1734428223022, 1734428223297, 1734428223625, 1734428223949, 1734428224275, 1734428224552, 1734428224878, 1734428225203, 1734428225527, 1734428225807, 1734428226131, 1734428226409, 1734428226739, 1734428227061, 1734428227341, 1734428227664, 1734428227988, 1734428228267, 1734428228591, 1734428228918, 1734428229199, 1734428229199, 1734428229569, 1734428229845, 1734428230172, 1734428230172, 1734428230449, 1734428230775, 1734428231100, 1734428231426, 1734428231703, 1734428232029, 1734428232353, 1734428232680, 1734428232957, 1734428233283, 1734428233608, 1734428233935, 1734428234210, 1734428234538, 1734428234862, 1734428235189, 1734428235189, 1734428235464, 1734428235792, 1734428236114, 1734428236395, 1734428236718, 1734428236999, 1734428237322, 1734428237649, 1734428237973, 1734428238300, 1734428238622, 1734428238903, 1734428239226, 1734428239554, 1734428239877, 1734428240157, 1734428240158, 1734428240481, 1734428240809, 1734428241085, 1734428241413, 1734428241736, 1734428242016, 1734428242339, 1734428242619, 1734428242942, 1734428243266, 1734428243545, 1734428243873, 1734428244202, 1734428244202, 1734428244524, 1734428244847, 1734428245171, 1734428245171, 1734428245450, 1734428245774, 1734428246102, 1734428246383, 1734428246705, 1734428247030, 1734428247308, 1734428247633, 1734428247958, 1734428248284, 1734428248562, 1734428248886, 1734428249213, 1734428249539, 1734428249815, 1734428250140, 1734428250468, 1734428250793, 1734428251071, 1734428251393, 1734428251721, 1734428251999, 1734428252325, 1734428252648, 1734428252928, 1734428253252, 1734428253578, 1734428253855, 1734428254182, 1734428254182, 1734428254505, 1734428254785, 1734428255109, 1734428255390, 1734428255713, 1734428256038, 1734428256363, 1734428256642, 1734428256966, 1734428257292, 1734428257572, 1734428257895, 1734428258220, 1734428258498, 1734428258823, 1734428259149, 1734428259429, 1734428259754, 1734428260080, 1734428260403, 1734428260682, 1734428261007, 1734428261334, 1734428261662, 1734428261937, 1734428262261, 1734428262589, 1734428262864, 1734428263192, 1734428263192, 1734428263516, 1734428263845, 1734428264120, 1734428264444, 1734428264770, 1734428265050, 1734428265372, 1734428265654, 1734428265977, 1734428266258, 1734428266581, 1734428266861, 1734428267184, 1734428267184, 
end timestamps: 1734428174728, 1734428175041, 1734428175357, 1734428175690, 1734428175999, 1734428176301, 1734428176608, 1734428176911, 1734428177235, 1734428177541, 1734428177846, 1734428178148, 1734428178468, 1734428178796, 1734428179109, 1734428179415, 1734428179727, 1734428180031, 1734428180334, 1734428180644, 1734428180960, 1734428181268, 1734428181582, 1734428181904, 1734428182219, 1734428182540, 1734428182893, 1734428183209, 1734428183519, 1734428183822, 1734428184127, 1734428184434, 1734428184743, 1734428185095, 1734428185438, 1734428185761, 1734428186077, 1734428186384, 1734428186698, 1734428187012, 1734428187317, 1734428187631, 1734428187936, 1734428188240, 1734428188542, 1734428188848, 1734428189167, 1734428189474, 1734428189797, 1734428190103, 1734428190409, 1734428190715, 1734428191027, 1734428191340, 1734428191646, 1734428191957, 1734428192269, 1734428192574, 1734428192877, 1734428193182, 1734428193501, 1734428193830, 1734428194145, 1734428194456, 1734428194761, 1734428195084, 1734428195395, 1734428195707, 1734428196011, 1734428196313, 1734428196617, 1734428196927, 1734428197239, 1734428197552, 1734428197870, 1734428198179, 1734428198490, 1734428198818, 1734428199154, 1734428199474, 1734428199782, 1734428200113, 1734428200429, 1734428200733, 1734428201043, 1734428201348, 1734428201651, 1734428201954, 1734428202267, 1734428202574, 1734428202882, 1734428203198, 1734428203533, 1734428203852, 1734428204167, 1734428204483, 1734428204792, 1734428205099, 1734428205403, 1734428205709, 1734428206013, 1734428206321, 1734428206647, 1734428206956, 1734428207269, 1734428207571, 1734428207873, 1734428208176, 1734428208483, 1734428208791, 1734428209102, 1734428209409, 1734428209716, 1734428210025, 1734428210336, 1734428210647, 1734428210955, 1734428211262, 1734428211572, 1734428211879, 1734428212197, 1734428212520, 1734428212830, 1734428213143, 1734428213446, 1734428213750, 1734428214056, 1734428214376, 1734428214686, 1734428214994, 1734428215300, 1734428215607, 1734428215915, 1734428216225, 1734428216538, 1734428216852, 1734428217161, 1734428217471, 1734428217773, 1734428218077, 1734428218385, 1734428218689, 1734428218995, 1734428219297, 1734428219601, 1734428219910, 1734428220215, 1734428220518, 1734428220825, 1734428221128, 1734428221433, 1734428221747, 1734428222058, 1734428222366, 1734428222675, 1734428222981, 1734428223291, 1734428223599, 1734428223913, 1734428224227, 1734428224543, 1734428224855, 1734428225164, 1734428225482, 1734428225790, 1734428226094, 1734428226402, 1734428226714, 1734428227025, 1734428227334, 1734428227642, 1734428227953, 1734428228267, 1734428228574, 1734428228892, 1734428229197, 1734428229521, 1734428229827, 1734428230133, 1734428230438, 1734428230751, 1734428231058, 1734428231381, 1734428231699, 1734428232009, 1734428232324, 1734428232639, 1734428232954, 1734428233270, 1734428233584, 1734428233900, 1734428234205, 1734428234517, 1734428234825, 1734428235145, 1734428235454, 1734428235771, 1734428236076, 1734428236384, 1734428236689, 1734428236998, 1734428237306, 1734428237619, 1734428237957, 1734428238277, 1734428238586, 1734428238902, 1734428239220, 1734428239530, 1734428239840, 1734428240152, 1734428240462, 1734428240769, 1734428241076, 1734428241381, 1734428241688, 1734428242001, 1734428242309, 1734428242618, 1734428242927, 1734428243234, 1734428243540, 1734428243863, 1734428244185, 1734428244509, 1734428244818, 1734428245129, 1734428245439, 1734428245750, 1734428246065, 1734428246378, 1734428246691, 1734428246996, 1734428247303, 1734428247616, 1734428247933, 1734428248237, 1734428248548, 1734428248854, 1734428249174, 1734428249500, 1734428249811, 1734428250120, 1734428250442, 1734428250750, 1734428251059, 1734428251368, 1734428251676, 1734428251984, 1734428252289, 1734428252608, 1734428252916, 1734428253231, 1734428253535, 1734428253847, 1734428254156, 1734428254478, 1734428254783, 1734428255087, 1734428255389, 1734428255701, 1734428256019, 1734428256333, 1734428256640, 1734428256950, 1734428257256, 1734428257566, 1734428257879, 1734428258188, 1734428258496, 1734428258802, 1734428259113, 1734428259428, 1734428259736, 1734428260054, 1734428260363, 1734428260681, 1734428260994, 1734428261314, 1734428261625, 1734428261931, 1734428262241, 1734428262544, 1734428262853, 1734428263175, 1734428263482, 1734428263798, 1734428264108, 1734428264419, 1734428264724, 1734428265033, 1734428265337, 1734428265640, 1734428265944, 1734428266246, 1734428266550, 1734428266853, 1734428267156, 1734428267465, 1734428267766, 
Plugin Incoming Benchmark | start
size of start timestamps: 267
size of end timestamps: 279
latency: 364, 315, 325, 342, 314, 330, 347, 314, 330, 327, 345, 337, 331, 341, 311, 325, 353, 377, 389, 367, 315, 322, 376, 317, 326, 337, 350, 316, 322, 335, 321, 333, 335, 330, 343, 337, 326, 337, 339, 315, 317, 355, 323, 381, 325, 334, 343, 356, 340, 349, 340, 341, 347, 309, 326, 332, 314, 320, 323, 383, 351, 315, 316, 359, 312, 346, 325, 343, 314, 338, 325, 325, 316, 373, 306, 327, 338, 346, 343, 346, 311, 350, 384, 341, 336, 349, 320, 315, 316, 343, 349, 349, 315, 309, -33, -21, 18, 31, 0, -5, 22, 6, 13, -5, -416, -350, -289, -285, -316, -306, -331, -663, -665, -680, -682, -624, -611, -659, -1004, -1025, -1133, -1089, -1027, -1145, -1112, -1058, -1025, -987, -979, -995, -983, -1024, -1056, -999, -1028, -922, -907, -934, -970, -1004, -1010, -1005, -1047, -1025, -1044, -1031, -1017, -1057, -1019, -1116, -1094, -1057, -1059, -1061, -1009, -1009, -1073, -1037, -1024, -1026, -965, -956, -1000, -997, -999, -987, -937, -961, -977, -1009, -1050, -1005, -996, -988, -999, -979, -1005, -967, -969, -1010, -1012, -1003, -1034, -1025, -1063, -1073, -1061, -1009, -902, -961, -1327, -1385, -1374, -1356, -1664, -1693, -1658, -1649, -1643, -1671, -1673, -1634, -1666, -1644, -1697, -1698, -1659, -1971, -2008, -1997, -1986, -2011, -2017, -2047, -2367, -2382, -2429, -2369, -2694, -2641, -2634, -2609, -2603, -2658, -2746, -2740, -2741, -2724, -3029, -3041, -3051, -3033, -3363, -3346, -3263, -3258, -3287, -3310, -3291, -3361, -3309, -3298, -3407, -3370, -3400, -3708, -3657, -3644, -3589, -3625, -3643, -3717, -3765, -3747, -3636, -3618, -3647, -3638, -3967, -3979, -3969, -4016, -3953, -3979, -3845, -3849, -3895, 
start timestamps: 1734428174404, 1734428174732, 1734428175045, 1734428175356, 1734428175661, 1734428175971, 1734428176278, 1734428176590, 1734428176900, 1734428182060, 1734428182412, 1734428182742, 1734428183076, 1734428183389, 1734428183747, 1734428184056, 1734428184398, 1734428184745, 1734428185109, 1734428185453, 1734428185786, 1734428186101, 1734428186419, 1734428186757, 1734428187075, 1734428187388, 1734428187699, 1734428188011, 1734428188330, 1734428188692, 1734428189028, 1734428189341, 1734428189665, 1734428189994, 1734428190308, 1734428190638, 1734428190976, 1734428191288, 1734428191611, 1734428191961, 1734428192330, 1734428192711, 1734428193022, 1734428193334, 1734428193671, 1734428193985, 1734428194304, 1734428194613, 1734428194953, 1734428195316, 1734428195650, 1734428195975, 1734428196342, 1734428196656, 1734428196966, 1734428197284, 1734428197629, 1734428197946, 1734428198267, 1734428198580, 1734428198936, 1734428199299, 1734428199623, 1734428199951, 1734428200276, 1734428200615, 1734428200960, 1734428201270, 1734428201574, 1734428201922, 1734428202260, 1734428202586, 1734428202919, 1734428203235, 1734428203579, 1734428203978, 1734428204293, 1734428204608, 1734428204938, 1734428205256, 1734428205572, 1734428205904, 1734428206242, 1734428206611, 1734428206940, 1734428207252, 1734428207559, 1734428207892, 1734428208213, 1734428208557, 1734428208880, 1734428209203, 1734428209518, 1734428209847, 1734428210189, 1734428210548, 1734428210879, 1734428211193, 1734428211502, 1734428211833, 1734428212176, 1734428212516, 1734428212836, 1734428213177, 1734428213589, 1734428213895, 1734428214207, 1734428214527, 1734428214837, 1734428215153, 1734428215501, 1734428215833, 1734428216160, 1734428216503, 1734428216831, 1734428217143, 1734428217455, 1734428217828, 1734428218173, 1734428218519, 1734428218905, 1734428219232, 1734428219590, 1734428219983, 1734428220325, 1734428220642, 1734428220979, 1734428221311, 1734428221632, 1734428221970, 1734428222284, 1734428222697, 1734428223009, 1734428223322, 1734428223632, 1734428223944, 1734428224251, 1734428224606, 1734428224919, 1734428225279, 1734428225610, 1734428225927, 1734428226294, 1734428226646, 1734428226988, 1734428227303, 1734428227660, 1734428228022, 1734428228360, 1734428228733, 1734428229082, 1734428229419, 1734428229744, 1734428230116, 1734428230436, 1734428230763, 1734428231151, 1734428231486, 1734428231799, 1734428232126, 1734428232439, 1734428232752, 1734428233120, 1734428233444, 1734428233771, 1734428234085, 1734428234405, 1734428234754, 1734428235097, 1734428235452, 1734428235773, 1734428236098, 1734428236418, 1734428236780, 1734428237113, 1734428237422, 1734428237770, 1734428238103, 1734428238433, 1734428238797, 1734428239127, 1734428239441, 1734428239800, 1734428240161, 1734428240522, 1734428240860, 1734428241171, 1734428241490, 1734428241801, 1734428242141, 1734428242508, 1734428242888, 1734428243205, 1734428243510, 1734428243818, 1734428244170, 1734428244510, 1734428244871, 1734428245188, 1734428245496, 1734428245822, 1734428246158, 1734428246513, 1734428246861, 1734428247195, 1734428247519, 1734428247851, 1734428248163, 1734428248480, 1734428248842, 1734428249201, 1734428249552, 1734428249884, 1734428250239, 1734428250559, 1734428250896, 1734428251224, 1734428251534, 1734428251859, 1734428252180, 1734428252497, 1734428252843, 1734428253163, 1734428253540, 1734428253957, 1734428254273, 1734428254600, 1734428254908, 1734428255214, 1734428255551, 1734428255884, 1734428256193, 1734428256524, 1734428256829, 1734428257164, 1734428257531, 1734428257887, 1734428258234, 1734428258542, 1734428258888, 1734428259208, 1734428259522, 1734428259911, 1734428260245, 1734428260553, 1734428260862, 1734428261180, 1734428261494, 1734428261809, 1734428262170, 1734428262514, 1734428262959, 1734428263286, 1734428263594, 1734428263901, 1734428264208, 1734428264518, 1734428264835, 1734428265164, 1734428265498, 1734428265815, 1734428266139, 1734428266447, 1734428266801, 1734428267133, 1734428267461, 1734428267830, 
end timestamps: 1734428174768, 1734428175047, 1734428175370, 1734428175698, 1734428175975, 1734428176301, 1734428176625, 1734428176904, 1734428177230, 1734428182387, 1734428182757, 1734428183079, 1734428183407, 1734428183730, 1734428184058, 1734428184381, 1734428184751, 1734428185122, 1734428185498, 1734428185820, 1734428186101, 1734428186423, 1734428186795, 1734428187074, 1734428187401, 1734428187725, 1734428188049, 1734428188327, 1734428188652, 1734428189027, 1734428189349, 1734428189674, 1734428190000, 1734428190324, 1734428190651, 1734428190975, 1734428191302, 1734428191625, 1734428191950, 1734428192276, 1734428192647, 1734428193066, 1734428193345, 1734428193715, 1734428193996, 1734428194319, 1734428194647, 1734428194969, 1734428195293, 1734428195665, 1734428195990, 1734428196316, 1734428196689, 1734428196965, 1734428197292, 1734428197616, 1734428197943, 1734428198266, 1734428198590, 1734428198963, 1734428199287, 1734428199614, 1734428199939, 1734428200310, 1734428200588, 1734428200961, 1734428201285, 1734428201613, 1734428201888, 1734428202260, 1734428202585, 1734428202911, 1734428203235, 1734428203608, 1734428203885, 1734428204305, 1734428204631, 1734428204954, 1734428205281, 1734428205602, 1734428205883, 1734428206254, 1734428206626, 1734428206952, 1734428207276, 1734428207601, 1734428207879, 1734428208207, 1734428208529, 1734428208900, 1734428209229, 1734428209552, 1734428209833, 1734428210156, 1734428210156, 1734428210527, 1734428210897, 1734428211224, 1734428211502, 1734428211828, 1734428212198, 1734428212522, 1734428212849, 1734428213172, 1734428213173, 1734428213545, 1734428213918, 1734428214242, 1734428214521, 1734428214847, 1734428215170, 1734428215170, 1734428215495, 1734428215823, 1734428216149, 1734428216519, 1734428216844, 1734428217169, 1734428217169, 1734428217494, 1734428217772, 1734428218143, 1734428218563, 1734428218838, 1734428219213, 1734428219584, 1734428219954, 1734428220324, 1734428220653, 1734428220975, 1734428221301, 1734428221673, 1734428221953, 1734428222323, 1734428222604, 1734428223022, 1734428223344, 1734428223672, 1734428223949, 1734428224275, 1734428224600, 1734428224922, 1734428225247, 1734428225621, 1734428225944, 1734428226272, 1734428226643, 1734428226965, 1734428227341, 1734428227617, 1734428227988, 1734428228362, 1734428228685, 1734428229055, 1734428229427, 1734428229754, 1734428230078, 1734428230449, 1734428230775, 1734428231100, 1734428231474, 1734428231796, 1734428232120, 1734428232447, 1734428232772, 1734428233098, 1734428233468, 1734428233793, 1734428234120, 1734428234443, 1734428234723, 1734428235093, 1734428235422, 1734428235792, 1734428236114, 1734428236443, 1734428236765, 1734428237136, 1734428237464, 1734428237787, 1734428238115, 1734428238438, 1734428238766, 1734428239136, 1734428239459, 1734428239787, 1734428240110, 1734428240481, 1734428240899, 1734428241180, 1734428241181, 1734428241503, 1734428241831, 1734428242154, 1734428242154, 1734428242477, 1734428242852, 1734428243222, 1734428243545, 1734428243825, 1734428244149, 1734428244524, 1734428244847, 1734428245217, 1734428245498, 1734428245821, 1734428246192, 1734428246192, 1734428246472, 1734428246845, 1734428247215, 1734428247541, 1734428247867, 1734428248192, 1734428248192, 1734428248514, 1734428248795, 1734428249165, 1734428249165, 1734428249539, 1734428249863, 1734428250234, 1734428250560, 1734428250882, 1734428251211, 1734428251533, 1734428251859, 1734428252184, 1734428252185, 1734428252510, 1734428252833, 1734428253160, 1734428253161, 1734428253483, 1734428253901, 1734428254273, 1734428254600, 1734428254924, 1734428255251, 1734428255527, 1734428255899, 1734428256224, 1734428256504, 1734428256875, 1734428257153, 1734428257154, 1734428257523, 1734428257850, 1734428258220, 1734428258545, 1734428258871, 1734428259242, 1734428259521, 1734428259847, 1734428260265, 1734428260590, 1734428260871, 1734428261197, 1734428261197, 1734428261519, 1734428261846, 1734428262123, 1734428262494, 1734428262822, 1734428263288, 1734428263612, 1734428263935, 1734428264215, 1734428264537, 1734428264862, 1734428265187, 1734428265187, 1734428265468, 1734428265840, 1734428266163, 1734428266163, 1734428266491, 1734428266766, 1734428267142, 
