
**********************************************************
ConnectDAWs File Logger | only the ConnectionManagerThread will write to this file to avoid blocking calls inside the audio thread.
Log started: 17 Dec 2024 10:42:15am

Network Benchmark | start
size of start timestamps: 272
size of end timestamps: 272
latency: 321, 362, 371, 379, 407, 394, 405, 418, 425, 440, 445, 467, 458, 463, 463, 460, 453, 393, 396, 363, 339, 321, 350, 350, 324, 318, 318, 369, 359, 355, 315, 319, 316, 314, 320, 321, 315, 320, 321, 315, 316, 324, 316, 316, 316, 320, 321, 330, 314, 314, 320, 324, 314, 331, 318, 314, 333, 327, 391, 392, 390, 388, 358, 315, 316, 318, 312, 337, 312, 320, 317, 310, 328, 324, 312, 311, 326, 332, 321, 331, 329, 332, 321, 321, 320, 323, 323, 404, 381, 363, 348, 339, 319, 321, 328, 326, 330, 318, 363, 352, 315, 327, 331, 350, 347, 343, 318, 312, 313, 315, 319, 316, 316, 316, 315, 315, 320, 374, 340, 347, 399, 379, 374, 319, 330, 335, 320, 334, 325, 318, 336, 321, 325, 329, 353, 350, 319, 332, 315, 316, 317, 318, 318, 319, 318, 327, 320, 334, 318, 374, 433, 401, 373, 355, 341, 332, 318, 319, 329, 317, 320, 316, 350, 313, 321, 323, 325, 334, 350, 355, 322, 317, 328, 333, 334, 323, 318, 317, 330, 341, 322, 325, 321, 318, 348, 320, 323, 330, 323, 339, 324, 316, 318, 340, 344, 355, 413, 363, 320, 343, 338, 346, 330, 316, 322, 323, 317, 318, 333, 343, 321, 344, 349, 342, 325, 322, 341, 322, 317, 317, 329, 316, 327, 325, 320, 317, 313, 320, 345, 322, 337, 353, 311, 313, 322, 323, 315, 331, 354, 348, 338, 343, 332, 325, 313, 322, 328, 318, 338, 319, 322, 312, 314, 348, 318, 342, 343, 326, 329, 318, 317, 318, 320, 324, 313, 342, 423, 420, 395, 338, 324, 312, 
start timestamps: 1734428444210, 1734428444495, 1734428444799, 1734428445107, 1734428445386, 1734428445707, 1734428446005, 1734428446314, 1734428446618, 1734428446907, 1734428447210, 1734428447502, 1734428447825, 1734428448139, 1734428448454, 1734428448767, 1734428449100, 1734428449474, 1734428449803, 1734428450147, 1734428450481, 1734428450808, 1734428451103, 1734428451424, 1734428451800, 1734428452126, 1734428452446, 1734428452762, 1734428453087, 1734428453412, 1734428453762, 1734428454116, 1734428454445, 1734428454762, 1734428455138, 1734428455484, 1734428455812, 1734428456149, 1734428456470, 1734428456789, 1734428457125, 1734428457450, 1734428457781, 1734428458108, 1734428458437, 1734428458767, 1734428459097, 1734428459420, 1734428459774, 1734428460117, 1734428460464, 1734428460814, 1734428461140, 1734428461494, 1734428461821, 1734428462134, 1734428462460, 1734428462832, 1734428463161, 1734428463469, 1734428463776, 1734428464083, 1734428464418, 1734428464769, 1734428465158, 1734428465489, 1734428465806, 1734428466141, 1734428466486, 1734428466800, 1734428467135, 1734428467468, 1734428467836, 1734428468160, 1734428468485, 1734428468794, 1734428469109, 1734428469475, 1734428469832, 1734428470175, 1734428470489, 1734428470791, 1734428471115, 1734428471441, 1734428471814, 1734428472172, 1734428472478, 1734428472801, 1734428473130, 1734428473474, 1734428473821, 1734428474136, 1734428474460, 1734428474820, 1734428475152, 1734428475468, 1734428475774, 1734428476119, 1734428476469, 1734428476791, 1734428477134, 1734428477457, 1734428477761, 1734428478059, 1734428478427, 1734428478748, 1734428479079, 1734428479406, 1734428479731, 1734428480043, 1734428480356, 1734428480729, 1734428481060, 1734428481380, 1734428481694, 1734428482024, 1734428482343, 1734428482695, 1734428483049, 1734428483359, 1734428483665, 1734428483996, 1734428484311, 1734428484679, 1734428485024, 1734428485361, 1734428485726, 1734428486024, 1734428486361, 1734428486699, 1734428487029, 1734428487395, 1734428487696, 1734428487998, 1734428488299, 1734428488620, 1734428488961, 1734428489304, 1734428489707, 1734428490017, 1734428490328, 1734428490657, 1734428490986, 1734428491351, 1734428491678, 1734428491984, 1734428492303, 1734428492628, 1734428492981, 1734428493366, 1734428493661, 1734428494003, 1734428494338, 1734428494669, 1734428495000, 1734428495314, 1734428495640, 1734428495952, 1734428496326, 1734428496649, 1734428496985, 1734428497306, 1734428497650, 1734428498010, 1734428498370, 1734428498735, 1734428499042, 1734428499346, 1734428499656, 1734428499978, 1734428500320, 1734428500696, 1734428501067, 1734428501373, 1734428501690, 1734428502012, 1734428502336, 1734428502659, 1734428502995, 1734428503322, 1734428503724, 1734428504074, 1734428504395, 1734428504704, 1734428505052, 1734428505410, 1734428505771, 1734428506136, 1734428506491, 1734428506831, 1734428507155, 1734428507515, 1734428507846, 1734428508194, 1734428508520, 1734428508825, 1734428509160, 1734428509514, 1734428509864, 1734428510206, 1734428510524, 1734428510828, 1734428511153, 1734428511483, 1734428511829, 1734428512174, 1734428512494, 1734428512818, 1734428513155, 1734428513486, 1734428513819, 1734428514163, 1734428514474, 1734428514790, 1734428515165, 1734428515497, 1734428515853, 1734428516199, 1734428516514, 1734428516844, 1734428517179, 1734428517522, 1734428517852, 1734428518182, 1734428518531, 1734428518871, 1734428519220, 1734428519545, 1734428519924, 1734428520256, 1734428520606, 1734428520961, 1734428521308, 1734428521614, 1734428521939, 1734428522266, 1734428522587, 1734428522929, 1734428523287, 1734428523599, 1734428523916, 1734428524221, 1734428524546, 1734428524909, 1734428525277, 1734428525604, 1734428525913, 1734428526254, 1734428526621, 1734428526960, 1734428527300, 1734428527616, 1734428527933, 1734428528276, 1734428528655, 1734428529001, 1734428529309, 1734428529664, 1734428530023, 1734428530373, 1734428530710, 1734428531039, 1734428531383, 1734428531731, 1734428532056, 1734428532410, 1734428532782, 1734428533096, 1734428533425, 1734428533791, 1734428534143, 1734428534486, 
end timestamps: 1734428444531, 1734428444857, 1734428445170, 1734428445486, 1734428445793, 1734428446101, 1734428446410, 1734428446732, 1734428447043, 1734428447347, 1734428447655, 1734428447969, 1734428448283, 1734428448602, 1734428448917, 1734428449227, 1734428449553, 1734428449867, 1734428450199, 1734428450510, 1734428450820, 1734428451129, 1734428451453, 1734428451774, 1734428452124, 1734428452444, 1734428452764, 1734428453131, 1734428453446, 1734428453767, 1734428454077, 1734428454435, 1734428454761, 1734428455076, 1734428455458, 1734428455805, 1734428456127, 1734428456469, 1734428456791, 1734428457104, 1734428457441, 1734428457774, 1734428458097, 1734428458424, 1734428458753, 1734428459087, 1734428459418, 1734428459750, 1734428460088, 1734428460431, 1734428460784, 1734428461138, 1734428461454, 1734428461825, 1734428462139, 1734428462448, 1734428462793, 1734428463159, 1734428463552, 1734428463861, 1734428464166, 1734428464471, 1734428464776, 1734428465084, 1734428465474, 1734428465807, 1734428466118, 1734428466478, 1734428466798, 1734428467120, 1734428467452, 1734428467778, 1734428468164, 1734428468484, 1734428468797, 1734428469105, 1734428469435, 1734428469807, 1734428470153, 1734428470506, 1734428470818, 1734428471123, 1734428471436, 1734428471762, 1734428472134, 1734428472495, 1734428472801, 1734428473205, 1734428473511, 1734428473837, 1734428474169, 1734428474475, 1734428474779, 1734428475141, 1734428475480, 1734428475794, 1734428476104, 1734428476437, 1734428476832, 1734428477143, 1734428477449, 1734428477784, 1734428478092, 1734428478409, 1734428478774, 1734428479091, 1734428479397, 1734428479718, 1734428480044, 1734428480358, 1734428480675, 1734428481045, 1734428481376, 1734428481696, 1734428482009, 1734428482339, 1734428482663, 1734428483069, 1734428483389, 1734428483706, 1734428484064, 1734428484375, 1734428484685, 1734428484998, 1734428485354, 1734428485696, 1734428486046, 1734428486358, 1734428486686, 1734428487017, 1734428487365, 1734428487716, 1734428488021, 1734428488327, 1734428488652, 1734428488970, 1734428489280, 1734428489636, 1734428490022, 1734428490333, 1734428490645, 1734428490975, 1734428491304, 1734428491670, 1734428491996, 1734428492311, 1734428492623, 1734428492962, 1734428493299, 1734428493740, 1734428494094, 1734428494404, 1734428494711, 1734428495024, 1734428495341, 1734428495646, 1734428495958, 1734428496271, 1734428496655, 1734428496966, 1734428497305, 1734428497622, 1734428498000, 1734428498323, 1734428498691, 1734428499058, 1734428499367, 1734428499680, 1734428500006, 1734428500333, 1734428500642, 1734428501013, 1734428501395, 1734428501706, 1734428502024, 1734428502335, 1734428502654, 1734428502976, 1734428503325, 1734428503663, 1734428504046, 1734428504399, 1734428504716, 1734428505022, 1734428505400, 1734428505730, 1734428506094, 1734428506466, 1734428506814, 1734428507170, 1734428507479, 1734428507831, 1734428508164, 1734428508534, 1734428508864, 1734428509180, 1734428509573, 1734428509877, 1734428510184, 1734428510549, 1734428510862, 1734428511174, 1734428511483, 1734428511799, 1734428512151, 1734428512497, 1734428512811, 1734428513136, 1734428513488, 1734428513829, 1734428514140, 1734428514507, 1734428514823, 1734428515132, 1734428515490, 1734428515819, 1734428516194, 1734428516521, 1734428516831, 1734428517161, 1734428517508, 1734428517838, 1734428518179, 1734428518507, 1734428518851, 1734428519188, 1734428519533, 1734428519865, 1734428520269, 1734428520578, 1734428520943, 1734428521314, 1734428521619, 1734428521927, 1734428522261, 1734428522589, 1734428522902, 1734428523260, 1734428523641, 1734428523947, 1734428524254, 1734428524564, 1734428524878, 1734428525234, 1734428525590, 1734428525926, 1734428526241, 1734428526572, 1734428526959, 1734428527279, 1734428527622, 1734428527928, 1734428528247, 1734428528624, 1734428528973, 1734428529343, 1734428529652, 1734428529990, 1734428530352, 1734428530691, 1734428531027, 1734428531357, 1734428531703, 1734428532055, 1734428532369, 1734428532752, 1734428533205, 1734428533516, 1734428533820, 1734428534129, 1734428534467, 1734428534798, 
Plugin Outgoing Benchmark | start
size of start timestamps: 315
size of end timestamps: 291
latency: 316, 601, 880, 1159, 1420, 1679, 1935, 2205, 2466, 2731, 3046, 3336, 3613, 3789, 3772, 3753, 3751, 3738, 3767, 3759, 3738, 3769, 3767, 3755, 3735, 3719, 3706, 3736, 3722, 4036, 4020, 4007, 4049, 4030, 4010, 4006, 4033, 4015, 3996, 4028, 4011, 3989, 4018, 4321, 4301, 4278, 4257, 4567, 4589, 4575, 4554, 4579, 4561, 4546, 4581, 4571, 4604, 4602, 4595, 4621, 4602, 4926, 4955, 4943, 4970, 4955, 4944, 4974, 4969, 4999, 4981, 4978, 4961, 4947, 4973, 5276, 5257, 5239, 5224, 5250, 5234, 5263, 5243, 5231, 5215, 5201, 5222, 5211, 5193, 5223, 5209, 5187, 5492, 5526, 5519, 5549, 5541, 5523, 5556, 5544, 5583, 5580, 5566, 5591, 5591, 5592, 5910, 5952, 5937, 5926, 5992, 5988, 6019, 6001, 5975, 5954, 5978, 5970, 5951, 5933, 5907, 5935, 5916, 5901, 5889, 5885, 5874, 5916, 5898, 5832, 5874, 5857, 5848, 5878, 5866, 5904, 5891, 5877, 5909, 6216, 6194, 6220, 6213, 6207, 6234, 6231, 6213, 6203, 6247, 6230, 6216, 6192, 6219, 6535, 6517, 6500, 6483, 6786, 6812, 6796, 6777, 6815, 6798, 6824, 6819, 6801, 6788, 6776, 6806, 6781, 6761, 6741, 6771, 6754, 6781, 6761, 6743, 6768, 6771, 6784, 6813, 6787, 6821, 6800, 6786, 6813, 6799, 6781, 6785, 6817, 6826, 6816, 6851, 6845, 6893, 6884, 6872, 6896, 6877, 6915, 6907, 6848, 6876, 6859, 6891, 6880, 6864, 6911, 6901, 6886, 6868, 6899, 6893, 6898, 6903, 6890, 7197, 7176, 7174, 7207, 7187, 7166, 7200, 7203, 7201, 7197, 7229, 7213, 7202, 7242, 7234, 7216, 7217, 7247, 7231, 7218, 7208, 7203, 7192, 7215, 7204, 7188, 7184, 7240, 7225, 7215, 7247, 7246, 7270, 7268, 7259, 7238, 7554, 7588, 7566, 7556, 7543, 7548, 7596, 7574, 7553, 7533, 7572, 7555, 7539, 7565, 7548, 7539, 7519, 7505, 7448, 7432, 7482, 7477, 7466, 7778, 7808, 7787, 7769, 7796, 7777, 7757, 7738, 7718, 7697, 7721, 7710, 7695, 7733, 7723, 7748, 
start timestamps: 1734428444151, 1734428444197, 1734428444244, 1734428444288, 1734428444336, 1734428444382, 1734428444429, 1734428444477, 1734428444521, 1734428444568, 1734428444569, 1734428444614, 1734428444663, 1734428444800, 1734428445128, 1734428445451, 1734428445775, 1734428446101, 1734428446382, 1734428446704, 1734428447032, 1734428447309, 1734428447635, 1734428447957, 1734428448286, 1734428448609, 1734428448932, 1734428449212, 1734428449538, 1734428449538, 1734428449863, 1734428450189, 1734428450466, 1734428450792, 1734428451117, 1734428451442, 1734428451720, 1734428452046, 1734428452371, 1734428452649, 1734428452974, 1734428453300, 1734428453577, 1734428453578, 1734428453903, 1734428454228, 1734428454553, 1734428454553, 1734428454834, 1734428455157, 1734428455481, 1734428455760, 1734428456084, 1734428456411, 1734428456689, 1734428457014, 1734428457292, 1734428457619, 1734428457945, 1734428458222, 1734428458545, 1734428458546, 1734428458825, 1734428459149, 1734428459428, 1734428459756, 1734428460079, 1734428460360, 1734428460684, 1734428460963, 1734428461287, 1734428461614, 1734428461936, 1734428462261, 1734428462541, 1734428462541, 1734428462868, 1734428463192, 1734428463515, 1734428463795, 1734428464122, 1734428464399, 1734428464725, 1734428465049, 1734428465376, 1734428465700, 1734428465981, 1734428466304, 1734428466627, 1734428466906, 1734428467230, 1734428467557, 1734428467557, 1734428467834, 1734428468160, 1734428468441, 1734428468763, 1734428469088, 1734428469367, 1734428469695, 1734428469972, 1734428470295, 1734428470621, 1734428470902, 1734428471226, 1734428471549, 1734428471550, 1734428471830, 1734428472156, 1734428472481, 1734428472759, 1734428473081, 1734428473362, 1734428473686, 1734428474014, 1734428474336, 1734428474617, 1734428474940, 1734428475268, 1734428475590, 1734428475919, 1734428476193, 1734428476522, 1734428476844, 1734428477169, 1734428477495, 1734428477820, 1734428478098, 1734428478423, 1734428478796, 1734428479073, 1734428479399, 1734428479723, 1734428480002, 1734428480326, 1734428480606, 1734428480932, 1734428481257, 1734428481535, 1734428481535, 1734428481860, 1734428482139, 1734428482464, 1734428482788, 1734428483069, 1734428483393, 1734428483719, 1734428484044, 1734428484322, 1734428484647, 1734428484970, 1734428485298, 1734428485575, 1734428485576, 1734428485899, 1734428486224, 1734428486550, 1734428486551, 1734428486829, 1734428487154, 1734428487480, 1734428487758, 1734428488084, 1734428488362, 1734428488687, 1734428489013, 1734428489337, 1734428489664, 1734428489941, 1734428490270, 1734428490592, 1734428490915, 1734428491195, 1734428491519, 1734428491799, 1734428492127, 1734428492449, 1734428492730, 1734428493054, 1734428493376, 1734428493656, 1734428493984, 1734428494260, 1734428494587, 1734428494909, 1734428495191, 1734428495513, 1734428495841, 1734428496165, 1734428496445, 1734428496767, 1734428497093, 1734428497370, 1734428497699, 1734428497974, 1734428498302, 1734428498624, 1734428498905, 1734428499230, 1734428499508, 1734428499833, 1734428500207, 1734428500484, 1734428500810, 1734428501086, 1734428501411, 1734428501736, 1734428502017, 1734428502339, 1734428502667, 1734428502992, 1734428503271, 1734428503593, 1734428503922, 1734428504244, 1734428504568, 1734428504569, 1734428504895, 1734428505219, 1734428505498, 1734428505823, 1734428506149, 1734428506426, 1734428506752, 1734428507077, 1734428507403, 1734428507684, 1734428508007, 1734428508335, 1734428508610, 1734428508933, 1734428509261, 1734428509584, 1734428509863, 1734428510188, 1734428510515, 1734428510839, 1734428511164, 1734428511488, 1734428511769, 1734428512093, 1734428512418, 1734428512743, 1734428513022, 1734428513347, 1734428513673, 1734428513998, 1734428514323, 1734428514602, 1734428514927, 1734428515251, 1734428515578, 1734428515578, 1734428515854, 1734428516180, 1734428516505, 1734428516831, 1734428517157, 1734428517434, 1734428517760, 1734428518085, 1734428518411, 1734428518687, 1734428519012, 1734428519338, 1734428519618, 1734428519941, 1734428520266, 1734428520592, 1734428520915, 1734428521287, 1734428521613, 1734428521893, 1734428522218, 1734428522541, 1734428522542, 1734428522821, 1734428523146, 1734428523470, 1734428523749, 1734428524075, 1734428524401, 1734428524724, 1734428525051, 1734428525374, 1734428525654, 1734428525978, 1734428526305, 1734428526581, 1734428526910, 1734428527186, 1734428527514, 1734428527837, 1734428528114, 1734428528441, 1734428528765, 1734428529091, 1734428529416, 1734428529742, 1734428530018, 1734428530345, 1734428530670, 1734428530948, 1734428531273, 1734428531552, 1734428531552, 1734428531876, 1734428532203, 1734428532481, 1734428532806, 1734428533083, 1734428533409, 1734428533690, 1734428534012, 1734428534337, 
end timestamps: 1734428444467, 1734428444798, 1734428445124, 1734428445447, 1734428445756, 1734428446061, 1734428446364, 1734428446682, 1734428446987, 1734428447299, 1734428447615, 1734428447950, 1734428448276, 1734428448589, 1734428448900, 1734428449204, 1734428449526, 1734428449839, 1734428450149, 1734428450463, 1734428450770, 1734428451078, 1734428451402, 1734428451712, 1734428452021, 1734428452328, 1734428452638, 1734428452948, 1734428453260, 1734428453574, 1734428453883, 1734428454196, 1734428454515, 1734428454822, 1734428455127, 1734428455448, 1734428455753, 1734428456061, 1734428456367, 1734428456677, 1734428456985, 1734428457289, 1734428457595, 1734428457899, 1734428458204, 1734428458506, 1734428458810, 1734428459120, 1734428459423, 1734428459732, 1734428460035, 1734428460339, 1734428460645, 1734428460957, 1734428461270, 1734428461585, 1734428461896, 1734428462221, 1734428462540, 1734428462843, 1734428463147, 1734428463472, 1734428463780, 1734428464092, 1734428464398, 1734428464711, 1734428465023, 1734428465334, 1734428465653, 1734428465962, 1734428466268, 1734428466592, 1734428466897, 1734428467208, 1734428467514, 1734428467817, 1734428468125, 1734428468431, 1734428468739, 1734428469045, 1734428469356, 1734428469662, 1734428469968, 1734428470280, 1734428470591, 1734428470901, 1734428471203, 1734428471515, 1734428471820, 1734428472129, 1734428472439, 1734428472744, 1734428473049, 1734428473360, 1734428473679, 1734428473990, 1734428474304, 1734428474611, 1734428474923, 1734428475239, 1734428475555, 1734428475875, 1734428476187, 1734428476493, 1734428476817, 1734428477141, 1734428477460, 1734428477782, 1734428478093, 1734428478407, 1734428478751, 1734428479069, 1734428479381, 1734428479687, 1734428479989, 1734428480290, 1734428480595, 1734428480910, 1734428481219, 1734428481523, 1734428481826, 1734428482128, 1734428482438, 1734428482745, 1734428483058, 1734428483380, 1734428483694, 1734428484014, 1734428484321, 1734428484628, 1734428484947, 1734428485256, 1734428485571, 1734428485880, 1734428486192, 1734428486510, 1734428486823, 1734428487134, 1734428487444, 1734428487751, 1734428488054, 1734428488359, 1734428488677, 1734428488995, 1734428489303, 1734428489624, 1734428489932, 1734428490247, 1734428490569, 1734428490877, 1734428491186, 1734428491490, 1734428491794, 1734428492111, 1734428492416, 1734428492724, 1734428493033, 1734428493337, 1734428493641, 1734428493950, 1734428494257, 1734428494573, 1734428494882, 1734428495186, 1734428495506, 1734428495814, 1734428496125, 1734428496440, 1734428496747, 1734428497051, 1734428497353, 1734428497656, 1734428497966, 1734428498273, 1734428498580, 1734428498888, 1734428499192, 1734428499498, 1734428499825, 1734428500160, 1734428500469, 1734428500771, 1734428501081, 1734428501387, 1734428501695, 1734428502004, 1734428502312, 1734428502622, 1734428502950, 1734428503262, 1734428503593, 1734428503909, 1734428504221, 1734428504544, 1734428504867, 1734428505186, 1734428505496, 1734428505801, 1734428506107, 1734428506423, 1734428506740, 1734428507055, 1734428507360, 1734428507669, 1734428507977, 1734428508291, 1734428508600, 1734428508928, 1734428509240, 1734428509553, 1734428509860, 1734428510170, 1734428510486, 1734428510820, 1734428511147, 1734428511458, 1734428511766, 1734428512071, 1734428512393, 1734428512705, 1734428513010, 1734428513315, 1734428513626, 1734428513955, 1734428514278, 1734428514600, 1734428514913, 1734428515220, 1734428515537, 1734428515852, 1734428516167, 1734428516477, 1734428516801, 1734428517110, 1734428517419, 1734428517733, 1734428518047, 1734428518367, 1734428518680, 1734428518984, 1734428519297, 1734428519606, 1734428519927, 1734428520262, 1734428520572, 1734428520888, 1734428521245, 1734428521569, 1734428521872, 1734428522195, 1734428522510, 1734428522816, 1734428523132, 1734428523442, 1734428523746, 1734428524061, 1734428524374, 1734428524705, 1734428525030, 1734428525334, 1734428525638, 1734428525944, 1734428526259, 1734428526567, 1734428526877, 1734428527183, 1734428527489, 1734428527805, 1734428528111, 1734428528420, 1734428528735, 1734428529045, 1734428529375, 1734428529695, 1734428530007, 1734428530320, 1734428530629, 1734428530933, 1734428531239, 1734428531545, 1734428531852, 1734428532158, 1734428532462, 1734428532769, 1734428533071, 1734428533375, 1734428533688, 1734428534000, 1734428534314, 1734428534633, 1734428534934, 
Plugin Incoming Benchmark | start
size of start timestamps: 273
size of end timestamps: 279
latency: 349, 36, 33, -1, 9, 28, 45, 15, 18, 32, 6, 23, 35, 2, 5, 13, 29, 30, 42, 36, 2, 18, 31, 34, 3, 4, 9, -21, 26, 31, 41, -38, 7, 16, -36, -11, -12, -27, 24, 31, -23, 16, 14, 13, 7, 3, -4, -1, -26, 2, -21, 4, 0, -30, 18, 26, -36, -27, -33, 8, -300, -279, -303, -286, -348, -402, -300, -312, -329, -320, -331, -336, -377, -378, -286, -317, -307, -349, -377, -353, -351, -292, -270, -321, -365, -397, -341, -364, -400, -291, -312, -624, -601, -630, -681, -680, -624, -627, -681, -683, -670, -621, -617, -599, -617, -679, -669, -618, -621, -651, -643, -688, -694, -688, -632, -634, -631, -701, -699, -704, -621, -673, -657, -600, -618, -678, -718, -657, -656, -622, -683, -713, -656, -632, -571, -618, -610, -626, -703, -737, -673, -631, -636, -671, -678, -664, -604, -607, -682, -794, -768, -762, -654, -591, -575, -617, -598, -584, -679, -678, -689, -640, -666, -692, -728, -727, -715, -651, -591, -637, -642, -685, -731, -727, -668, -615, -608, -604, -670, -663, -741, -719, -714, -659, -660, -664, -745, -737, -770, -757, -700, -676, -636, -708, -666, -673, -696, -1011, -988, -1000, -967, -953, -988, -930, -1277, -1296, -1289, -1340, -1362, -1333, -1319, -1354, -1347, -1292, -1317, -1322, -1352, -1376, -1363, -1322, -1333, -1304, -1311, -1641, -1663, -1679, -1700, -1702, -1710, -1723, -2067, -2096, -2115, -2053, -2380, -2379, -2281, -2348, -2368, -2310, -2289, -2315, -2302, -2282, -2373, -2332, -2270, -2281, -2369, -2385, -2397, -2387, -2334, -2383, -2407, -2443, -2345, -2394, -2380, -2449, -2463, -2422, -2393, -2372, -2370, -2426, -2505, -2492, -2478, -2457, -2414, -2432, -2435, 
start timestamps: 1734428444219, 1734428444533, 1734428444860, 1734428445172, 1734428445487, 1734428445795, 1734428446103, 1734428446411, 1734428446733, 1734428447044, 1734428447348, 1734428447657, 1734428447971, 1734428448284, 1734428448604, 1734428448919, 1734428449229, 1734428449555, 1734428449869, 1734428450200, 1734428450512, 1734428450821, 1734428451131, 1734428451454, 1734428451810, 1734428452134, 1734428452455, 1734428452810, 1734428453133, 1734428453454, 1734428453770, 1734428454126, 1734428454453, 1734428454770, 1734428455145, 1734428455492, 1734428455820, 1734428456159, 1734428456479, 1734428456797, 1734428457133, 1734428457464, 1734428457790, 1734428458117, 1734428458446, 1734428458775, 1734428459107, 1734428459429, 1734428459782, 1734428460125, 1734428460472, 1734428460822, 1734428461148, 1734428461503, 1734428461829, 1734428462143, 1734428462486, 1734428462847, 1734428463225, 1734428463554, 1734428463863, 1734428464168, 1734428464473, 1734428464778, 1734428465165, 1734428465498, 1734428465815, 1734428466149, 1734428466495, 1734428466808, 1734428467144, 1734428467475, 1734428467845, 1734428468168, 1734428468494, 1734428468802, 1734428469118, 1734428469483, 1734428469840, 1734428470185, 1734428470508, 1734428470820, 1734428471124, 1734428471452, 1734428471822, 1734428472179, 1734428472497, 1734428472890, 1734428473207, 1734428473512, 1734428473859, 1734428474171, 1734428474476, 1734428474829, 1734428475160, 1734428475482, 1734428475796, 1734428476128, 1734428476505, 1734428476834, 1734428477144, 1734428477465, 1734428477786, 1734428478094, 1734428478437, 1734428478777, 1734428479092, 1734428479414, 1734428479740, 1734428480050, 1734428480366, 1734428480736, 1734428481068, 1734428481388, 1734428481702, 1734428482032, 1734428482351, 1734428482747, 1734428483071, 1734428483401, 1734428483737, 1734428484066, 1734428484376, 1734428484689, 1734428485032, 1734428485370, 1734428485735, 1734428486048, 1734428486369, 1734428486708, 1734428487046, 1734428487404, 1734428487718, 1734428488023, 1734428488329, 1734428488654, 1734428488972, 1734428489313, 1734428489716, 1734428490026, 1734428490337, 1734428490666, 1734428490995, 1734428491359, 1734428491688, 1734428491998, 1734428492313, 1734428492638, 1734428492994, 1734428493428, 1734428493774, 1734428494096, 1734428494405, 1734428494713, 1734428495025, 1734428495342, 1734428495650, 1734428495960, 1734428496335, 1734428496657, 1734428496996, 1734428497314, 1734428497666, 1734428498018, 1734428498378, 1734428498748, 1734428499060, 1734428499368, 1734428499681, 1734428500008, 1734428500335, 1734428500704, 1734428501076, 1734428501397, 1734428501708, 1734428502026, 1734428502344, 1734428502669, 1734428503009, 1734428503330, 1734428503733, 1734428504081, 1734428504403, 1734428504718, 1734428505090, 1734428505422, 1734428505779, 1734428506145, 1734428506501, 1734428506858, 1734428507173, 1734428507523, 1734428507854, 1734428508202, 1734428508535, 1734428508865, 1734428509259, 1734428509574, 1734428509879, 1734428510213, 1734428510551, 1734428510864, 1734428511176, 1734428511491, 1734428511838, 1734428512182, 1734428512501, 1734428512828, 1734428513177, 1734428513520, 1734428513830, 1734428514191, 1734428514509, 1734428514825, 1734428515175, 1734428515506, 1734428515861, 1734428516208, 1734428516522, 1734428516852, 1734428517187, 1734428517529, 1734428517861, 1734428518191, 1734428518539, 1734428518880, 1734428519228, 1734428519554, 1734428519933, 1734428520271, 1734428520615, 1734428520971, 1734428521315, 1734428521623, 1734428521950, 1734428522275, 1734428522595, 1734428522940, 1734428523330, 1734428523643, 1734428523949, 1734428524256, 1734428524565, 1734428524918, 1734428525286, 1734428525616, 1734428525927, 1734428526263, 1734428526629, 1734428526970, 1734428527308, 1734428527624, 1734428527941, 1734428528315, 1734428528664, 1734428529024, 1734428529344, 1734428529674, 1734428530032, 1734428530382, 1734428530718, 1734428531048, 1734428531391, 1734428531740, 1734428532064, 1734428532444, 1734428532897, 1734428533207, 1734428533518, 1734428533822, 1734428534152, 1734428534495, 1734428534823, 
end timestamps: 1734428444568, 1734428444569, 1734428444893, 1734428445171, 1734428445496, 1734428445823, 1734428446148, 1734428446426, 1734428446751, 1734428447076, 1734428447354, 1734428447680, 1734428448006, 1734428448286, 1734428448609, 1734428448932, 1734428449258, 1734428449585, 1734428449911, 1734428450236, 1734428450514, 1734428450839, 1734428451162, 1734428451488, 1734428451813, 1734428452138, 1734428452464, 1734428452789, 1734428453159, 1734428453485, 1734428453811, 1734428454088, 1734428454460, 1734428454786, 1734428455109, 1734428455481, 1734428455808, 1734428456132, 1734428456503, 1734428456828, 1734428457110, 1734428457480, 1734428457804, 1734428458130, 1734428458453, 1734428458778, 1734428459103, 1734428459428, 1734428459756, 1734428460127, 1734428460451, 1734428460826, 1734428461148, 1734428461473, 1734428461847, 1734428462169, 1734428462450, 1734428462820, 1734428463192, 1734428463562, 1734428463563, 1734428463889, 1734428464170, 1734428464492, 1734428464817, 1734428465096, 1734428465515, 1734428465837, 1734428466166, 1734428466488, 1734428466813, 1734428467139, 1734428467468, 1734428467790, 1734428468208, 1734428468485, 1734428468811, 1734428469134, 1734428469463, 1734428469832, 1734428470157, 1734428470528, 1734428470854, 1734428471131, 1734428471457, 1734428471782, 1734428472156, 1734428472526, 1734428472807, 1734428473221, 1734428473547, 1734428473547, 1734428473875, 1734428474199, 1734428474479, 1734428474802, 1734428475172, 1734428475501, 1734428475824, 1734428476151, 1734428476474, 1734428476844, 1734428477169, 1734428477495, 1734428477820, 1734428478098, 1734428478423, 1734428478796, 1734428479119, 1734428479399, 1734428479723, 1734428480048, 1734428480374, 1734428480700, 1734428481070, 1734428481398, 1734428481720, 1734428482046, 1734428482372, 1734428482697, 1734428483116, 1734428483393, 1734428483719, 1734428484089, 1734428484414, 1734428484692, 1734428485017, 1734428485391, 1734428485713, 1734428486086, 1734428486363, 1734428486691, 1734428487062, 1734428487391, 1734428487758, 1734428488036, 1734428488362, 1734428488687, 1734428489013, 1734428489289, 1734428489664, 1734428490035, 1734428490359, 1734428490688, 1734428491010, 1734428491334, 1734428491709, 1734428492031, 1734428492312, 1734428492634, 1734428493006, 1734428493334, 1734428493751, 1734428494122, 1734428494450, 1734428494725, 1734428495052, 1734428495376, 1734428495656, 1734428495979, 1734428496307, 1734428496674, 1734428497000, 1734428497326, 1734428497650, 1734428498021, 1734428498345, 1734428498717, 1734428499090, 1734428499371, 1734428499693, 1734428500019, 1734428500345, 1734428500670, 1734428501040, 1734428501411, 1734428501736, 1734428502065, 1734428502339, 1734428502667, 1734428502992, 1734428503362, 1734428503689, 1734428504059, 1734428504430, 1734428504758, 1734428505034, 1734428505408, 1734428505731, 1734428506101, 1734428506473, 1734428506847, 1734428507218, 1734428507494, 1734428507869, 1734428508192, 1734428508563, 1734428508563, 1734428508891, 1734428509213, 1734428509584, 1734428509911, 1734428510188, 1734428510561, 1734428510561, 1734428510886, 1734428511212, 1734428511488, 1734428511815, 1734428512187, 1734428512511, 1734428512837, 1734428513162, 1734428513533, 1734428513858, 1734428514184, 1734428514509, 1734428514832, 1734428515159, 1734428515530, 1734428515854, 1734428516225, 1734428516550, 1734428516550, 1734428516876, 1734428517201, 1734428517528, 1734428517852, 1734428518223, 1734428518548, 1734428518548, 1734428518875, 1734428519200, 1734428519570, 1734428519570, 1734428519896, 1734428520314, 1734428520592, 1734428520962, 1734428521333, 1734428521660, 1734428521941, 1734428522263, 1734428522636, 1734428522913, 1734428523284, 1734428523657, 1734428523982, 1734428524260, 1734428524585, 1734428524911, 1734428525237, 1734428525607, 1734428525932, 1734428526257, 1734428526581, 1734428526999, 1734428527280, 1734428527652, 1734428527933, 1734428528255, 1734428528626, 1734428528998, 1734428529368, 1734428529694, 1734428530018, 1734428530392, 1734428530715, 1734428531040, 1734428531365, 1734428531738, 1734428532063, 1734428532388, 1734428532758, 1734428533224, 1734428533549, 1734428533549, 1734428533827, 1734428534151, 
