
**********************************************************
ConnectDAWs File Logger | only the ConnectionManagerThread will write to this file to avoid blocking calls inside the audio thread.
Log started: 17 Dec 2024 10:31:04am

Network Benchmark | start
size of start timestamps: 275
size of end timestamps: 275
latency: 322, 397, 406, 422, 447, 438, 411, 407, 398, 415, 408, 431, 421, 475, 429, 461, 425, 413, 402, 426, 339, 335, 326, 328, 329, 320, 313, 315, 319, 324, 398, 402, 403, 354, 323, 327, 323, 313, 322, 320, 348, 318, 314, 325, 314, 315, 314, 316, 314, 326, 325, 318, 314, 316, 334, 312, 328, 323, 333, 352, 423, 401, 400, 401, 409, 364, 345, 315, 320, 310, 334, 324, 318, 318, 319, 317, 315, 337, 327, 329, 336, 347, 322, 357, 331, 326, 315, 317, 325, 328, 320, 315, 333, 324, 317, 328, 323, 357, 371, 355, 316, 320, 319, 337, 318, 323, 315, 317, 313, 318, 316, 315, 322, 310, 310, 320, 346, 336, 331, 327, 325, 314, 335, 421, 426, 386, 378, 325, 320, 319, 311, 323, 316, 324, 353, 331, 320, 317, 333, 314, 320, 333, 353, 338, 322, 315, 315, 318, 320, 318, 394, 366, 340, 338, 321, 317, 329, 325, 320, 327, 324, 317, 320, 312, 316, 313, 318, 328, 315, 320, 321, 324, 334, 318, 321, 322, 325, 330, 333, 342, 416, 358, 354, 354, 313, 318, 314, 348, 339, 347, 313, 322, 318, 317, 317, 321, 324, 322, 321, 322, 324, 324, 332, 317, 329, 321, 338, 317, 349, 327, 344, 338, 317, 312, 332, 315, 349, 348, 311, 317, 332, 324, 313, 345, 318, 314, 317, 363, 332, 324, 326, 348, 370, 329, 344, 335, 330, 338, 332, 323, 421, 440, 441, 410, 382, 356, 362, 314, 365, 346, 331, 313, 314, 334, 319, 343, 314, 312, 313, 331, 312, 328, 318, 311, 328, 322, 350, 328, 313, 329, 357, 331, 318, 337, 394, 
start timestamps: 1734427772748, 1734427773055, 1734427773357, 1734427773644, 1734427773927, 1734427774247, 1734427774583, 1734427774902, 1734427775222, 1734427775514, 1734427775828, 1734427776125, 1734427776444, 1734427776810, 1734427777167, 1734427777454, 1734427777799, 1734427778126, 1734427778443, 1734427778726, 1734427779183, 1734427779588, 1734427779948, 1734427780304, 1734427780618, 1734427780930, 1734427781271, 1734427781637, 1734427781958, 1734427782297, 1734427782617, 1734427782936, 1734427783239, 1734427783605, 1734427783959, 1734427784321, 1734427784643, 1734427784972, 1734427785296, 1734427785620, 1734427785962, 1734427786306, 1734427786636, 1734427786963, 1734427787299, 1734427787621, 1734427787945, 1734427788274, 1734427788605, 1734427788964, 1734427789305, 1734427789632, 1734427789952, 1734427790267, 1734427790628, 1734427790958, 1734427791318, 1734427791654, 1734427791953, 1734427792285, 1734427792642, 1734427792995, 1734427793304, 1734427793618, 1734427793930, 1734427794281, 1734427794605, 1734427794993, 1734427795329, 1734427795652, 1734427795961, 1734427796282, 1734427796654, 1734427796992, 1734427797339, 1734427797657, 1734427798014, 1734427798355, 1734427798674, 1734427798981, 1734427799346, 1734427799710, 1734427800047, 1734427800405, 1734427800783, 1734427801094, 1734427801413, 1734427801766, 1734427802109, 1734427802445, 1734427802766, 1734427803089, 1734427803401, 1734427803730, 1734427804082, 1734427804440, 1734427804752, 1734427805072, 1734427805375, 1734427805703, 1734427806055, 1734427806396, 1734427806723, 1734427807043, 1734427807373, 1734427807721, 1734427808050, 1734427808407, 1734427808739, 1734427809075, 1734427809384, 1734427809709, 1734427810069, 1734427810386, 1734427810744, 1734427811072, 1734427811411, 1734427811736, 1734427812085, 1734427812423, 1734427812774, 1734427813108, 1734427813427, 1734427813730, 1734427814032, 1734427814385, 1734427814701, 1734427815082, 1734427815416, 1734427815727, 1734427816041, 1734427816357, 1734427816692, 1734427817016, 1734427817375, 1734427817700, 1734427818033, 1734427818366, 1734427818700, 1734427819027, 1734427819363, 1734427819717, 1734427820025, 1734427820350, 1734427820692, 1734427821017, 1734427821323, 1734427821645, 1734427821963, 1734427822290, 1734427822618, 1734427822949, 1734427823282, 1734427823591, 1734427823968, 1734427824302, 1734427824640, 1734427824997, 1734427825323, 1734427825633, 1734427825950, 1734427826344, 1734427826672, 1734427827014, 1734427827353, 1734427827668, 1734427827971, 1734427828319, 1734427828650, 1734427829005, 1734427829323, 1734427829631, 1734427829943, 1734427830281, 1734427830645, 1734427830981, 1734427831311, 1734427831618, 1734427831932, 1734427832264, 1734427832601, 1734427832972, 1734427833290, 1734427833600, 1734427833957, 1734427834316, 1734427834644, 1734427834975, 1734427835301, 1734427835607, 1734427835952, 1734427836300, 1734427836649, 1734427836981, 1734427837303, 1734427837658, 1734427837996, 1734427838351, 1734427838667, 1734427838978, 1734427839283, 1734427839625, 1734427839965, 1734427840327, 1734427840665, 1734427841004, 1734427841308, 1734427841639, 1734427841993, 1734427842323, 1734427842678, 1734427842989, 1734427843355, 1734427843709, 1734427844075, 1734427844419, 1734427844721, 1734427845035, 1734427845376, 1734427845734, 1734427846097, 1734427846415, 1734427846741, 1734427847093, 1734427847440, 1734427847793, 1734427848107, 1734427848491, 1734427848831, 1734427849201, 1734427849538, 1734427849837, 1734427850146, 1734427850510, 1734427850869, 1734427851186, 1734427851505, 1734427851809, 1734427852129, 1734427852488, 1734427852836, 1734427853145, 1734427853458, 1734427853795, 1734427854132, 1734427854466, 1734427854771, 1734427855132, 1734427855450, 1734427855796, 1734427856131, 1734427856455, 1734427856767, 1734427857105, 1734427857471, 1734427857797, 1734427858134, 1734427858444, 1734427858755, 1734427859084, 1734427859450, 1734427859806, 1734427860120, 1734427860431, 1734427860770, 1734427861111, 1734427861430, 1734427861780, 1734427862116, 1734427862437, 1734427862795, 1734427863145, 1734427863464, 1734427863770, 1734427864137, 
end timestamps: 1734427773070, 1734427773452, 1734427773763, 1734427774066, 1734427774374, 1734427774685, 1734427774994, 1734427775309, 1734427775620, 1734427775929, 1734427776236, 1734427776556, 1734427776865, 1734427777285, 1734427777596, 1734427777915, 1734427778224, 1734427778539, 1734427778845, 1734427779152, 1734427779522, 1734427779923, 1734427780274, 1734427780632, 1734427780947, 1734427781250, 1734427781584, 1734427781952, 1734427782277, 1734427782621, 1734427783015, 1734427783338, 1734427783642, 1734427783959, 1734427784282, 1734427784648, 1734427784966, 1734427785285, 1734427785618, 1734427785940, 1734427786310, 1734427786624, 1734427786950, 1734427787288, 1734427787613, 1734427787936, 1734427788259, 1734427788590, 1734427788919, 1734427789290, 1734427789630, 1734427789950, 1734427790266, 1734427790583, 1734427790962, 1734427791270, 1734427791646, 1734427791977, 1734427792286, 1734427792637, 1734427793065, 1734427793396, 1734427793704, 1734427794019, 1734427794339, 1734427794645, 1734427794950, 1734427795308, 1734427795649, 1734427795962, 1734427796295, 1734427796606, 1734427796972, 1734427797310, 1734427797658, 1734427797974, 1734427798329, 1734427798692, 1734427799001, 1734427799310, 1734427799682, 1734427800057, 1734427800369, 1734427800762, 1734427801114, 1734427801420, 1734427801728, 1734427802083, 1734427802434, 1734427802773, 1734427803086, 1734427803404, 1734427803734, 1734427804054, 1734427804399, 1734427804768, 1734427805075, 1734427805429, 1734427805746, 1734427806058, 1734427806371, 1734427806716, 1734427807042, 1734427807380, 1734427807691, 1734427808044, 1734427808365, 1734427808724, 1734427809052, 1734427809393, 1734427809700, 1734427810024, 1734427810391, 1734427810696, 1734427811054, 1734427811392, 1734427811757, 1734427812072, 1734427812416, 1734427812750, 1734427813099, 1734427813422, 1734427813762, 1734427814151, 1734427814458, 1734427814771, 1734427815079, 1734427815407, 1734427815736, 1734427816046, 1734427816352, 1734427816680, 1734427817008, 1734427817340, 1734427817728, 1734427818031, 1734427818353, 1734427818683, 1734427819033, 1734427819341, 1734427819683, 1734427820050, 1734427820378, 1734427820688, 1734427821014, 1734427821332, 1734427821638, 1734427821963, 1734427822283, 1734427822608, 1734427823012, 1734427823315, 1734427823622, 1734427823929, 1734427824289, 1734427824619, 1734427824969, 1734427825322, 1734427825643, 1734427825960, 1734427826274, 1734427826661, 1734427826992, 1734427827326, 1734427827669, 1734427827981, 1734427828289, 1734427828647, 1734427828965, 1734427829325, 1734427829644, 1734427829955, 1734427830277, 1734427830599, 1734427830966, 1734427831303, 1734427831636, 1734427831948, 1734427832265, 1734427832606, 1734427833017, 1734427833330, 1734427833644, 1734427833954, 1734427834270, 1734427834634, 1734427834958, 1734427835323, 1734427835640, 1734427835954, 1734427836265, 1734427836622, 1734427836967, 1734427837298, 1734427837620, 1734427837979, 1734427838320, 1734427838673, 1734427838988, 1734427839300, 1734427839607, 1734427839949, 1734427840297, 1734427840644, 1734427840994, 1734427841325, 1734427841646, 1734427841956, 1734427842342, 1734427842650, 1734427843022, 1734427843327, 1734427843672, 1734427844021, 1734427844407, 1734427844734, 1734427845070, 1734427845383, 1734427845687, 1734427846051, 1734427846429, 1734427846739, 1734427847054, 1734427847438, 1734427847758, 1734427848107, 1734427848424, 1734427848854, 1734427849163, 1734427849525, 1734427849864, 1734427850185, 1734427850516, 1734427850839, 1734427851213, 1734427851521, 1734427851835, 1734427852147, 1734427852461, 1734427852811, 1734427853257, 1734427853585, 1734427853899, 1734427854205, 1734427854514, 1734427854822, 1734427855133, 1734427855446, 1734427855815, 1734427856142, 1734427856462, 1734427856768, 1734427857081, 1734427857439, 1734427857790, 1734427858140, 1734427858448, 1734427858756, 1734427859068, 1734427859415, 1734427859762, 1734427860134, 1734427860438, 1734427860742, 1734427861098, 1734427861433, 1734427861780, 1734427862108, 1734427862429, 1734427862766, 1734427863152, 1734427863476, 1734427863782, 1734427864107, 1734427864531, 
Plugin Outgoing Benchmark | start
size of start timestamps: 319
size of end timestamps: 296
latency: 313, 572, 829, 1088, 1350, 1617, 1880, 2149, 2413, 2674, 2937, 3245, 3507, 3679, 3729, 3720, 3700, 3722, 3701, 3691, 3744, 3735, 3724, 3767, 3757, 3748, 3734, 3713, 3738, 3718, 3743, 3741, 3730, 3708, 3686, 3663, 3693, 3672, 3650, 3953, 3984, 3968, 3960, 3993, 3980, 3962, 3998, 3988, 4026, 4011, 3994, 4028, 4009, 4047, 4039, 4029, 4015, 4057, 4045, 4031, 4065, 4050, 4036, 4067, 4058, 4042, 4351, 4332, 4335, 4362, 4343, 4325, 4304, 4326, 4306, 4305, 4335, 4312, 4293, 4273, 4307, 4288, 4293, 4326, 4311, 4291, 4321, 4302, 4337, 4323, 4307, 4329, 4309, 4288, 4316, 4299, 4628, 4615, 4598, 4632, 4637, 4620, 4648, 4634, 4623, 4660, 4639, 4672, 4657, 4638, 4673, 4656, 4637, 4957, 4942, 4970, 4951, 4933, 4919, 4956, 4941, 4920, 4954, 4935, 4923, 4951, 4945, 4927, 4960, 4936, 4915, 4911, 4944, 4931, 4964, 4952, 4937, 4967, 4956, 4936, 4967, 4956, 4944, 5257, 5240, 5267, 5251, 5283, 5269, 5257, 5237, 5275, 5277, 5257, 5293, 5283, 5266, 5296, 5288, 5282, 5266, 5295, 5282, 5274, 5306, 5285, 5268, 5291, 5277, 5266, 5250, 5236, 5261, 5571, 5551, 5528, 5553, 5535, 5523, 5503, 5536, 5519, 5506, 5543, 5533, 5578, 5559, 5538, 5525, 5556, 5861, 5855, 5892, 5874, 5859, 5884, 5872, 5903, 5894, 5876, 5922, 5915, 5913, 5900, 6204, 6192, 6224, 6222, 6209, 6237, 6224, 6214, 6257, 6243, 6221, 6259, 6271, 6258, 6287, 6272, 6252, 6563, 6557, 6543, 6534, 6566, 6555, 6577, 6558, 6532, 6520, 6554, 6543, 6523, 6506, 6532, 6533, 6471, 6501, 6491, 6475, 6783, 6812, 6807, 6789, 6822, 6802, 6796, 6786, 6817, 6806, 6840, 6821, 6800, 6832, 6845, 6831, 6863, 6844, 6843, 6871, 6858, 6847, 6831, 6864, 6854, 6835, 6879, 7191, 7171, 7148, 7126, 7438, 7465, 7441, 7426, 7449, 7435, 7430, 7429, 7421, 7457, 7436, 7431, 7468, 7452, 7446, 7422, 7464, 7447, 7430, 7404, 7430, 7407, 7450, 7426, 
start timestamps: 1734427772746, 1734427772794, 1734427772841, 1734427772888, 1734427772933, 1734427772978, 1734427773026, 1734427773074, 1734427773119, 1734427773167, 1734427773211, 1734427773211, 1734427773259, 1734427773397, 1734427773677, 1734427774000, 1734427774326, 1734427774606, 1734427774931, 1734427775255, 1734427775534, 1734427775858, 1734427776184, 1734427776462, 1734427776790, 1734427777115, 1734427777438, 1734427777763, 1734427778042, 1734427778366, 1734427778647, 1734427778971, 1734427779295, 1734427779620, 1734427779946, 1734427780271, 1734427780549, 1734427780875, 1734427781202, 1734427781202, 1734427781478, 1734427781804, 1734427782127, 1734427782408, 1734427782733, 1734427783058, 1734427783336, 1734427783660, 1734427783940, 1734427784264, 1734427784589, 1734427784869, 1734427785196, 1734427785471, 1734427785800, 1734427786122, 1734427786448, 1734427786727, 1734427787050, 1734427787376, 1734427787654, 1734427787982, 1734427788308, 1734427788585, 1734427788911, 1734427789236, 1734427789237, 1734427789562, 1734427789885, 1734427790165, 1734427790488, 1734427790813, 1734427791138, 1734427791419, 1734427791743, 1734427792066, 1734427792345, 1734427792672, 1734427792996, 1734427793323, 1734427793599, 1734427793926, 1734427794248, 1734427794529, 1734427794852, 1734427795177, 1734427795457, 1734427795785, 1734427796060, 1734427796389, 1734427796711, 1734427796992, 1734427797314, 1734427797642, 1734427797923, 1734427798245, 1734427798246, 1734427798568, 1734427798893, 1734427799171, 1734427799496, 1734427799823, 1734427800103, 1734427800425, 1734427800754, 1734427801031, 1734427801357, 1734427801634, 1734427801960, 1734427802283, 1734427802563, 1734427802887, 1734427803213, 1734427803214, 1734427803538, 1734427803817, 1734427804142, 1734427804468, 1734427804791, 1734427805072, 1734427805394, 1734427805722, 1734427805998, 1734427806325, 1734427806648, 1734427806928, 1734427807252, 1734427807577, 1734427807855, 1734427808182, 1734427808508, 1734427808834, 1734427809111, 1734427809437, 1734427809714, 1734427810039, 1734427810364, 1734427810643, 1734427810968, 1734427811294, 1734427811572, 1734427811897, 1734427812221, 1734427812221, 1734427812549, 1734427812829, 1734427813152, 1734427813432, 1734427813755, 1734427814078, 1734427814405, 1734427814684, 1734427815009, 1734427815335, 1734427815616, 1734427815939, 1734427816262, 1734427816543, 1734427816868, 1734427817190, 1734427817516, 1734427817797, 1734427818119, 1734427818444, 1734427818723, 1734427819052, 1734427819376, 1734427819655, 1734427819977, 1734427820302, 1734427820628, 1734427820953, 1734427821231, 1734427821231, 1734427821555, 1734427821884, 1734427822165, 1734427822487, 1734427822809, 1734427823138, 1734427823414, 1734427823741, 1734427824067, 1734427824344, 1734427824670, 1734427824947, 1734427825271, 1734427825599, 1734427825924, 1734427826201, 1734427826202, 1734427826527, 1734427826804, 1734427827131, 1734427827454, 1734427827734, 1734427828059, 1734427828337, 1734427828662, 1734427828989, 1734427829265, 1734427829594, 1734427829916, 1734427830241, 1734427830242, 1734427830567, 1734427830845, 1734427831170, 1734427831496, 1734427831774, 1734427832099, 1734427832424, 1734427832703, 1734427833027, 1734427833356, 1734427833631, 1734427833959, 1734427834282, 1734427834562, 1734427834885, 1734427835213, 1734427835213, 1734427835536, 1734427835864, 1734427836187, 1734427836467, 1734427836790, 1734427837071, 1734427837393, 1734427837721, 1734427838044, 1734427838324, 1734427838647, 1734427838975, 1734427839299, 1734427839579, 1734427839902, 1734427840272, 1734427840552, 1734427840876, 1734427841204, 1734427841204, 1734427841484, 1734427841806, 1734427842135, 1734427842410, 1734427842738, 1734427843061, 1734427843383, 1734427843663, 1734427843988, 1734427844267, 1734427844591, 1734427844917, 1734427845198, 1734427845520, 1734427845849, 1734427846124, 1734427846452, 1734427846775, 1734427847055, 1734427847378, 1734427847703, 1734427848029, 1734427848307, 1734427848632, 1734427848956, 1734427849234, 1734427849234, 1734427849560, 1734427849885, 1734427850210, 1734427850211, 1734427850489, 1734427850817, 1734427851140, 1734427851420, 1734427851744, 1734427852071, 1734427852393, 1734427852717, 1734427852996, 1734427853324, 1734427853648, 1734427853928, 1734427854251, 1734427854576, 1734427854902, 1734427855182, 1734427855505, 1734427855829, 1734427856156, 1734427856433, 1734427856759, 1734427857036, 1734427857363, 1734427857686, 1734427857966, 1734427858291, 1734427858570, 1734427858897, 1734427859220, 1734427859220, 1734427859501, 1734427859824, 1734427860148, 1734427860474, 1734427860799, 1734427861080, 1734427861403, 1734427861728, 1734427862053, 1734427862332, 1734427862656, 1734427862981, 1734427863262, 1734427863587, 1734427863865, 1734427864189, 
end timestamps: 1734427773059, 1734427773366, 1734427773670, 1734427773976, 1734427774283, 1734427774595, 1734427774906, 1734427775223, 1734427775532, 1734427775841, 1734427776148, 1734427776456, 1734427776766, 1734427777076, 1734427777406, 1734427777720, 1734427778026, 1734427778328, 1734427778632, 1734427778946, 1734427779278, 1734427779593, 1734427779908, 1734427780229, 1734427780547, 1734427780863, 1734427781172, 1734427781476, 1734427781780, 1734427782084, 1734427782390, 1734427782712, 1734427783025, 1734427783328, 1734427783632, 1734427783934, 1734427784242, 1734427784547, 1734427784852, 1734427785155, 1734427785462, 1734427785772, 1734427786087, 1734427786401, 1734427786713, 1734427787020, 1734427787334, 1734427787648, 1734427787966, 1734427788275, 1734427788583, 1734427788897, 1734427789205, 1734427789518, 1734427789839, 1734427790151, 1734427790463, 1734427790784, 1734427791095, 1734427791407, 1734427791719, 1734427792032, 1734427792344, 1734427792652, 1734427792969, 1734427793278, 1734427793588, 1734427793894, 1734427794220, 1734427794527, 1734427794831, 1734427795138, 1734427795442, 1734427795745, 1734427796049, 1734427796371, 1734427796680, 1734427796984, 1734427797289, 1734427797596, 1734427797906, 1734427798214, 1734427798541, 1734427798855, 1734427799163, 1734427799468, 1734427799778, 1734427800087, 1734427800397, 1734427800712, 1734427801018, 1734427801321, 1734427801623, 1734427801930, 1734427802239, 1734427802544, 1734427802874, 1734427803183, 1734427803491, 1734427803803, 1734427804133, 1734427804443, 1734427804751, 1734427805059, 1734427805377, 1734427805691, 1734427805996, 1734427806306, 1734427806617, 1734427806921, 1734427807236, 1734427807543, 1734427807850, 1734427808171, 1734427808480, 1734427808787, 1734427809093, 1734427809401, 1734427809710, 1734427810028, 1734427810335, 1734427810642, 1734427810952, 1734427811260, 1734427811571, 1734427811879, 1734427812197, 1734427812504, 1734427812815, 1734427813118, 1734427813423, 1734427813745, 1734427814055, 1734427814368, 1734427814678, 1734427814991, 1734427815301, 1734427815610, 1734427815924, 1734427816230, 1734427816539, 1734427816853, 1734427817165, 1734427817478, 1734427817789, 1734427818096, 1734427818403, 1734427818715, 1734427819024, 1734427819335, 1734427819642, 1734427819959, 1734427820286, 1734427820592, 1734427820909, 1734427821222, 1734427821528, 1734427821839, 1734427822156, 1734427822472, 1734427822782, 1734427823092, 1734427823401, 1734427823718, 1734427824029, 1734427824337, 1734427824644, 1734427824946, 1734427825254, 1734427825568, 1734427825878, 1734427826189, 1734427826492, 1734427826802, 1734427827106, 1734427827412, 1734427827718, 1734427828022, 1734427828332, 1734427828641, 1734427828950, 1734427829260, 1734427829573, 1734427829887, 1734427830203, 1734427830525, 1734427830830, 1734427831137, 1734427831449, 1734427831757, 1734427832063, 1734427832382, 1734427832696, 1734427833005, 1734427833313, 1734427833618, 1734427833931, 1734427834240, 1734427834556, 1734427834865, 1734427835187, 1734427835509, 1734427835829, 1734427836141, 1734427836446, 1734427836759, 1734427837069, 1734427837392, 1734427837705, 1734427838011, 1734427838323, 1734427838638, 1734427838960, 1734427839270, 1734427839577, 1734427839890, 1734427840230, 1734427840540, 1734427840849, 1734427841157, 1734427841465, 1734427841776, 1734427842093, 1734427842407, 1734427842721, 1734427843033, 1734427843345, 1734427843648, 1734427843951, 1734427844253, 1734427844564, 1734427844878, 1734427845190, 1734427845498, 1734427845805, 1734427846111, 1734427846435, 1734427846743, 1734427847053, 1734427847367, 1734427847679, 1734427847987, 1734427848296, 1734427848613, 1734427848924, 1734427849232, 1734427849540, 1734427849857, 1734427850169, 1734427850480, 1734427850794, 1734427851107, 1734427851412, 1734427851717, 1734427852030, 1734427852365, 1734427852680, 1734427852987, 1734427853296, 1734427853618, 1734427853926, 1734427854236, 1734427854550, 1734427854860, 1734427855171, 1734427855486, 1734427855791, 1734427856113, 1734427856425, 1734427856731, 1734427857033, 1734427857336, 1734427857649, 1734427857954, 1734427858258, 1734427858566, 1734427858869, 1734427859179, 1734427859501, 1734427859822, 1734427860138, 1734427860453, 1734427860760, 1734427861079, 1734427861396, 1734427861703, 1734427862022, 1734427862324, 1734427862646, 1734427862952, 1734427863259, 1734427863560, 1734427863863, 1734427864166, 1734427864486, 1734427864789, 
Plugin Incoming Benchmark | start
size of start timestamps: 276
size of end timestamps: 277
latency: 317, 359, 316, 331, 350, 321, 339, 354, 317, 331, 348, 363, 322, 323, 338, 350, 310, 1, 12, 32, -35, -69, -11, 5, 9, 20, 14, -27, 23, 7, -65, 41, 43, 16, 18, -19, 32, 26, -21, 29, -3, 39, -12, -14, 23, 23, 28, -23, 16, -17, 13, 11, 16, 27, -9, 35, -49, -18, 43, -21, -67, 23, 16, 36, 42, 3, 20, -9, -19, 31, -2, 44, -41, -9, -33, 25, -11, -30, 14, 31, -43, -37, 45, -69, 7, 9, 24, 1, -20, 14, 21, 22, 37, 23, 4, -29, 21, 16, 11, 19, 29, 11, 12, -2, 9, -13, 30, -48, -8, -21, 43, -3, -39, 16, -14, -21, 13, 1, -16, 21, -1, -12, -4, -27, 19, 37, 3, 10, 2, 11, 28, -16, -21, -17, -5, 20, 33, 26, 9, 17, 5, -28, 21, 15, 20, 20, 37, -7, 4, 3, -74, 29, 6, 23, -7, -13, -27, -12, 34, 44, 7, -62, -14, 12, -2, 11, 29, -38, 3, -25, 28, 38, 7, -3, -39, -5, -11, 43, 10, -14, -87, 9, 24, 34, -7, -43, -1, -5, 27, 37, 41, -33, -6, -16, -7, -41, -9, -36, 18, 27, 44, -6, -25, -17, 16, 4, 5, 18, -10, 18, -14, 38, -22, -8, -51, 25, 20, 30, 46, -37, -23, 22, 27, -50, 21, -6, 6, -54, 8, -24, 10, 19, 23, -309, -341, -354, -292, -604, -591, -659, -783, -773, -773, -623, -606, -588, -572, -610, -627, -683, -685, -636, -619, -631, -673, -722, -685, -626, -612, -614, -656, -732, -682, -661, -640, -646, -715, -664, -676, -626, -698, -700, -681, -633, -715, -714, 
start timestamps: 1734427772757, 1734427773131, 1734427773454, 1734427773764, 1734427774068, 1734427774376, 1734427774687, 1734427774995, 1734427775311, 1734427775621, 1734427775931, 1734427776238, 1734427776558, 1734427776977, 1734427777286, 1734427777598, 1734427777917, 1734427778226, 1734427778540, 1734427778846, 1734427779191, 1734427779597, 1734427779957, 1734427780313, 1734427780633, 1734427780948, 1734427781278, 1734427781646, 1734427781967, 1734427782306, 1734427782705, 1734427783017, 1734427783340, 1734427783644, 1734427783968, 1734427784331, 1734427784651, 1734427784981, 1734427785307, 1734427785630, 1734427785989, 1734427786316, 1734427786645, 1734427786972, 1734427787307, 1734427787631, 1734427787954, 1734427788283, 1734427788614, 1734427788973, 1734427789314, 1734427789641, 1734427789960, 1734427790275, 1734427790636, 1734427790966, 1734427791327, 1734427791666, 1734427791979, 1734427792321, 1734427792739, 1734427793067, 1734427793398, 1734427793705, 1734427794021, 1734427794341, 1734427794646, 1734427795001, 1734427795338, 1734427795659, 1734427795972, 1734427796297, 1734427796662, 1734427797001, 1734427797347, 1734427797666, 1734427798023, 1734427798365, 1734427798694, 1734427799003, 1734427799354, 1734427799719, 1734427800058, 1734427800448, 1734427800791, 1734427801115, 1734427801425, 1734427801774, 1734427802118, 1734427802454, 1734427802774, 1734427803098, 1734427803409, 1734427803746, 1734427804090, 1734427804449, 1734427804770, 1734427805103, 1734427805431, 1734427805748, 1734427806064, 1734427806405, 1734427806731, 1734427807069, 1734427807382, 1734427807731, 1734427808059, 1734427808416, 1734427808747, 1734427809085, 1734427809394, 1734427809717, 1734427810078, 1734427810394, 1734427810752, 1734427811082, 1734427811420, 1734427811759, 1734427812099, 1734427812432, 1734427812783, 1734427813116, 1734427813436, 1734427813829, 1734427814154, 1734427814459, 1734427814773, 1734427815091, 1734427815425, 1734427815739, 1734427816050, 1734427816372, 1734427816702, 1734427817026, 1734427817384, 1734427817729, 1734427818041, 1734427818374, 1734427818714, 1734427819035, 1734427819371, 1734427819726, 1734427820052, 1734427820380, 1734427820700, 1734427821026, 1734427821334, 1734427821656, 1734427821971, 1734427822299, 1734427822698, 1734427823013, 1734427823317, 1734427823623, 1734427823977, 1734427824310, 1734427824649, 1734427825007, 1734427825332, 1734427825645, 1734427825962, 1734427826354, 1734427826681, 1734427827023, 1734427827363, 1734427827676, 1734427827983, 1734427828328, 1734427828659, 1734427829014, 1734427829331, 1734427829645, 1734427829957, 1734427830290, 1734427830654, 1734427830990, 1734427831319, 1734427831638, 1734427831949, 1734427832299, 1734427832696, 1734427833018, 1734427833332, 1734427833645, 1734427833966, 1734427834325, 1734427834653, 1734427834985, 1734427835324, 1734427835642, 1734427835961, 1734427836310, 1734427836658, 1734427836991, 1734427837311, 1734427837667, 1734427838005, 1734427838360, 1734427838677, 1734427838990, 1734427839302, 1734427839633, 1734427839974, 1734427840336, 1734427840674, 1734427841014, 1734427841336, 1734427841647, 1734427842002, 1734427842344, 1734427842704, 1734427843023, 1734427843363, 1734427843719, 1734427844085, 1734427844427, 1734427844756, 1734427845072, 1734427845385, 1734427845743, 1734427846105, 1734427846430, 1734427846748, 1734427847105, 1734427847448, 1734427847802, 1734427848115, 1734427848501, 1734427848856, 1734427849211, 1734427849550, 1734427849866, 1734427850187, 1734427850520, 1734427850878, 1734427851214, 1734427851523, 1734427851836, 1734427852149, 1734427852496, 1734427852945, 1734427853259, 1734427853586, 1734427853900, 1734427854207, 1734427854516, 1734427854823, 1734427855141, 1734427855482, 1734427855817, 1734427856144, 1734427856465, 1734427856775, 1734427857112, 1734427857480, 1734427857805, 1734427858142, 1734427858453, 1734427858764, 1734427859093, 1734427859458, 1734427859815, 1734427860135, 1734427860439, 1734427860788, 1734427861120, 1734427861469, 1734427861788, 1734427862124, 1734427862446, 1734427862844, 1734427863171, 1734427863478, 1734427863801, 1734427864210, 1734427864533, 
end timestamps: 1734427773074, 1734427773490, 1734427773770, 1734427774095, 1734427774418, 1734427774697, 1734427775026, 1734427775349, 1734427775628, 1734427775952, 1734427776279, 1734427776601, 1734427776880, 1734427777300, 1734427777624, 1734427777948, 1734427778227, 1734427778227, 1734427778552, 1734427778878, 1734427779156, 1734427779528, 1734427779946, 1734427780318, 1734427780642, 1734427780968, 1734427781292, 1734427781619, 1734427781990, 1734427782313, 1734427782640, 1734427783058, 1734427783383, 1734427783660, 1734427783986, 1734427784312, 1734427784683, 1734427785007, 1734427785286, 1734427785659, 1734427785986, 1734427786355, 1734427786633, 1734427786958, 1734427787330, 1734427787654, 1734427787982, 1734427788260, 1734427788630, 1734427788956, 1734427789327, 1734427789652, 1734427789976, 1734427790302, 1734427790627, 1734427791001, 1734427791278, 1734427791648, 1734427792022, 1734427792300, 1734427792672, 1734427793090, 1734427793414, 1734427793741, 1734427794063, 1734427794344, 1734427794666, 1734427794992, 1734427795319, 1734427795690, 1734427795970, 1734427796341, 1734427796621, 1734427796992, 1734427797314, 1734427797691, 1734427798012, 1734427798335, 1734427798708, 1734427799034, 1734427799311, 1734427799682, 1734427800103, 1734427800379, 1734427800798, 1734427801124, 1734427801449, 1734427801775, 1734427802098, 1734427802468, 1734427802795, 1734427803120, 1734427803446, 1734427803769, 1734427804094, 1734427804420, 1734427804791, 1734427805119, 1734427805442, 1734427805767, 1734427806093, 1734427806416, 1734427806743, 1734427807067, 1734427807391, 1734427807718, 1734427808089, 1734427808368, 1734427808739, 1734427809064, 1734427809437, 1734427809714, 1734427810039, 1734427810410, 1734427810738, 1734427811061, 1734427811433, 1734427811760, 1734427812083, 1734427812453, 1734427812782, 1734427813104, 1734427813432, 1734427813802, 1734427814173, 1734427814496, 1734427814776, 1734427815101, 1734427815427, 1734427815750, 1734427816078, 1734427816356, 1734427816681, 1734427817009, 1734427817379, 1734427817749, 1734427818074, 1734427818400, 1734427818723, 1734427819052, 1734427819376, 1734427819698, 1734427820073, 1734427820395, 1734427820720, 1734427821046, 1734427821371, 1734427821649, 1734427821975, 1734427822302, 1734427822624, 1734427823042, 1734427823323, 1734427823646, 1734427823970, 1734427824297, 1734427824622, 1734427824995, 1734427825366, 1734427825689, 1734427825969, 1734427826292, 1734427826667, 1734427827035, 1734427827361, 1734427827687, 1734427828012, 1734427828290, 1734427828662, 1734427828989, 1734427829359, 1734427829683, 1734427829964, 1734427830287, 1734427830615, 1734427830985, 1734427831308, 1734427831681, 1734427831959, 1734427832285, 1734427832609, 1734427833027, 1734427833356, 1734427833679, 1734427833959, 1734427834282, 1734427834652, 1734427834980, 1734427835351, 1734427835679, 1734427836002, 1734427836277, 1734427836652, 1734427836975, 1734427837304, 1734427837626, 1734427837996, 1734427838324, 1734427838695, 1734427839017, 1734427839346, 1734427839627, 1734427839949, 1734427840319, 1734427840690, 1734427841018, 1734427841341, 1734427841665, 1734427841992, 1734427842362, 1734427842690, 1734427843061, 1734427843341, 1734427843711, 1734427844034, 1734427844452, 1734427844776, 1734427845102, 1734427845431, 1734427845706, 1734427846082, 1734427846452, 1734427846775, 1734427847055, 1734427847469, 1734427847796, 1734427848121, 1734427848447, 1734427848864, 1734427849187, 1734427849560, 1734427849885, 1734427850210, 1734427850211, 1734427850537, 1734427850860, 1734427851231, 1734427851232, 1734427851558, 1734427851837, 1734427852162, 1734427852486, 1734427852813, 1734427853277, 1734427853601, 1734427853928, 1734427854251, 1734427854531, 1734427854855, 1734427855134, 1734427855459, 1734427855829, 1734427856156, 1734427856481, 1734427856807, 1734427857083, 1734427857457, 1734427857827, 1734427858152, 1734427858479, 1734427858802, 1734427859083, 1734427859453, 1734427859778, 1734427860148, 1734427860474, 1734427860754, 1734427861124, 1734427861448, 1734427861820, 1734427862146, 1734427862471, 1734427862797, 1734427863168, 1734427863495, 1734427863819, 1734427864145, 
