
**********************************************************
ConnectDAWs File Logger | only the ConnectionManagerThread will write to this file to avoid blocking calls inside the audio thread.
Log started: 17 Dec 2024 12:09:38pm

Network Benchmark | start
size of start timestamps: 207
size of end timestamps: 207
latency: 4634, 4665, 4718, 4745, 4859, 4953, 5065, 5168, 5285, 5405, 5501, 5522, 5587, 5691, 5771, 5845, 5896, 5957, 6051, 6102, 6132, 6214, 6165, 6199, 6198, 6217, 6292, 6325, 6363, 6409, 6464, 6507, 6546, 6675, 6819, 6941, 7078, 7150, 7246, 7287, 7433, 7497, 7593, 7676, 7791, 7843, 7901, 7962, 7948, 8004, 8073, 8091, 8094, 8162, 8272, 8333, 8356, 8373, 8419, 8493, 8519, 8510, 8566, 8625, 8660, 8581, 8537, 8512, 8651, 8662, 8618, 8640, 8683, 8691, 8647, 8705, 8739, 8781, 8739, 8737, 8760, 8813, 8837, 8883, 8923, 8981, 9010, 8995, 9032, 9092, 9188, 9198, 9311, 9325, 9286, 9228, 9268, 9274, 9235, 9191, 9217, 9175, 9153, 9116, 9113, 9045, 9008, 9025, 9026, 9026, 9042, 9115, 9150, 9193, 9251, 9300, 9351, 9319, 9373, 9409, 9505, 9507, 9548, 9566, 9562, 9578, 9613, 9618, 9554, 9502, 9511, 9471, 9436, 9433, 9508, 9490, 9469, 9473, 9477, 9514, 9544, 9587, 9625, 9655, 9738, 9791, 9805, 9871, 9990, 9967, 9956, 9956, 9965, 9907, 9878, 9880, 9853, 9865, 9903, 9892, 9873, 9852, 9844, 9826, 9822, 9820, 9844, 9882, 9877, 9926, 9953, 10007, 9994, 10015, 10041, 10079, 10108, 10133, 10109, 10123, 10111, 10118, 10102, 10107, 10144, 10147, 10142, 10145, 10162, 10154, 10130, 10137, 10118, 10132, 10134, 10122, 10127, 10154, 10147, 10185, 10209, 10236, 10259, 10296, 10339, 10365, 10374, 
start timestamps: 1734433690214, 1734433690635, 1734433691001, 1734433691361, 1734433691723, 1734433692087, 1734433692445, 1734433692804, 1734433693157, 1734433693523, 1734433693930, 1734433694384, 1734433694763, 1734433695139, 1734433695517, 1734433695901, 1734433696276, 1734433696619, 1734433696984, 1734433697361, 1734433697753, 1734433698143, 1734433698608, 1734433699013, 1734433699438, 1734433699861, 1734433700222, 1734433700634, 1734433701062, 1734433701442, 1734433701832, 1734433702260, 1734433702644, 1734433703030, 1734433703416, 1734433703791, 1734433704185, 1734433704596, 1734433704995, 1734433705439, 1734433705842, 1734433706254, 1734433706649, 1734433707038, 1734433707465, 1734433707911, 1734433708347, 1734433708731, 1734433709206, 1734433709646, 1734433710064, 1734433710526, 1734433710992, 1734433711417, 1734433711834, 1734433712251, 1734433712689, 1734433713144, 1734433713584, 1734433714004, 1734433714467, 1734433714942, 1734433715357, 1734433715804, 1734433716215, 1734433716707, 1734433717171, 1734433717628, 1734433718073, 1734433718544, 1734433719053, 1734433719467, 1734433719919, 1734433720363, 1734433720829, 1734433721233, 1734433721654, 1734433722064, 1734433722540, 1734433722972, 1734433723373, 1734433723758, 1734433724166, 1734433724542, 1734433724928, 1734433725315, 1734433725728, 1734433726164, 1734433726572, 1734433726951, 1734433727374, 1734433727819, 1734433728227, 1734433728645, 1734433729113, 1734433729574, 1734433729994, 1734433730413, 1734433730843, 1734433731313, 1734433731721, 1734433732212, 1734433732651, 1734433733139, 1734433733598, 1734433734085, 1734433734506, 1734433734877, 1734433735258, 1734433735621, 1734433735963, 1734433736291, 1734433736644, 1734433736999, 1734433737360, 1734433737738, 1734433738123, 1734433738543, 1734433738894, 1734433739268, 1734433739631, 1734433740010, 1734433740376, 1734433740737, 1734433741122, 1734433741514, 1734433741887, 1734433742291, 1734433742755, 1734433743197, 1734433743576, 1734433744016, 1734433744422, 1734433744785, 1734433745138, 1734433745550, 1734433745971, 1734433746394, 1734433746808, 1734433747156, 1734433747525, 1734433747888, 1734433748227, 1734433748563, 1734433748883, 1734433749229, 1734433749596, 1734433749988, 1734433750335, 1734433750726, 1734433751078, 1734433751425, 1734433751778, 1734433752156, 1734433752527, 1734433752882, 1734433753247, 1734433753651, 1734433753993, 1734433754352, 1734433754733, 1734433755093, 1734433755427, 1734433755761, 1734433756077, 1734433756389, 1734433756685, 1734433756965, 1734433757273, 1734433757548, 1734433757862, 1734433758130, 1734433758441, 1734433758726, 1734433759008, 1734433759285, 1734433759557, 1734433759835, 1734433760144, 1734433760417, 1734433760702, 1734433760972, 1734433761262, 1734433761553, 1734433761836, 1734433762106, 1734433762372, 1734433762649, 1734433762912, 1734433763183, 1734433763478, 1734433763753, 1734433764042, 1734433764314, 1734433764586, 1734433764879, 1734433765149, 1734433765391, 1734433765667, 1734433765911, 1734433766167, 1734433766424, 1734433766670, 1734433766915, 1734433767160, 1734433767400, 1734433767658, 
end timestamps: 1734433694848, 1734433695300, 1734433695719, 1734433696106, 1734433696582, 1734433697040, 1734433697510, 1734433697972, 1734433698442, 1734433698928, 1734433699431, 1734433699906, 1734433700350, 1734433700830, 1734433701288, 1734433701746, 1734433702172, 1734433702576, 1734433703035, 1734433703463, 1734433703885, 1734433704357, 1734433704773, 1734433705212, 1734433705636, 1734433706078, 1734433706514, 1734433706959, 1734433707425, 1734433707851, 1734433708296, 1734433708767, 1734433709190, 1734433709705, 1734433710235, 1734433710732, 1734433711263, 1734433711746, 1734433712241, 1734433712726, 1734433713275, 1734433713751, 1734433714242, 1734433714714, 1734433715256, 1734433715754, 1734433716248, 1734433716693, 1734433717154, 1734433717650, 1734433718137, 1734433718617, 1734433719086, 1734433719579, 1734433720106, 1734433720584, 1734433721045, 1734433721517, 1734433722003, 1734433722497, 1734433722986, 1734433723452, 1734433723923, 1734433724429, 1734433724875, 1734433725288, 1734433725708, 1734433726140, 1734433726724, 1734433727206, 1734433727671, 1734433728107, 1734433728602, 1734433729054, 1734433729476, 1734433729938, 1734433730393, 1734433730845, 1734433731279, 1734433731709, 1734433732133, 1734433732571, 1734433733003, 1734433733425, 1734433733851, 1734433734296, 1734433734738, 1734433735159, 1734433735604, 1734433736043, 1734433736562, 1734433737017, 1734433737538, 1734433737970, 1734433738399, 1734433738802, 1734433739262, 1734433739687, 1734433740078, 1734433740504, 1734433740938, 1734433741387, 1734433741804, 1734433742255, 1734433742711, 1734433743130, 1734433743514, 1734433743902, 1734433744284, 1734433744647, 1734433745005, 1734433745406, 1734433745794, 1734433746192, 1734433746611, 1734433747038, 1734433747474, 1734433747862, 1734433748267, 1734433748677, 1734433749136, 1734433749517, 1734433749924, 1734433750303, 1734433750684, 1734433751092, 1734433751500, 1734433751909, 1734433752309, 1734433752699, 1734433753087, 1734433753487, 1734433753858, 1734433754218, 1734433754646, 1734433755040, 1734433755440, 1734433755867, 1734433756285, 1734433756670, 1734433757069, 1734433757475, 1734433757852, 1734433758218, 1734433758621, 1734433759020, 1734433759401, 1734433759859, 1734433760325, 1734433760693, 1734433761034, 1734433761381, 1734433761743, 1734433762063, 1734433762405, 1734433762762, 1734433763100, 1734433763516, 1734433763896, 1734433764244, 1734433764606, 1734433764945, 1734433765271, 1734433765587, 1734433765899, 1734433766209, 1734433766529, 1734433766847, 1734433767150, 1734433767474, 1734433767815, 1734433768137, 1734433768435, 1734433768741, 1734433769049, 1734433769364, 1734433769665, 1734433769968, 1734433770253, 1734433770540, 1734433770813, 1734433771090, 1734433771364, 1734433771660, 1734433771980, 1734433772253, 1734433772514, 1734433772794, 1734433773074, 1734433773337, 1734433773608, 1734433773890, 1734433774160, 1734433774446, 1734433774720, 1734433775001, 1734433775276, 1734433775545, 1734433775814, 1734433776096, 1734433776376, 1734433776660, 1734433776929, 1734433777211, 1734433777499, 1734433777765, 1734433778032, 
Plugin Outgoing Benchmark | start
size of start timestamps: 228
size of end timestamps: 210
latency: 418, 904, 810, 829, 935, 965, 1109, 1068, 937, 1259, 1426, 1609, 1409, 1630, 1758, 1910, 1769, 1732, 2102, 2095, 2241, 2381, 2548, 2972, 2923, 3074, 3374, 3441, 3515, 3455, 3591, 3760, 3784, 3807, 3933, 4222, 4247, 4356, 4575, 5009, 5351, 5449, 5664, 5929, 6216, 6169, 6257, 6281, 6255, 6309, 5908, 6128, 6140, 6264, 5583, 5790, 5902, 6089, 6218, 6116, 6586, 6232, 6200, 6482, 6704, 6617, 6485, 6422, 6539, 6427, 6441, 6434, 6365, 6345, 6165, 6160, 6068, 5838, 5821, 5654, 5662, 5672, 5498, 5856, 5821, 5982, 6017, 5622, 5621, 5758, 5808, 5984, 5905, 5943, 6140, 6569, 6363, 6308, 6119, 5899, 6205, 6528, 6376, 6588, 6314, 6253, 6560, 6394, 6204, 6301, 6131, 6495, 6547, 6554, 6103, 6152, 6220, 6491, 6230, 6061, 5766, 5926, 6090, 6230, 6304, 6070, 6233, 6387, 6394, 6105, 6098, 6201, 5838, 6250, 6056, 6288, 6139, 6073, 5899, 6123, 6280, 6661, 6708, 6701, 6381, 6603, 6613, 6591, 6553, 6557, 6497, 6511, 6642, 6456, 6543, 6408, 6396, 6232, 6270, 6217, 5869, 6196, 6258, 6164, 6086, 6055, 5828, 5846, 5705, 5599, 5571, 5574, 5492, 5662, 5455, 5374, 5670, 5610, 5534, 5544, 5624, 5371, 5322, 5461, 5434, 5397, 5372, 5319, 5101, 5067, 5159, 5439, 5279, 5227, 5138, 5195, 5285, 4956, 5010, 5121, 5070, 5171, 5006, 4988, 5015, 5033, 5047, 5331, 5242, 5321, 
start timestamps: 1734433694483, 1734433694483, 1734433694981, 1734433695384, 1734433695709, 1734433696113, 1734433696404, 1734433696906, 1734433697519, 1734433697678, 1734433697990, 1734433698287, 1734433698936, 1734433699160, 1734433699492, 1734433699798, 1734433700363, 1734433700809, 1734433700866, 1734433701302, 1734433701573, 1734433701895, 1734433702150, 1734433702150, 1734433702623, 1734433702911, 1734433703029, 1734433703408, 1734433703756, 1734433704241, 1734433704525, 1734433704786, 1734433705182, 1734433705579, 1734433705929, 1734433706115, 1734433706582, 1734433706958, 1734433707220, 1734433707282, 1734433707423, 1734433707869, 1734433708128, 1734433708361, 1734433708548, 1734433709069, 1734433709485, 1734433709947, 1734433710429, 1734433710841, 1734433711736, 1734433712012, 1734433712492, 1734433712813, 1734433713969, 1734433714245, 1734433714605, 1734433714918, 1734433715252, 1734433715841, 1734433715841, 1734433716706, 1734433717219, 1734433717453, 1734433717697, 1734433718203, 1734433718802, 1734433719277, 1734433719588, 1734433720128, 1734433720598, 1734433721051, 1734433721554, 1734433722018, 1734433722615, 1734433723040, 1734433723555, 1734433724238, 1734433724682, 1734433725291, 1734433725720, 1734433726140, 1734433726736, 1734433726797, 1734433727259, 1734433727529, 1734433727931, 1734433728792, 1734433729239, 1734433729547, 1734433729955, 1734433730232, 1734433730786, 1734433731207, 1734433731518, 1734433731518, 1734433732142, 1734433732605, 1734433733221, 1734433733863, 1734433733950, 1734433734062, 1734433734655, 1734433734872, 1734433735569, 1734433736082, 1734433736218, 1734433736787, 1734433737374, 1734433737660, 1734433738210, 1734433738211, 1734433738518, 1734433738916, 1734433739747, 1734433740081, 1734433740424, 1734433740592, 1734433741256, 1734433741819, 1734433742518, 1734433742763, 1734433743050, 1734433743285, 1734433743602, 1734433744216, 1734433744449, 1734433744711, 1734433745118, 1734433745806, 1734433746202, 1734433746488, 1734433747252, 1734433747253, 1734433747814, 1734433747942, 1734433748485, 1734433748938, 1734433749527, 1734433749731, 1734433749977, 1734433749977, 1734433750318, 1734433750710, 1734433751397, 1734433751539, 1734433751922, 1734433752331, 1734433752759, 1734433753147, 1734433753637, 1734433754019, 1734433754246, 1734433754783, 1734433755041, 1734433755528, 1734433755868, 1734433756397, 1734433756697, 1734433757097, 1734433757794, 1734433757855, 1734433758149, 1734433758577, 1734433758990, 1734433759328, 1734433759886, 1734433760169, 1734433760639, 1734433761057, 1734433761392, 1734433761696, 1734433762098, 1734433762265, 1734433762770, 1734433763155, 1734433763155, 1734433763520, 1734433763907, 1734433764191, 1734433764421, 1734433764953, 1734433765279, 1734433765417, 1734433765716, 1734433766036, 1734433766346, 1734433766668, 1734433767158, 1734433767457, 1734433767630, 1734433767630, 1734433768054, 1734433768374, 1734433768741, 1734433768956, 1734433769143, 1734433769748, 1734433769975, 1734433770136, 1734433770458, 1734433770629, 1734433771074, 1734433771371, 1734433771643, 1734433771911, 1734433772172, 1734433772173, 1734433772523, 1734433772708, 1734433772831, 1734433773472, 1734433773609, 1734433773732, 1734433773880, 1734433774191, 1734433774473, 1734433774812, 1734433775077, 1734433775259, 1734433775665, 1734433775892, 1734433776134, 1734433776392, 1734433776392, 1734433776659, 1734433776976, 1734433777405, 
end timestamps: 1734433694901, 1734433695387, 1734433695791, 1734433696213, 1734433696644, 1734433697078, 1734433697513, 1734433697974, 1734433698456, 1734433698937, 1734433699416, 1734433699896, 1734433700345, 1734433700790, 1734433701250, 1734433701708, 1734433702132, 1734433702541, 1734433702968, 1734433703397, 1734433703814, 1734433704276, 1734433704698, 1734433705122, 1734433705546, 1734433705985, 1734433706403, 1734433706849, 1734433707271, 1734433707696, 1734433708116, 1734433708546, 1734433708966, 1734433709386, 1734433709862, 1734433710337, 1734433710829, 1734433711314, 1734433711795, 1734433712291, 1734433712774, 1734433713318, 1734433713792, 1734433714290, 1734433714764, 1734433715238, 1734433715742, 1734433716228, 1734433716684, 1734433717150, 1734433717644, 1734433718140, 1734433718632, 1734433719077, 1734433719552, 1734433720035, 1734433720507, 1734433721007, 1734433721470, 1734433721957, 1734433722427, 1734433722938, 1734433723419, 1734433723935, 1734433724401, 1734433724820, 1734433725287, 1734433725699, 1734433726127, 1734433726555, 1734433727039, 1734433727485, 1734433727919, 1734433728363, 1734433728780, 1734433729200, 1734433729623, 1734433730076, 1734433730503, 1734433730945, 1734433731382, 1734433731812, 1734433732234, 1734433732653, 1734433733080, 1734433733511, 1734433733948, 1734433734414, 1734433734860, 1734433735305, 1734433735763, 1734433736216, 1734433736691, 1734433737150, 1734433737658, 1734433738087, 1734433738505, 1734433738913, 1734433739340, 1734433739762, 1734433740155, 1734433740590, 1734433741031, 1734433741460, 1734433741883, 1734433742335, 1734433742778, 1734433743181, 1734433743578, 1734433743961, 1734433744341, 1734433744706, 1734433745065, 1734433745470, 1734433745850, 1734433746233, 1734433746644, 1734433747083, 1734433747486, 1734433747880, 1734433748284, 1734433748689, 1734433749140, 1734433749515, 1734433749906, 1734433750286, 1734433750682, 1734433751098, 1734433751512, 1734433751911, 1734433752300, 1734433752689, 1734433753090, 1734433753503, 1734433753870, 1734433754230, 1734433754624, 1734433755011, 1734433755426, 1734433755854, 1734433756257, 1734433756638, 1734433757026, 1734433757411, 1734433757778, 1734433758142, 1734433758535, 1734433758922, 1734433759312, 1734433759704, 1734433760134, 1734433760530, 1734433760888, 1734433761239, 1734433761584, 1734433761936, 1734433762264, 1734433762629, 1734433762967, 1734433763314, 1734433763663, 1734433764051, 1734433764407, 1734433764741, 1734433765076, 1734433765383, 1734433765714, 1734433766015, 1734433766344, 1734433766656, 1734433766963, 1734433767270, 1734433767590, 1734433767927, 1734433768225, 1734433768529, 1734433768825, 1734433769130, 1734433769441, 1734433769735, 1734433770045, 1734433770324, 1734433770601, 1734433770878, 1734433771150, 1734433771433, 1734433771718, 1734433771987, 1734433772259, 1734433772524, 1734433772789, 1734433773069, 1734433773333, 1734433773601, 1734433773879, 1734433774151, 1734433774428, 1734433774704, 1734433774985, 1734433775257, 1734433775528, 1734433775800, 1734433776080, 1734433776359, 1734433776658, 1734433776944, 1734433777219, 1734433777504, 1734433777765, 1734433778029, 
Plugin Incoming Benchmark | start
size of start timestamps: 208
size of end timestamps: 214
latency: 520, 472, 789, 683, 747, 906, 633, 472, 961, 715, 558, 924, 899, 502, 466, 605, 871, 737, 814, 719, 776, 635, 425, 791, 715, 441, 477, 694, 866, 701, 479, 498, 64, 236, 175, 191, 79, 470, 263, 227, 84, -1, 214, 1, 198, 62, 72, -410, 10, 50, -201, -443, -421, -298, -355, -520, -459, -451, -474, -453, -482, -373, -419, -422, -497, -942, -611, -420, -580, -596, -497, -881, -919, -709, -783, -715, -705, -848, -892, -821, -505, -619, -1056, -1195, -1287, -1252, -1080, -877, -1212, -952, -1221, -1404, -949, -1323, -1186, -1028, -1178, -1198, -1172, -1164, -1207, -1202, -1309, -1216, -1317, -905, -621, -753, -853, -1001, -1047, -1116, -961, -1101, -1084, -1150, -1265, -1276, -1243, -1024, -867, -1196, -1051, -1247, -781, -968, -1118, -1539, -1596, -1606, -1304, -1556, -1569, -1529, -1481, -1501, -1544, -1576, -1653, -1505, -1633, -1573, -1613, -1457, -1522, -1534, -1228, -1623, -1638, -1572, -1940, -1857, -1823, -1861, -1588, -1670, -1708, -1773, -1426, -1634, -1739, -1839, -1806, -2129, -2070, -2005, -1895, -1583, -1572, -1747, -1761, -1913, -1887, -1900, -1599, -1605, -1737, -2037, -2114, -1891, -2082, -2075, -1949, -1999, -1960, -2012, -1970, -1899, -1975, -1705, -1696, -1913, -1720, -1996, -1927, -2013, -2171, -1806, -1942, -2084, -1909, -2012, -2188, -2122, -2137, -2117, -2103, -2141, 
start timestamps: 1734433694461, 1734433694912, 1734433695324, 1734433695722, 1734433696159, 1734433696613, 1734433697045, 1734433697518, 1734433697975, 1734433698445, 1734433698934, 1734433699439, 1734433699910, 1734433700364, 1734433700836, 1734433701290, 1734433701752, 1734433702174, 1734433702594, 1734433703037, 1734433703465, 1734433703890, 1734433704361, 1734433704788, 1734433705214, 1734433705674, 1734433706105, 1734433706526, 1734433707003, 1734433707427, 1734433707882, 1734433708336, 1734433708770, 1734433709249, 1734433709772, 1734433710238, 1734433710762, 1734433711266, 1734433711749, 1734433712265, 1734433712729, 1734433713279, 1734433713755, 1734433714245, 1734433714720, 1734433715258, 1734433715769, 1734433716251, 1734433716696, 1734433717169, 1734433717654, 1734433718140, 1734433718624, 1734433719100, 1734433719632, 1734433720108, 1734433720588, 1734433721049, 1734433721525, 1734433722007, 1734433722500, 1734433722988, 1734433723459, 1734433723977, 1734433724431, 1734433724877, 1734433725293, 1734433725711, 1734433726300, 1734433726736, 1734433727233, 1734433727678, 1734433728178, 1734433728640, 1734433729074, 1734433729507, 1734433729944, 1734433730395, 1734433730847, 1734433731285, 1734433731712, 1734433732137, 1734433732574, 1734433733006, 1734433733429, 1734433733857, 1734433734301, 1734433734740, 1734433735162, 1734433735607, 1734433736093, 1734433736568, 1734433737031, 1734433737541, 1734433737973, 1734433738402, 1734433738839, 1734433739265, 1734433739690, 1734433740080, 1734433740508, 1734433740949, 1734433741390, 1734433741808, 1734433742267, 1734433742724, 1734433743139, 1734433743516, 1734433743903, 1734433744286, 1734433744649, 1734433745030, 1734433745410, 1734433745812, 1734433746202, 1734433746613, 1734433747071, 1734433747478, 1734433747864, 1734433748276, 1734433748681, 1734433749138, 1734433749536, 1734433749933, 1734433750308, 1734433750699, 1734433751095, 1734433751516, 1734433751914, 1734433752316, 1734433752701, 1734433753095, 1734433753491, 1734433753860, 1734433754240, 1734433754648, 1734433755042, 1734433755443, 1734433755899, 1734433756288, 1734433756674, 1734433757101, 1734433757481, 1734433757854, 1734433758219, 1734433758631, 1734433759022, 1734433759478, 1734433759888, 1734433760327, 1734433760695, 1734433761043, 1734433761384, 1734433761747, 1734433762069, 1734433762416, 1734433762765, 1734433763165, 1734433763524, 1734433763899, 1734433764247, 1734433764609, 1734433764961, 1734433765284, 1734433765590, 1734433765912, 1734433766213, 1734433766536, 1734433766851, 1734433767164, 1734433767477, 1734433767818, 1734433768139, 1734433768438, 1734433768757, 1734433769062, 1734433769367, 1734433769667, 1734433769973, 1734433770265, 1734433770542, 1734433770816, 1734433771092, 1734433771371, 1734433771708, 1734433771987, 1734433772256, 1734433772528, 1734433772796, 1734433773076, 1734433773339, 1734433773619, 1734433773892, 1734433774169, 1734433774450, 1734433774721, 1734433775002, 1734433775278, 1734433775551, 1734433775816, 1734433776100, 1734433776379, 1734433776661, 1734433776934, 1734433777214, 1734433777505, 1734433777768, 1734433778033, 
end timestamps: 1734433694981, 1734433695384, 1734433696113, 1734433696405, 1734433696906, 1734433697519, 1734433697678, 1734433697990, 1734433698936, 1734433699160, 1734433699492, 1734433700363, 1734433700809, 1734433700866, 1734433701302, 1734433701895, 1734433702623, 1734433702911, 1734433703408, 1734433703756, 1734433704241, 1734433704525, 1734433704786, 1734433705579, 1734433705929, 1734433706115, 1734433706582, 1734433707220, 1734433707869, 1734433708128, 1734433708361, 1734433708834, 1734433708834, 1734433709485, 1734433709947, 1734433710429, 1734433710841, 1734433711736, 1734433712012, 1734433712492, 1734433712813, 1734433713278, 1734433713969, 1734433714246, 1734433714918, 1734433715320, 1734433715841, 1734433715841, 1734433716706, 1734433717219, 1734433717453, 1734433717697, 1734433718203, 1734433718802, 1734433719277, 1734433719588, 1734433720129, 1734433720598, 1734433721051, 1734433721554, 1734433722018, 1734433722615, 1734433723040, 1734433723555, 1734433723934, 1734433723935, 1734433724682, 1734433725291, 1734433725720, 1734433726140, 1734433726736, 1734433726797, 1734433727259, 1734433727931, 1734433728291, 1734433728792, 1734433729239, 1734433729547, 1734433729955, 1734433730464, 1734433731207, 1734433731518, 1734433731518, 1734433731811, 1734433732142, 1734433732605, 1734433733221, 1734433733863, 1734433733950, 1734433734655, 1734433734872, 1734433735164, 1734433736082, 1734433736218, 1734433736787, 1734433737374, 1734433737661, 1734433738067, 1734433738518, 1734433738916, 1734433739301, 1734433739747, 1734433740081, 1734433740592, 1734433740950, 1734433741819, 1734433742518, 1734433742763, 1734433743050, 1734433743285, 1734433743602, 1734433743914, 1734433744449, 1734433744711, 1734433745118, 1734433745463, 1734433745806, 1734433746202, 1734433746621, 1734433747252, 1734433747814, 1734433747942, 1734433748485, 1734433748686, 1734433749527, 1734433749731, 1734433749977, 1734433749977, 1734433750318, 1734433750710, 1734433751397, 1734433751539, 1734433751922, 1734433752331, 1734433752759, 1734433753147, 1734433753498, 1734433753867, 1734433754246, 1734433754783, 1734433755041, 1734433755528, 1734433755868, 1734433756397, 1734433756697, 1734433757097, 1734433757794, 1734433757855, 1734433758250, 1734433758755, 1734433758755, 1734433759186, 1734433759561, 1734433759886, 1734433760481, 1734433760746, 1734433761057, 1734433761392, 1734433762098, 1734433762265, 1734433762508, 1734433762770, 1734433763155, 1734433763155, 1734433763520, 1734433763907, 1734433764318, 1734433764953, 1734433765279, 1734433765417, 1734433765716, 1734433765905, 1734433766252, 1734433766538, 1734433767158, 1734433767457, 1734433767630, 1734433767630, 1734433767859, 1734433768374, 1734433768460, 1734433768741, 1734433769143, 1734433769372, 1734433769748, 1734433769975, 1734433770286, 1734433770629, 1734433770821, 1734433771371, 1734433771643, 1734433771706, 1734433772172, 1734433772173, 1734433772523, 1734433772708, 1734433772831, 1734433773472, 1734433773609, 1734433773732, 1734433774191, 1734433774367, 1734433774473, 1734433774812, 1734433775077, 1734433775388, 1734433775665, 1734433775892, 1734433776134, 1734433776392, 1734433776392, 1734433776679, 1734433776976, 1734433777217, 
