
**********************************************************
ConnectDAWs File Logger | only the ConnectionManagerThread will write to this file to avoid blocking calls inside the audio thread.
Log started: 17 Dec 2024 12:03:02pm

Network Benchmark | start
size of start timestamps: 197
size of end timestamps: 197
latency: -5259, -5187, -5048, -4948, -4753, -4620, -4516, -4420, -4298, -4211, -4031, -3892, -3746, -3661, -3587, -3456, -3412, -3258, -3187, -3070, -2908, -2809, -2709, -2612, -2479, -2316, -2108, -2040, -1949, -1850, -1727, -1649, -1501, -1397, -1142, -1045, -932, -827, -707, -567, -472, -337, -225, -59, 91, 124, 195, 285, 343, 423, 486, 625, 720, 836, 957, 1036, 1257, 1472, 1562, 1644, 1800, 1997, 2117, 2302, 2484, 2539, 2665, 2781, 2907, 3062, 3218, 3317, 3402, 3510, 3791, 3852, 4103, 4185, 4343, 4507, 4620, 4730, 4867, 5040, 5177, 5323, 5726, 5851, 6052, 6116, 6222, 6363, 6544, 6624, 6755, 6915, 7040, 7168, 7333, 7682, 7865, 8072, 8179, 8274, 8383, 8737, 8885, 8982, 9039, 9152, 9276, 9447, 9613, 9878, 10139, 10301, 10378, 10580, 10720, 11157, 11246, 11461, 11668, 11793, 11795, 11838, 11946, 12008, 12182, 12298, 12385, 12392, 12450, 12539, 12623, 12750, 12932, 12974, 12946, 13028, 13135, 13137, 13151, 13342, 13420, 13500, 13526, 13531, 13581, 13614, 13615, 13596, 13502, 13527, 13533, 13513, 13667, 13734, 13571, 13420, 13429, 13474, 13433, 13535, 13632, 13464, 13355, 13423, 13467, 13425, 13445, 13493, 13460, 13314, 13284, 13257, 13118, 13071, 12995, 12960, 12939, 12828, 12743, 12669, 12644, 12526, 12374, 12244, 12158, 12040, 11888, 11773, 11751, 11695, 11617, 11511, 11360, 
start timestamps: 1734433302807, 1734433303093, 1734433303332, 1734433303573, 1734433303807, 1734433304108, 1734433304348, 1734433304608, 1734433304884, 1734433305119, 1734433305339, 1734433305551, 1734433305782, 1734433306042, 1734433306326, 1734433306678, 1734433306935, 1734433307190, 1734433307463, 1734433307716, 1734433307935, 1734433308171, 1734433308385, 1734433308649, 1734433308882, 1734433309141, 1734433309389, 1734433309712, 1734433310027, 1734433310323, 1734433310587, 1734433310883, 1734433311113, 1734433311424, 1734433311806, 1734433312087, 1734433312319, 1734433312539, 1734433312774, 1734433312979, 1734433313219, 1734433313497, 1734433313773, 1734433314005, 1734433314233, 1734433314519, 1734433314765, 1734433315028, 1734433315312, 1734433315572, 1734433315879, 1734433316138, 1734433316398, 1734433316657, 1734433316907, 1734433317187, 1734433317435, 1734433317666, 1734433317935, 1734433318251, 1734433318644, 1734433318974, 1734433319231, 1734433319698, 1734433320064, 1734433320367, 1734433320613, 1734433320870, 1734433321113, 1734433321350, 1734433321651, 1734433321972, 1734433322379, 1734433322748, 1734433323070, 1734433323465, 1734433323721, 1734433324039, 1734433324300, 1734433324561, 1734433324872, 1734433325206, 1734433325492, 1734433325860, 1734433326182, 1734433326546, 1734433326899, 1734433327226, 1734433327494, 1734433327836, 1734433328137, 1734433328422, 1734433328710, 1734433329020, 1734433329301, 1734433329553, 1734433329922, 1734433330199, 1734433330562, 1734433330880, 1734433331236, 1734433331536, 1734433331951, 1734433332344, 1734433332713, 1734433333075, 1734433333460, 1734433333878, 1734433334298, 1734433334672, 1734433335006, 1734433335330, 1734433335689, 1734433336058, 1734433336411, 1734433336793, 1734433337210, 1734433337680, 1734433338264, 1734433338770, 1734433339243, 1734433339761, 1734433340116, 1734433340571, 1734433341036, 1734433341417, 1734433341753, 1734433342074, 1734433342386, 1734433342751, 1734433343153, 1734433343567, 1734433343980, 1734433344425, 1734433344767, 1734433345108, 1734433345410, 1734433345736, 1734433346151, 1734433346460, 1734433346834, 1734433347193, 1734433347563, 1734433348010, 1734433348364, 1734433348730, 1734433349115, 1734433349532, 1734433349880, 1734433350250, 1734433350629, 1734433351038, 1734433351479, 1734433351843, 1734433352237, 1734433352593, 1734433352933, 1734433353328, 1734433353834, 1734433354320, 1734433354886, 1734433355497, 1734433355894, 1734433356286, 1734433356704, 1734433357255, 1734433357744, 1734433358100, 1734433358467, 1734433358847, 1734433359186, 1734433359597, 1734433359982, 1734433360470, 1734433361039, 1734433361565, 1734433362036, 1734433362423, 1734433362859, 1734433363249, 1734433363641, 1734433364136, 1734433364561, 1734433364961, 1734433365360, 1734433365801, 1734433366350, 1734433366817, 1734433367279, 1734433367726, 1734433368298, 1734433368777, 1734433369190, 1734433369585, 1734433370004, 1734433370442, 1734433370982, 
end timestamps: 1734433297548, 1734433297906, 1734433298284, 1734433298625, 1734433299054, 1734433299488, 1734433299832, 1734433300188, 1734433300586, 1734433300908, 1734433301308, 1734433301659, 1734433302036, 1734433302381, 1734433302739, 1734433303222, 1734433303523, 1734433303932, 1734433304276, 1734433304646, 1734433305027, 1734433305362, 1734433305676, 1734433306037, 1734433306403, 1734433306825, 1734433307281, 1734433307672, 1734433308078, 1734433308473, 1734433308860, 1734433309234, 1734433309612, 1734433310027, 1734433310664, 1734433311042, 1734433311387, 1734433311712, 1734433312067, 1734433312412, 1734433312747, 1734433313160, 1734433313548, 1734433313946, 1734433314324, 1734433314643, 1734433314960, 1734433315313, 1734433315655, 1734433315995, 1734433316365, 1734433316763, 1734433317118, 1734433317493, 1734433317864, 1734433318223, 1734433318692, 1734433319138, 1734433319497, 1734433319895, 1734433320444, 1734433320971, 1734433321348, 1734433322000, 1734433322548, 1734433322906, 1734433323278, 1734433323651, 1734433324020, 1734433324412, 1734433324869, 1734433325289, 1734433325781, 1734433326258, 1734433326861, 1734433327317, 1734433327824, 1734433328224, 1734433328643, 1734433329068, 1734433329492, 1734433329936, 1734433330359, 1734433330900, 1734433331359, 1734433331869, 1734433332625, 1734433333077, 1734433333546, 1734433333952, 1734433334359, 1734433334785, 1734433335254, 1734433335644, 1734433336056, 1734433336468, 1734433336962, 1734433337367, 1734433337895, 1734433338562, 1734433339101, 1734433339608, 1734433340130, 1734433340618, 1734433341096, 1734433341812, 1734433342345, 1734433342860, 1734433343337, 1734433343824, 1734433344282, 1734433344777, 1734433345302, 1734433345936, 1734433346550, 1734433347094, 1734433347588, 1734433348260, 1734433348984, 1734433349927, 1734433350489, 1734433351222, 1734433351784, 1734433352364, 1734433352831, 1734433353255, 1734433353699, 1734433354082, 1734433354568, 1734433355049, 1734433355538, 1734433355959, 1734433356430, 1734433356964, 1734433357390, 1734433357858, 1734433358342, 1734433358710, 1734433359097, 1734433359488, 1734433359969, 1734433360330, 1734433360714, 1734433361352, 1734433361784, 1734433362230, 1734433362641, 1734433363063, 1734433363461, 1734433363864, 1734433364244, 1734433364634, 1734433364981, 1734433365370, 1734433365770, 1734433366106, 1734433366600, 1734433367062, 1734433367405, 1734433367740, 1734433368315, 1734433368971, 1734433369327, 1734433369821, 1734433370336, 1734433370719, 1734433371099, 1734433371523, 1734433371934, 1734433372272, 1734433372631, 1734433373090, 1734433373442, 1734433373784, 1734433374323, 1734433374822, 1734433375154, 1734433375494, 1734433375854, 1734433376209, 1734433376580, 1734433376964, 1734433377304, 1734433377630, 1734433378004, 1734433378327, 1734433378724, 1734433379061, 1734433379437, 1734433379766, 1734433380186, 1734433380550, 1734433380941, 1734433381280, 1734433381621, 1734433381953, 1734433382342, 
Plugin Outgoing Benchmark | start
size of start timestamps: 227
size of end timestamps: 209
latency: 340, 548, 800, 1069, 1277, 1497, 1693, 1908, 1932, 2135, 2376, 2608, 2761, 2919, 2971, 3141, 3226, 3377, 3385, 3680, 3773, 3832, 3861, 3575, 3542, 3871, 3881, 4026, 4176, 4091, 4326, 4307, 4321, 4652, 4812, 4863, 4834, 4793, 4700, 4632, 4538, 4876, 4779, 4770, 4702, 4695, 4391, 4461, 4301, 4546, 4500, 4517, 4311, 4573, 4327, 4521, 4580, 4777, 4714, 4835, 4976, 4884, 4953, 4911, 5336, 4835, 5209, 5224, 5183, 5154, 5312, 5371, 5323, 5056, 5016, 5279, 5209, 5308, 5273, 5275, 5311, 5007, 5155, 5312, 5257, 5242, 5644, 5481, 5889, 6237, 6314, 6391, 6222, 6232, 6406, 6495, 6483, 6487, 6600, 6394, 6473, 6637, 7098, 6835, 7095, 7155, 6992, 7306, 7402, 7291, 7679, 7239, 7711, 7932, 7970, 7798, 8150, 8152, 8246, 8129, 8209, 8572, 8597, 8639, 8665, 9251, 9093, 9063, 9086, 9179, 9146, 9288, 9244, 9007, 9030, 8854, 8992, 8798, 8609, 8531, 8391, 8481, 8362, 8269, 8182, 7882, 7654, 7360, 7469, 7231, 7347, 6683, 6883, 7261, 7509, 7555, 7433, 7361, 7262, 7024, 7198, 6842, 6942, 7107, 7168, 6875, 6804, 6900, 7039, 6976, 6800, 6609, 6559, 6535, 6453, 6416, 6498, 6555, 6471, 6349, 6469, 6180, 6251, 6210, 6353, 6329, 6205, 6522, 6587, 6591, 6518, 6496, 6219, 6103, 6143, 6293, 6295, 6125, 6221, 5876, 6075, 6024, 6243, 6284, 6269, 6292, 6289, 6640, 6651, 
start timestamps: 1734433297129, 1734433297300, 1734433297479, 1734433297634, 1734433297814, 1734433297932, 1734433298185, 1734433298300, 1734433298651, 1734433298825, 1734433298949, 1734433299124, 1734433299297, 1734433299498, 1734433299847, 1734433300024, 1734433300262, 1734433300404, 1734433300694, 1734433300694, 1734433300932, 1734433301164, 1734433301442, 1734433302042, 1734433302422, 1734433302466, 1734433302906, 1734433303214, 1734433303492, 1734433303974, 1734433304107, 1734433304514, 1734433304928, 1734433305040, 1734433305338, 1734433305618, 1734433305967, 1734433306343, 1734433306817, 1734433307266, 1734433307678, 1734433307678, 1734433308093, 1734433308434, 1734433308851, 1734433309297, 1734433309914, 1734433310159, 1734433310638, 1734433310810, 1734433311191, 1734433311520, 1734433312071, 1734433312248, 1734433312884, 1734433313085, 1734433313403, 1734433313596, 1734433314064, 1734433314332, 1734433314648, 1734433315087, 1734433315357, 1734433315765, 1734433315765, 1734433316657, 1734433316730, 1734433317122, 1734433317496, 1734433317871, 1734433318071, 1734433318374, 1734433318790, 1734433319502, 1734433319903, 1734433319999, 1734433320454, 1734433320748, 1734433321194, 1734433321577, 1734433321947, 1734433322694, 1734433323037, 1734433323308, 1734433323756, 1734433324167, 1734433324265, 1734433324900, 1734433324900, 1734433324978, 1734433325339, 1734433325673, 1734433326261, 1734433326697, 1734433326944, 1734433327362, 1734433327836, 1734433328338, 1734433328624, 1734433329219, 1734433329556, 1734433329923, 1734433329924, 1734433330633, 1734433330810, 1734433331263, 1734433331878, 1734433332096, 1734433332533, 1734433333181, 1734433333465, 1734433334483, 1734433334548, 1734433334828, 1734433335258, 1734433335935, 1734433336059, 1734433336600, 1734433337031, 1734433337634, 1734433338169, 1734433338422, 1734433338961, 1734433339406, 1734433339974, 1734433339974, 1734433340617, 1734433341195, 1734433341768, 1734433342261, 1734433342873, 1734433343267, 1734433343764, 1734433344409, 1734433344813, 1734433345418, 1734433345798, 1734433346415, 1734433347021, 1734433347592, 1734433348276, 1734433348686, 1734433349244, 1734433349712, 1734433350270, 1734433350942, 1734433351617, 1734433352309, 1734433352575, 1734433353174, 1734433353430, 1734433354583, 1734433354793, 1734433354937, 1734433355245, 1734433355643, 1734433356149, 1734433356669, 1734433357184, 1734433357814, 1734433358001, 1734433358722, 1734433358999, 1734433359274, 1734433359685, 1734433360360, 1734433360779, 1734433361046, 1734433361299, 1734433361703, 1734433362232, 1734433362764, 1734433363209, 1734433363593, 1734433364037, 1734433364543, 1734433364898, 1734433365208, 1734433365640, 1734433366114, 1734433366430, 1734433367063, 1734433367337, 1734433367767, 1734433367963, 1734433368343, 1734433368806, 1734433368807, 1734433369063, 1734433369376, 1734433369794, 1734433370139, 1734433370729, 1734433371176, 1734433371541, 1734433371796, 1734433372113, 1734433372686, 1734433372910, 1734433373618, 1734433373834, 1734433374237, 1734433374351, 1734433374686, 1734433375021, 1734433375332, 1734433375652, 1734433375652, 1734433375997, 1734433376321, 1734433376841, 1734433377311, 1734433377382, 1734433377687, 1734433378221, 1734433378641, 1734433378846, 1734433379139, 1734433379140, 1734433379501, 1734433379915, 1734433380264, 1734433380657, 1734433380976, 1734433381391, 1734433381632, 1734433381943, 
end timestamps: 1734433297469, 1734433297848, 1734433298279, 1734433298703, 1734433299091, 1734433299429, 1734433299878, 1734433300208, 1734433300583, 1734433300960, 1734433301325, 1734433301732, 1734433302058, 1734433302417, 1734433302818, 1734433303165, 1734433303488, 1734433303781, 1734433304079, 1734433304374, 1734433304705, 1734433304996, 1734433305303, 1734433305617, 1734433305964, 1734433306337, 1734433306787, 1734433307240, 1734433307668, 1734433308065, 1734433308433, 1734433308821, 1734433309249, 1734433309692, 1734433310150, 1734433310481, 1734433310801, 1734433311136, 1734433311517, 1734433311898, 1734433312216, 1734433312554, 1734433312872, 1734433313204, 1734433313553, 1734433313992, 1734433314305, 1734433314620, 1734433314939, 1734433315356, 1734433315691, 1734433316037, 1734433316382, 1734433316821, 1734433317211, 1734433317606, 1734433317983, 1734433318373, 1734433318778, 1734433319167, 1734433319624, 1734433319971, 1734433320310, 1734433320676, 1734433321101, 1734433321492, 1734433321939, 1734433322346, 1734433322679, 1734433323025, 1734433323383, 1734433323745, 1734433324113, 1734433324558, 1734433324919, 1734433325278, 1734433325663, 1734433326056, 1734433326467, 1734433326852, 1734433327258, 1734433327701, 1734433328192, 1734433328620, 1734433329013, 1734433329409, 1734433329909, 1734433330381, 1734433330789, 1734433331215, 1734433331653, 1734433332064, 1734433332483, 1734433332929, 1734433333350, 1734433333857, 1734433334319, 1734433334825, 1734433335224, 1734433335613, 1734433336029, 1734433336560, 1734433337022, 1734433337468, 1734433337905, 1734433338418, 1734433338870, 1734433339402, 1734433339935, 1734433340472, 1734433341144, 1734433341722, 1734433342259, 1734433342760, 1734433343228, 1734433343733, 1734433344209, 1734433344752, 1734433345277, 1734433345763, 1734433346378, 1734433346994, 1734433347558, 1734433348045, 1734433348639, 1734433349225, 1734433349710, 1734433350258, 1734433350854, 1734433351440, 1734433352019, 1734433352555, 1734433353008, 1734433353416, 1734433353843, 1734433354272, 1734433354790, 1734433355213, 1734433355630, 1734433356123, 1734433356667, 1734433357167, 1734433357606, 1734433357981, 1734433358452, 1734433358824, 1734433359271, 1734433359669, 1734433360044, 1734433360405, 1734433360777, 1734433361266, 1734433361676, 1734433362198, 1734433362754, 1734433363198, 1734433363582, 1734433364030, 1734433364446, 1734433364838, 1734433365199, 1734433365564, 1734433365941, 1734433366381, 1734433366853, 1734433367235, 1734433367583, 1734433367946, 1734433368338, 1734433368679, 1734433369032, 1734433369373, 1734433369768, 1734433370128, 1734433370490, 1734433370959, 1734433371396, 1734433371763, 1734433372111, 1734433372463, 1734433372899, 1734433373243, 1734433373588, 1734433373977, 1734433374316, 1734433374672, 1734433375011, 1734433375329, 1734433375650, 1734433375967, 1734433376312, 1734433376635, 1734433376948, 1734433377279, 1734433377684, 1734433378089, 1734433378408, 1734433378811, 1734433379131, 1734433379494, 1734433379909, 1734433380261, 1734433380594, 1734433380970, 1734433381290, 1734433381624, 1734433381941, 1734433382292, 1734433382648, 
Plugin Incoming Benchmark | start
size of start timestamps: 198
size of end timestamps: 204
latency: 469, 366, 362, 360, 473, 427, 355, 409, 473, 92, 22, 131, 10, 0, 27, -99, 115, -48, -13, -17, 281, 11, 254, 90, 304, 199, 154, 174, 5, -402, -382, -239, -331, -318, -647, -556, -233, -272, -288, 1, -169, -329, -282, -146, -352, -263, -314, -318, -229, -304, -238, -637, -760, -465, -380, -383, -650, -824, -862, -786, -872, -1012, -1070, -1163, -921, -1163, -680, -608, -630, -715, -733, -715, -986, -1010, -1574, -1575, -1530, -1564, -1290, -1283, -1266, -1197, -739, -1134, -1361, -813, -1418, -1696, -1656, -1676, -1104, -1199, -1079, -774, -1099, -1229, -1213, -1032, -1310, -1388, -1537, -1470, -1444, -1553, -1503, -1479, -1592, -1703, -1728, -1078, -1477, -1411, -1282, -1547, -1530, -1740, -1680, -1712, -1716, -2124, -2359, -2398, -2189, -1640, -1859, -1606, -1250, -1325, -1711, -1623, -1625, -1834, -1386, -1642, -1722, -1750, -1768, -1902, -2270, -2027, -1942, -1970, -1895, -2067, -2140, -2165, -2256, -2285, -2287, -1980, -2064, -2014, -1874, -1774, -1797, -1860, -1864, -1961, -2074, -2413, -2456, -2482, -2546, -2647, -2760, -2899, -2966, -2758, -2464, -2564, -2136, -1921, -2297, -2273, -2407, -2351, -2374, -2476, -2426, -2252, -2378, -2233, -1946, -1974, -2111, -2150, -2020, -2120, -1753, -2059, -2149, -2009, -2224, -2218, -2144, -2491, -2502, -2668, 
start timestamps: 1734433297165, 1734433297566, 1734433297938, 1734433298291, 1734433298651, 1734433299071, 1734433299492, 1734433299853, 1734433300221, 1734433300602, 1734433300910, 1734433301311, 1734433301673, 1734433302042, 1734433302395, 1734433302881, 1734433303224, 1734433303604, 1734433303987, 1734433304300, 1734433304647, 1734433305029, 1734433305364, 1734433305680, 1734433306039, 1734433306405, 1734433306827, 1734433307285, 1734433307673, 1734433308080, 1734433308475, 1734433308861, 1734433309236, 1734433309615, 1734433310291, 1734433310669, 1734433311043, 1734433311389, 1734433311721, 1734433312070, 1734433312417, 1734433312750, 1734433313166, 1734433313549, 1734433313948, 1734433314327, 1734433314646, 1734433314966, 1734433315316, 1734433315661, 1734433316003, 1734433316402, 1734433316765, 1734433317122, 1734433317502, 1734433317879, 1734433318244, 1734433318695, 1734433319143, 1734433319517, 1734433320025, 1734433320514, 1734433320973, 1734433321617, 1734433322115, 1734433322562, 1734433322921, 1734433323302, 1734433323667, 1734433324023, 1734433324489, 1734433324882, 1734433325431, 1734433325910, 1734433326474, 1734433326914, 1734433327321, 1734433327825, 1734433328234, 1734433328645, 1734433329102, 1734433329535, 1734433329958, 1734433330434, 1734433330917, 1734433331446, 1734433332106, 1734433332628, 1734433333080, 1734433333554, 1734433333954, 1734433334380, 1734433334789, 1734433335257, 1734433335647, 1734433336057, 1734433336471, 1734433336967, 1734433337369, 1734433337988, 1734433338568, 1734433339104, 1734433339613, 1734433340133, 1734433340620, 1734433341105, 1734433341815, 1734433342348, 1734433342864, 1734433343339, 1734433343826, 1734433344284, 1734433344780, 1734433345386, 1734433345939, 1734433346553, 1734433347098, 1734433347652, 1734433348503, 1734433349406, 1734433349951, 1734433350674, 1734433351226, 1734433351792, 1734433352370, 1734433352834, 1734433353257, 1734433353703, 1734433354089, 1734433354570, 1734433355055, 1734433355542, 1734433355969, 1734433356435, 1734433356967, 1734433357393, 1734433357861, 1734433358345, 1734433358713, 1734433359099, 1734433359493, 1734433359971, 1734433360335, 1734433360789, 1734433361356, 1734433361790, 1734433362233, 1734433362645, 1734433363066, 1734433363464, 1734433363867, 1734433364246, 1734433364638, 1734433364983, 1734433365390, 1734433365773, 1734433366117, 1734433366604, 1734433367066, 1734433367406, 1734433367951, 1734433368596, 1734433368976, 1734433369332, 1734433369823, 1734433370343, 1734433370733, 1734433371101, 1734433371527, 1734433371940, 1734433372275, 1734433372650, 1734433373092, 1734433373449, 1734433373948, 1734433374464, 1734433374824, 1734433375162, 1734433375523, 1734433375870, 1734433376212, 1734433376584, 1734433376967, 1734433377306, 1734433377633, 1734433378010, 1734433378341, 1734433378729, 1734433379064, 1734433379441, 1734433379836, 1734433380230, 1734433380561, 1734433380953, 1734433381283, 1734433381631, 1734433382003, 1734433382441, 
end timestamps: 1734433297634, 1734433297932, 1734433298300, 1734433298651, 1734433299124, 1734433299498, 1734433299847, 1734433300262, 1734433300694, 1734433300694, 1734433300932, 1734433301442, 1734433301683, 1734433302042, 1734433302422, 1734433302782, 1734433303339, 1734433303556, 1734433303974, 1734433304283, 1734433304928, 1734433305040, 1734433305618, 1734433305770, 1734433306343, 1734433306604, 1734433306981, 1734433307459, 1734433307678, 1734433307678, 1734433308093, 1734433308622, 1734433308905, 1734433309297, 1734433309644, 1734433310113, 1734433310810, 1734433311117, 1734433311433, 1734433312071, 1734433312248, 1734433312421, 1734433312884, 1734433313403, 1734433313596, 1734433314064, 1734433314332, 1734433314648, 1734433315087, 1734433315357, 1734433315765, 1734433315765, 1734433316005, 1734433316657, 1734433317122, 1734433317496, 1734433317594, 1734433317871, 1734433318281, 1734433318731, 1734433319153, 1734433319502, 1734433319903, 1734433320454, 1734433321194, 1734433321399, 1734433322241, 1734433322694, 1734433323037, 1734433323308, 1734433323756, 1734433324167, 1734433324445, 1734433324900, 1734433324900, 1734433325339, 1734433325791, 1734433326261, 1734433326944, 1734433327362, 1734433327836, 1734433328338, 1734433329219, 1734433329300, 1734433329556, 1734433330633, 1734433330688, 1734433330932, 1734433331424, 1734433331878, 1734433332850, 1734433333181, 1734433333710, 1734433334483, 1734433334548, 1734433334828, 1734433335258, 1734433335935, 1734433336059, 1734433336600, 1734433337031, 1734433337634, 1734433338169, 1734433338580, 1734433339117, 1734433339626, 1734433340223, 1734433340645, 1734433341136, 1734433342261, 1734433342349, 1734433342873, 1734433343498, 1734433343839, 1734433344409, 1734433344813, 1734433345418, 1734433345940, 1734433346787, 1734433347282, 1734433347592, 1734433348276, 1734433349037, 1734433350152, 1734433350511, 1734433351228, 1734433352007, 1734433352378, 1734433352378, 1734433352947, 1734433353430, 1734433353708, 1734433354583, 1734433354793, 1734433355245, 1734433355643, 1734433356093, 1734433356443, 1734433356443, 1734433357072, 1734433357551, 1734433358001, 1734433358440, 1734433358722, 1734433359216, 1734433359625, 1734433359977, 1734433360360, 1734433360779, 1734433361484, 1734433361803, 1734433362232, 1734433362764, 1734433363209, 1734433363593, 1734433363913, 1734433364253, 1734433364643, 1734433364992, 1734433364993, 1734433365495, 1734433366114, 1734433366430, 1734433366685, 1734433367063, 1734433367444, 1734433367767, 1734433368343, 1734433369063, 1734433369376, 1734433370139, 1734433370729, 1734433370795, 1734433371176, 1734433371541, 1734433372113, 1734433372450, 1734433372686, 1734433373097, 1734433373618, 1734433373834, 1734433374351, 1734433375021, 1734433375332, 1734433375522, 1734433375860, 1734433376321, 1734433376609, 1734433377311, 1734433377382, 1734433377687, 1734433378221, 1734433378337, 1734433378735, 1734433379139, 1734433379140, 1734433379501, 1734433379773, 1734433380187, 1734433380558, 1734433380943, 1734433381391, 1734433381632, 1734433382001, 
