
**********************************************************
ConnectDAWs File Logger | only the ConnectionManagerThread will write to this file to avoid blocking calls inside the audio thread.
Log started: 17 Dec 2024 11:52:00am

Network Benchmark | start
size of start timestamps: 205
size of end timestamps: 205
latency: -4860, -4735, -4627, -4574, -4444, -4296, -4193, -4027, -3935, -3840, -3738, -3627, -3499, -3371, -3198, -3121, -2993, -2864, -2761, -2684, -2584, -2484, -2386, -2325, -2213, -2125, -2028, -1896, -1736, -1609, -1515, -1433, -1377, -1295, -1176, -1001, -847, -762, -622, -432, -315, -218, -92, 43, 180, 538, 661, 778, 920, 1080, 1195, 1338, 1455, 1858, 1834, 1965, 2077, 2180, 2270, 2463, 2628, 2781, 2932, 3046, 3216, 3342, 3506, 3665, 3825, 3937, 4226, 4343, 4423, 4531, 4673, 4867, 4994, 5062, 5175, 5633, 5748, 5808, 5947, 6103, 6179, 6335, 6413, 6561, 6543, 6654, 6770, 6933, 7255, 7555, 7663, 7772, 7917, 8080, 8208, 8346, 8471, 8628, 8772, 8896, 8999, 9181, 9285, 9368, 9501, 9610, 9717, 9838, 9905, 9994, 10088, 10218, 10318, 10464, 10585, 10652, 10773, 10864, 10900, 10944, 11055, 11205, 11319, 11426, 11546, 11671, 11686, 11800, 11920, 12149, 12270, 12407, 12494, 12598, 12677, 12752, 12848, 12866, 12913, 12979, 13029, 13099, 13163, 13200, 13262, 13283, 13292, 13363, 13353, 13363, 13381, 13365, 13457, 13488, 13509, 13506, 13519, 13528, 13558, 13585, 13635, 13610, 13644, 13744, 13730, 13715, 13594, 14005, 14047, 14123, 14233, 14273, 14400, 14487, 14431, 14481, 14896, 14899, 14889, 14869, 14895, 14917, 14915, 14931, 14962, 14954, 14938, 14902, 14919, 14942, 14997, 15059, 15403, 15423, 15423, 15396, 15434, 15444, 15496, 15577, 15661, 
start timestamps: 1734432630505, 1734432630845, 1734432631198, 1734432631508, 1734432631758, 1734432632003, 1734432632273, 1734432632519, 1734432632780, 1734432633036, 1734432633306, 1734432633567, 1734432633826, 1734432634087, 1734432634350, 1734432634660, 1734432634947, 1734432635207, 1734432635473, 1734432635761, 1734432636009, 1734432636270, 1734432636541, 1734432636831, 1734432637104, 1734432637381, 1734432637652, 1734432637933, 1734432638262, 1734432638551, 1734432638836, 1734432639123, 1734432639433, 1734432639718, 1734432640028, 1734432640311, 1734432640596, 1734432640968, 1734432641289, 1734432641613, 1734432641936, 1734432642256, 1734432642585, 1734432642884, 1734432643176, 1734432643506, 1734432643829, 1734432644158, 1734432644471, 1734432644822, 1734432645174, 1734432645533, 1734432645892, 1734432646396, 1734432646839, 1734432647173, 1734432647520, 1734432647876, 1734432648226, 1734432648560, 1734432648926, 1734432649317, 1734432649661, 1734432650032, 1734432650416, 1734432650753, 1734432651075, 1734432651421, 1734432651780, 1734432652111, 1734432652413, 1734432652744, 1734432653117, 1734432653450, 1734432653757, 1734432654062, 1734432654383, 1734432654755, 1734432655076, 1734432655407, 1734432655741, 1734432656126, 1734432656467, 1734432656799, 1734432657173, 1734432657556, 1734432657939, 1734432658318, 1734432658807, 1734432659277, 1734432659799, 1734432660126, 1734432660483, 1734432660869, 1734432661241, 1734432661614, 1734432661955, 1734432662309, 1734432662673, 1734432663023, 1734432663376, 1734432663703, 1734432664062, 1734432664403, 1734432664766, 1734432665101, 1734432665486, 1734432665875, 1734432666213, 1734432666569, 1734432666938, 1734432667290, 1734432667680, 1734432668080, 1734432668468, 1734432668860, 1734432669263, 1734432669650, 1734432670040, 1734432670468, 1734432670849, 1734432671277, 1734432671844, 1734432672292, 1734432672700, 1734432673085, 1734432673490, 1734432673911, 1734432674327, 1734432674749, 1734432675203, 1734432675588, 1734432675951, 1734432676346, 1734432676708, 1734432677068, 1734432677469, 1734432677856, 1734432678243, 1734432678632, 1734432679030, 1734432679493, 1734432679924, 1734432680329, 1734432680748, 1734432681161, 1734432681594, 1734432682027, 1734432682444, 1734432682845, 1734432683252, 1734432683668, 1734432684090, 1734432684493, 1734432684897, 1734432685333, 1734432685770, 1734432686181, 1734432686585, 1734432687019, 1734432687424, 1734432687858, 1734432688269, 1734432688672, 1734432689073, 1734432689510, 1734432689940, 1734432690386, 1734432690843, 1734432691328, 1734432691912, 1734432692363, 1734432692744, 1734432693103, 1734432693483, 1734432693892, 1734432694290, 1734432694695, 1734432695175, 1734432695621, 1734432696021, 1734432696419, 1734432696816, 1734432697221, 1734432697600, 1734432697961, 1734432698369, 1734432698753, 1734432699126, 1734432699515, 1734432699903, 1734432700328, 1734432700699, 1734432701071, 1734432701433, 1734432701792, 1734432702169, 1734432702539, 1734432702932, 1734432703335, 1734432703695, 1734432704068, 1734432704411, 1734432704756, 1734432705124, 
end timestamps: 1734432625645, 1734432626110, 1734432626571, 1734432626934, 1734432627314, 1734432627707, 1734432628080, 1734432628492, 1734432628845, 1734432629196, 1734432629568, 1734432629940, 1734432630327, 1734432630716, 1734432631152, 1734432631539, 1734432631954, 1734432632343, 1734432632712, 1734432633077, 1734432633425, 1734432633786, 1734432634155, 1734432634506, 1734432634891, 1734432635256, 1734432635624, 1734432636037, 1734432636526, 1734432636942, 1734432637321, 1734432637690, 1734432638056, 1734432638423, 1734432638852, 1734432639310, 1734432639749, 1734432640206, 1734432640667, 1734432641181, 1734432641621, 1734432642038, 1734432642493, 1734432642927, 1734432643356, 1734432644044, 1734432644490, 1734432644936, 1734432645391, 1734432645902, 1734432646369, 1734432646871, 1734432647347, 1734432648254, 1734432648673, 1734432649138, 1734432649597, 1734432650056, 1734432650496, 1734432651023, 1734432651554, 1734432652098, 1734432652593, 1734432653078, 1734432653632, 1734432654095, 1734432654581, 1734432655086, 1734432655605, 1734432656048, 1734432656639, 1734432657087, 1734432657540, 1734432657981, 1734432658430, 1734432658929, 1734432659377, 1734432659817, 1734432660251, 1734432661040, 1734432661489, 1734432661934, 1734432662414, 1734432662902, 1734432663352, 1734432663891, 1734432664352, 1734432664879, 1734432665350, 1734432665931, 1734432666569, 1734432667059, 1734432667738, 1734432668424, 1734432668904, 1734432669386, 1734432669872, 1734432670389, 1734432670881, 1734432671369, 1734432671847, 1734432672331, 1734432672834, 1734432673299, 1734432673765, 1734432674282, 1734432674771, 1734432675243, 1734432675714, 1734432676179, 1734432676655, 1734432677128, 1734432677585, 1734432678074, 1734432678556, 1734432679078, 1734432679581, 1734432680114, 1734432680625, 1734432681120, 1734432681622, 1734432682141, 1734432682744, 1734432683236, 1734432683755, 1734432684290, 1734432684809, 1734432685337, 1734432685873, 1734432686420, 1734432686889, 1734432687388, 1734432687871, 1734432688495, 1734432688978, 1734432689475, 1734432689963, 1734432690454, 1734432690920, 1734432691384, 1734432691878, 1734432692359, 1734432692837, 1734432693308, 1734432693777, 1734432694260, 1734432694757, 1734432695227, 1734432695706, 1734432696128, 1734432696544, 1734432697031, 1734432697443, 1734432697856, 1734432698278, 1734432698698, 1734432699227, 1734432699669, 1734432700094, 1734432700525, 1734432700943, 1734432701386, 1734432701827, 1734432702257, 1734432702708, 1734432703120, 1734432703584, 1734432704130, 1734432704573, 1734432705043, 1734432705506, 1734432706368, 1734432706791, 1734432707226, 1734432707716, 1734432708165, 1734432708690, 1734432709182, 1734432709606, 1734432710102, 1734432710917, 1734432711318, 1734432711705, 1734432712090, 1734432712495, 1734432712878, 1734432713284, 1734432713684, 1734432714088, 1734432714469, 1734432714841, 1734432715230, 1734432715618, 1734432716013, 1734432716430, 1734432716851, 1734432717572, 1734432717962, 1734432718355, 1734432718731, 1734432719129, 1734432719512, 1734432719907, 1734432720333, 1734432720785, 
Plugin Outgoing Benchmark | start
size of start timestamps: 193
size of end timestamps: 184
latency: 433, 393, 359, 741, 796, 757, 1160, 1095, 1095, 1185, 1197, 779, 1118, 938, 766, 1038, 700, 746, 1093, 758, 888, 1117, 1129, 810, 1080, 1529, 1690, 2272, 1858, 1388, 1780, 2198, 1539, 1901, 1747, 1947, 1876, 1452, 1432, 1421, 1802, 2234, 1790, 1693, 1803, 1506, 2074, 2040, 2707, 2486, 2532, 2568, 2539, 2466, 2160, 1885, 2277, 2691, 3073, 3435, 3757, 3063, 3091, 2634, 2976, 2591, 2769, 2739, 2383, 1898, 2375, 3276, 3325, 3378, 3383, 3083, 2631, 3055, 2976, 2603, 2734, 2904, 2945, 2908, 3058, 2885, 2458, 2567, 3002, 2582, 2603, 2452, 2470, 2938, 3127, 3174, 3194, 3216, 3522, 3074, 3130, 3119, 3347, 3129, 3138, 3139, 3191, 3194, 3090, 3118, 3630, 3900, 3351, 3446, 3296, 3779, 3722, 3443, 3485, 3439, 3495, 3654, 3433, 3400, 3397, 3428, 3366, 3646, 3611, 3766, 3655, 3634, 3112, 3602, 3546, 3338, 3416, 3418, 3847, 3825, 3604, 3671, 3473, 3388, 3568, 3836, 3847, 4052, 4079, 4090, 4099, 3964, 3651, 4011, 4501, 4493, 4144, 4596, 4366, 3965, 4363, 4114, 4523, 4095, 4548, 4812, 4244, 4172, 4130, 3589, 3551, 3536, 3876, 3924, 3889, 4212, 3903, 4265, 4246, 4599, 4273, 4277, 4585, 5039, 
start timestamps: 1734432625191, 1734432626120, 1734432626591, 1734432626591, 1734432626965, 1734432627360, 1734432627717, 1734432628495, 1734432629225, 1734432629943, 1734432630345, 1734432631153, 1734432631180, 1734432631778, 1734432632352, 1734432632767, 1734432633455, 1734432633775, 1734432634165, 1734432634900, 1734432635266, 1734432635776, 1734432636164, 1734432636923, 1734432637365, 1734432637365, 1734432638064, 1734432638434, 1734432639334, 1734432640242, 1734432640740, 1734432640740, 1734432642087, 1734432642510, 1734432643204, 1734432643961, 1734432644499, 1734432645392, 1734432645916, 1734432646392, 1734432646880, 1734432647357, 1734432648263, 1734432648801, 1734432649243, 1734432650055, 1734432650528, 1734432651056, 1734432651056, 1734432652107, 1734432652605, 1734432653241, 1734432654107, 1734432654617, 1734432655364, 1734432656087, 1734432656135, 1734432656172, 1734432656232, 1734432656298, 1734432656416, 1734432657541, 1734432657984, 1734432658864, 1734432658964, 1734432659832, 1734432660625, 1734432661121, 1734432661944, 1734432662944, 1734432662944, 1734432662971, 1734432663871, 1734432664345, 1734432664858, 1734432665628, 1734432666580, 1734432666656, 1734432667220, 1734432668093, 1734432668439, 1734432668725, 1734432669408, 1734432669933, 1734432670238, 1734432670892, 1734432671858, 1734432672350, 1734432672415, 1734432673312, 1734432673787, 1734432674451, 1734432674956, 1734432674956, 1734432675429, 1734432675932, 1734432676430, 1734432676946, 1734432677141, 1734432678084, 1734432678595, 1734432679120, 1734432679394, 1734432680124, 1734432680671, 1734432681181, 1734432681642, 1734432682152, 1734432682755, 1734432683309, 1734432683310, 1734432683798, 1734432684819, 1734432685237, 1734432685867, 1734432685868, 1734432686457, 1734432687225, 1734432687710, 1734432688214, 1734432688693, 1734432688998, 1734432689697, 1734432690192, 1734432690724, 1734432691160, 1734432691713, 1734432691905, 1734432692375, 1734432692654, 1734432693200, 1734432693629, 1734432694604, 1734432694759, 1734432695242, 1734432696006, 1734432696431, 1734432696856, 1734432696856, 1734432697298, 1734432697939, 1734432698290, 1734432698917, 1734432699419, 1734432699685, 1734432699861, 1734432700286, 1734432700538, 1734432700958, 1734432701402, 1734432701836, 1734432702392, 1734432703123, 1734432703255, 1734432703256, 1734432703712, 1734432704583, 1734432704619, 1734432705264, 1734432706107, 1734432706107, 1734432706815, 1734432706815, 1734432707614, 1734432707637, 1734432707759, 1734432708706, 1734432709187, 1734432709615, 1734432710523, 1734432710939, 1734432711330, 1734432711364, 1734432711716, 1734432712146, 1734432712209, 1734432712892, 1734432712937, 1734432713337, 1734432713743, 1734432714478, 1734432715250, 1734432715335, 1734432715335, 1734432715646, 1734432716044, 1734432716427, 1734432716826, 1734432717964, 1734432718352, 1734432719137, 1734432719536, 1734432719975, 
end timestamps: 1734432625624, 1734432626513, 1734432626950, 1734432627332, 1734432627761, 1734432628117, 1734432628877, 1734432629590, 1734432630320, 1734432631128, 1734432631542, 1734432631932, 1734432632298, 1734432632716, 1734432633118, 1734432633805, 1734432634155, 1734432634521, 1734432635258, 1734432635658, 1734432636154, 1734432636893, 1734432637293, 1734432637733, 1734432638445, 1734432638894, 1734432639754, 1734432640706, 1734432641192, 1734432641630, 1734432642520, 1734432642938, 1734432643626, 1734432644411, 1734432644951, 1734432645908, 1734432646375, 1734432646844, 1734432647348, 1734432647813, 1734432648682, 1734432649591, 1734432650053, 1734432650494, 1734432651046, 1734432651561, 1734432652602, 1734432653096, 1734432653763, 1734432654593, 1734432655137, 1734432655809, 1734432656646, 1734432657083, 1734432657524, 1734432657972, 1734432658412, 1734432658863, 1734432659305, 1734432659733, 1734432660173, 1734432660604, 1734432661075, 1734432661498, 1734432661940, 1734432662423, 1734432663394, 1734432663860, 1734432664327, 1734432664842, 1734432665319, 1734432666247, 1734432667196, 1734432667723, 1734432668241, 1734432668711, 1734432669211, 1734432669711, 1734432670196, 1734432670696, 1734432671173, 1734432671629, 1734432672353, 1734432672841, 1734432673296, 1734432673777, 1734432674316, 1734432674917, 1734432675417, 1734432675894, 1734432676390, 1734432676903, 1734432677426, 1734432677894, 1734432678556, 1734432679106, 1734432679624, 1734432680162, 1734432680663, 1734432681158, 1734432681725, 1734432682239, 1734432682741, 1734432683253, 1734432683809, 1734432684320, 1734432684833, 1734432685346, 1734432685845, 1734432686427, 1734432686940, 1734432687698, 1734432688170, 1734432688683, 1734432689163, 1734432689647, 1734432690179, 1734432690668, 1734432691195, 1734432691653, 1734432692188, 1734432692652, 1734432693130, 1734432693592, 1734432694121, 1734432694588, 1734432695079, 1734432695551, 1734432695986, 1734432696420, 1734432696855, 1734432697263, 1734432697716, 1734432698361, 1734432698788, 1734432699344, 1734432699847, 1734432700274, 1734432700703, 1734432701123, 1734432701543, 1734432701961, 1734432702390, 1734432702807, 1734432703253, 1734432703697, 1734432704133, 1734432704590, 1734432705037, 1734432705492, 1734432705935, 1734432706356, 1734432706774, 1734432707266, 1734432707757, 1734432708205, 1734432708727, 1734432709215, 1734432709630, 1734432710072, 1734432710470, 1734432710929, 1734432711338, 1734432711709, 1734432712185, 1734432712571, 1734432712950, 1734432713359, 1734432713745, 1734432714112, 1734432714490, 1734432714866, 1734432715240, 1734432715640, 1734432716035, 1734432716421, 1734432716795, 1734432717202, 1734432717583, 1734432718342, 1734432718751, 1734432719527, 1734432719920, 1734432720374, 
Plugin Incoming Benchmark | start
size of start timestamps: 206
size of end timestamps: 192
latency: 929, 942, 478, 389, 408, 383, 782, 1108, 1449, 1497, 1955, 1610, 1822, 2023, 2043, 2302, 2208, 2202, 2556, 2552, 2697, 2738, 3135, 3208, 2843, 3171, 3175, 3674, 4087, 4210, 3796, 4764, 4816, 5146, 5535, 5604, 6077, 6154, 6185, 6148, 6164, 6640, 6725, 6727, 7116, 6952, 7010, 6562, 7155, 7196, 7333, 7676, 7744, 7549, 7827, 7442, 7030, 6614, 6239, 5917, 6493, 6407, 6761, 6367, 6689, 6989, 7024, 7348, 7789, 7336, 6921, 7223, 7254, 7312, 7634, 8127, 7723, 7840, 8272, 7829, 7649, 7908, 7996, 7814, 7988, 8502, 8454, 8058, 8430, 8428, 8504, 8381, 7758, 7588, 7503, 7522, 7556, 7245, 7691, 7685, 7734, 7544, 7773, 7828, 7879, 7862, 7866, 7981, 8062, 7593, 7609, 8161, 8103, 8259, 7791, 7898, 8139, 8122, 8083, 8049, 7873, 8069, 7943, 7976, 7906, 7915, 7594, 7541, 7311, 7324, 7201, 7681, 7358, 7214, 7491, 7444, 7365, 6874, 6838, 7016, 6891, 7025, 7056, 6841, 6548, 6504, 6255, 6194, 6153, 6124, 6259, 6504, 6220, 5810, 5854, 6299, 5821, 6034, 6429, 6009, 6287, 5838, 6220, 5797, 5481, 5993, 6037, 5912, 6384, 6330, 6273, 5422, 5346, 5353, 4941, 5173, 4767, 4639, 4551, 4852, 4741, 4405, 4006, 3939, 3950, 3929, 3945, 4674, 4665, 5041, 5064, 5108, 
start timestamps: 1734432625191, 1734432625649, 1734432626113, 1734432626576, 1734432626952, 1734432627334, 1734432627713, 1734432628117, 1734432628494, 1734432628848, 1734432629198, 1734432629570, 1734432629956, 1734432630329, 1734432630724, 1734432631153, 1734432631567, 1734432631963, 1734432632344, 1734432632714, 1734432633079, 1734432633426, 1734432633788, 1734432634157, 1734432634522, 1734432634893, 1734432635259, 1734432635660, 1734432636155, 1734432636530, 1734432636944, 1734432637323, 1734432637694, 1734432638058, 1734432638426, 1734432638895, 1734432639315, 1734432639762, 1734432640207, 1734432640732, 1734432641193, 1734432641623, 1734432642076, 1734432642516, 1734432642939, 1734432643576, 1734432644046, 1734432644494, 1734432644952, 1734432645409, 1734432645908, 1734432646431, 1734432646873, 1734432647815, 1734432648260, 1734432648693, 1734432649142, 1734432649618, 1734432650059, 1734432650499, 1734432651048, 1734432651577, 1734432652103, 1734432652597, 1734432653143, 1734432653636, 1734432654097, 1734432654596, 1734432655155, 1734432655608, 1734432656050, 1734432656648, 1734432657091, 1734432657546, 1734432657994, 1734432658453, 1734432658933, 1734432659380, 1734432659821, 1734432660610, 1734432661076, 1734432661500, 1734432661937, 1734432662424, 1734432662904, 1734432663356, 1734432663896, 1734432664357, 1734432664882, 1734432665359, 1734432665947, 1734432666575, 1734432667198, 1734432667841, 1734432668429, 1734432668908, 1734432669390, 1734432669896, 1734432670393, 1734432670910, 1734432671387, 1734432671850, 1734432672351, 1734432672843, 1734432673302, 1734432673780, 1734432674286, 1734432674774, 1734432675247, 1734432675717, 1734432676189, 1734432676658, 1734432677134, 1734432677608, 1734432678077, 1734432678559, 1734432679086, 1734432679588, 1734432680131, 1734432680644, 1734432681125, 1734432681628, 1734432682249, 1734432682748, 1734432683254, 1734432683798, 1734432684311, 1734432684834, 1734432685343, 1734432685876, 1734432686428, 1734432686923, 1734432687401, 1734432688028, 1734432688515, 1734432688987, 1734432689491, 1734432689982, 1734432690460, 1734432690923, 1734432691399, 1734432691892, 1734432692363, 1734432692844, 1734432693313, 1734432693782, 1734432694283, 1734432694764, 1734432695249, 1734432695712, 1734432696133, 1734432696619, 1734432697035, 1734432697446, 1734432697858, 1734432698284, 1734432698798, 1734432699230, 1734432699678, 1734432700098, 1734432700528, 1734432700977, 1734432701394, 1734432701840, 1734432702278, 1734432702713, 1734432703150, 1734432703703, 1734432704139, 1734432704610, 1734432705057, 1734432705942, 1734432706370, 1734432706793, 1734432707268, 1734432707719, 1734432708170, 1734432708698, 1734432709192, 1734432709626, 1734432710509, 1734432710930, 1734432711329, 1734432711708, 1734432712095, 1734432712498, 1734432712881, 1734432713290, 1734432713687, 1734432714096, 1734432714472, 1734432714867, 1734432715241, 1734432715643, 1734432716047, 1734432716433, 1734432717203, 1734432717585, 1734432717965, 1734432718358, 1734432718735, 1734432719132, 1734432719528, 1734432719921, 1734432720345, 1734432720786, 
end timestamps: 1734432626120, 1734432626591, 1734432626591, 1734432626965, 1734432627360, 1734432627717, 1734432628495, 1734432629225, 1734432629943, 1734432630345, 1734432631153, 1734432631180, 1734432631778, 1734432632352, 1734432632767, 1734432633455, 1734432633775, 1734432634165, 1734432634900, 1734432635266, 1734432635776, 1734432636164, 1734432636923, 1734432637365, 1734432637365, 1734432638064, 1734432638434, 1734432639334, 1734432640242, 1734432640740, 1734432640740, 1734432642087, 1734432642510, 1734432643204, 1734432643961, 1734432644499, 1734432645392, 1734432645916, 1734432646392, 1734432646880, 1734432647357, 1734432648263, 1734432648801, 1734432649243, 1734432650055, 1734432650528, 1734432651056, 1734432651056, 1734432652107, 1734432652605, 1734432653241, 1734432654107, 1734432654617, 1734432655364, 1734432656087, 1734432656135, 1734432656172, 1734432656232, 1734432656298, 1734432656416, 1734432657541, 1734432657984, 1734432658864, 1734432658964, 1734432659832, 1734432660625, 1734432661121, 1734432661944, 1734432662944, 1734432662944, 1734432662971, 1734432663871, 1734432664345, 1734432664858, 1734432665628, 1734432666580, 1734432666656, 1734432667220, 1734432668093, 1734432668439, 1734432668725, 1734432669408, 1734432669933, 1734432670238, 1734432670892, 1734432671858, 1734432672350, 1734432672415, 1734432673312, 1734432673787, 1734432674451, 1734432674956, 1734432674956, 1734432675429, 1734432675932, 1734432676430, 1734432676946, 1734432677141, 1734432678084, 1734432678595, 1734432679121, 1734432679394, 1734432680124, 1734432680671, 1734432681181, 1734432681642, 1734432682152, 1734432682755, 1734432683309, 1734432683310, 1734432683798, 1734432684819, 1734432685237, 1734432685867, 1734432685868, 1734432686457, 1734432687225, 1734432687710, 1734432688214, 1734432688693, 1734432688998, 1734432689697, 1734432690192, 1734432690724, 1734432691160, 1734432691713, 1734432691905, 1734432692375, 1734432692654, 1734432693200, 1734432693629, 1734432694604, 1734432694759, 1734432695242, 1734432696006, 1734432696431, 1734432696856, 1734432696856, 1734432697298, 1734432697939, 1734432698290, 1734432698917, 1734432699419, 1734432699685, 1734432699861, 1734432700286, 1734432700538, 1734432700958, 1734432701402, 1734432701836, 1734432702392, 1734432703123, 1734432703255, 1734432703256, 1734432703712, 1734432704583, 1734432704619, 1734432705264, 1734432706107, 1734432706107, 1734432706815, 1734432706815, 1734432707614, 1734432707637, 1734432707759, 1734432708706, 1734432709187, 1734432709615, 1734432710523, 1734432710940, 1734432711330, 1734432711364, 1734432711716, 1734432712146, 1734432712209, 1734432712892, 1734432712937, 1734432713337, 1734432713743, 1734432714478, 1734432715250, 1734432715335, 1734432715335, 1734432715647, 1734432716045, 1734432716427, 1734432716826, 1734432717964, 1734432718352, 1734432719137, 1734432719536, 1734432719975, 
