
**********************************************************
ConnectDAWs File Logger | only the ConnectionManagerThread will write to this file to avoid blocking calls inside the audio thread.
Log started: 17 Dec 2024 11:54:25am

Network Benchmark | start
size of start timestamps: 174
size of end timestamps: 174
latency: 32277, 32502, 32898, 32774, 32318, 32119, 32079, 32003, 31919, 31859, 31759, 31682, 31582, 31451, 31375, 31330, 31239, 31158, 31113, 31045, 30766, 30745, 30807, 30727, 30415, 30300, 30233, 30165, 30059, 30005, 29911, 29685, 29362, 29213, 29089, 28968, 28834, 28728, 28593, 28435, 28228, 28108, 27976, 27918, 27777, 27653, 27514, 27392, 27311, 27517, 27307, 27179, 27062, 26953, 26845, 26786, 26659, 26543, 26384, 26203, 26076, 25980, 26030, 25855, 25574, 25348, 25057, 24894, 24742, 24554, 24159, 23942, 23784, 23632, 23422, 23249, 23081, 22851, 22692, 22533, 22367, 22211, 21990, 21811, 21601, 21423, 21285, 21115, 20980, 20835, 20655, 20529, 20193, 20053, 20058, 19862, 19721, 19560, 19378, 19265, 19121, 18865, 18615, 18435, 18282, 18078, 17834, 17958, 17786, 17673, 17440, 17232, 17039, 16887, 16747, 16532, 16368, 16249, 16434, 16327, 16201, 16064, 15871, 15719, 15741, 15593, 15543, 15387, 15340, 15231, 15079, 14923, 14798, 14657, 14452, 14305, 14144, 14017, 13861, 13710, 13630, 13469, 13304, 13159, 12986, 12795, 12522, 12467, 12271, 12054, 11936, 11835, 11725, 11242, 11112, 10960, 10835, 10708, 10594, 10381, 10256, 10150, 10047, 9949, 9803, 9687, 9571, 9442, 9336, 9220, 9119, 9007, 8886, 8792, 
start timestamps: 1734432774716, 1734432775187, 1734432775666, 1734432776170, 1734432777000, 1734432777581, 1734432778056, 1734432778514, 1734432778971, 1734432779448, 1734432779932, 1734432780399, 1734432780903, 1734432781414, 1734432781876, 1734432782356, 1734432782828, 1734432783309, 1734432783807, 1734432784441, 1734432785090, 1734432785558, 1734432786033, 1734432786526, 1734432787215, 1734432787746, 1734432788204, 1734432788696, 1734432789182, 1734432789666, 1734432790167, 1734432790776, 1734432791484, 1734432792017, 1734432792493, 1734432792949, 1734432793444, 1734432793917, 1734432794394, 1734432794896, 1734432795464, 1734432795937, 1734432796419, 1734432796915, 1734432797429, 1734432797935, 1734432798428, 1734432798916, 1734432799398, 1734432799894, 1734432800485, 1734432800986, 1734432801509, 1734432802013, 1734432802504, 1734432803122, 1734432803628, 1734432804132, 1734432804642, 1734432805196, 1734432805731, 1734432806212, 1734432806715, 1734432807279, 1734432807868, 1734432808413, 1734432809022, 1734432809508, 1734432809977, 1734432810460, 1734432811148, 1734432811670, 1734432812139, 1734432812593, 1734432813110, 1734432813632, 1734432814104, 1734432814631, 1734432815104, 1734432815576, 1734432816049, 1734432816523, 1734432817048, 1734432817525, 1734432818043, 1734432818534, 1734432818998, 1734432819511, 1734432819991, 1734432820460, 1734432820965, 1734432821421, 1734432822069, 1734432822539, 1734432823019, 1734432823519, 1734432823965, 1734432824414, 1734432824889, 1734432825340, 1734432825797, 1734432826373, 1734432826936, 1734432827430, 1734432827912, 1734432828405, 1734432828957, 1734432829436, 1734432829919, 1734432830384, 1734432830929, 1734432831492, 1734432831990, 1734432832447, 1734432832904, 1734432833431, 1734432833906, 1734432834338, 1734432834741, 1734432835164, 1734432835598, 1734432836021, 1734432836492, 1734432836934, 1734432837406, 1734432837826, 1734432838259, 1734432838688, 1734432839140, 1734432839555, 1734432839981, 1734432840409, 1734432840823, 1734432841243, 1734432841713, 1734432842118, 1734432842554, 1734432842975, 1734432843412, 1734432843843, 1734432844236, 1734432844692, 1734432845156, 1734432845589, 1734432846042, 1734432846527, 1734432847038, 1734432847461, 1734432847877, 1734432848323, 1734432848691, 1734432849036, 1734432849372, 1734432850082, 1734432850437, 1734432850818, 1734432851162, 1734432851506, 1734432851846, 1734432852280, 1734432852622, 1734432852963, 1734432853296, 1734432853635, 1734432854007, 1734432854366, 1734432854698, 1734432855061, 1734432855397, 1734432855730, 1734432856062, 1734432856396, 1734432856734, 1734432857062, 
end timestamps: 1734432806993, 1734432807689, 1734432808564, 1734432808944, 1734432809318, 1734432809700, 1734432810135, 1734432810517, 1734432810890, 1734432811307, 1734432811691, 1734432812081, 1734432812485, 1734432812865, 1734432813251, 1734432813686, 1734432814067, 1734432814467, 1734432814920, 1734432815486, 1734432815856, 1734432816303, 1734432816840, 1734432817253, 1734432817630, 1734432818046, 1734432818437, 1734432818861, 1734432819241, 1734432819671, 1734432820078, 1734432820461, 1734432820846, 1734432821230, 1734432821582, 1734432821917, 1734432822278, 1734432822645, 1734432822987, 1734432823331, 1734432823692, 1734432824045, 1734432824395, 1734432824833, 1734432825206, 1734432825588, 1734432825942, 1734432826308, 1734432826709, 1734432827411, 1734432827792, 1734432828165, 1734432828571, 1734432828966, 1734432829349, 1734432829908, 1734432830287, 1734432830675, 1734432831026, 1734432831399, 1734432831807, 1734432832192, 1734432832745, 1734432833134, 1734432833442, 1734432833761, 1734432834079, 1734432834402, 1734432834719, 1734432835014, 1734432835307, 1734432835612, 1734432835923, 1734432836225, 1734432836532, 1734432836881, 1734432837185, 1734432837482, 1734432837796, 1734432838109, 1734432838416, 1734432838734, 1734432839038, 1734432839336, 1734432839644, 1734432839957, 1734432840283, 1734432840626, 1734432840971, 1734432841295, 1734432841620, 1734432841950, 1734432842262, 1734432842592, 1734432843077, 1734432843381, 1734432843686, 1734432843974, 1734432844267, 1734432844605, 1734432844918, 1734432845238, 1734432845551, 1734432845865, 1734432846194, 1734432846483, 1734432846791, 1734432847394, 1734432847705, 1734432848057, 1734432848369, 1734432848724, 1734432849029, 1734432849334, 1734432849651, 1734432849963, 1734432850274, 1734432850587, 1734432851175, 1734432851491, 1734432851799, 1734432852085, 1734432852363, 1734432852653, 1734432853147, 1734432853419, 1734432853802, 1734432854075, 1734432854480, 1734432854786, 1734432855060, 1734432855332, 1734432855621, 1734432855900, 1734432856165, 1734432856423, 1734432856698, 1734432856992, 1734432857273, 1734432857553, 1734432857866, 1734432858161, 1734432858460, 1734432858748, 1734432859028, 1734432859322, 1734432859560, 1734432859928, 1734432860148, 1734432860377, 1734432860627, 1734432860871, 1734432861097, 1734432861324, 1734432861549, 1734432861778, 1734432861997, 1734432862214, 1734432862440, 1734432862661, 1734432862878, 1734432863113, 1734432863343, 1734432863584, 1734432863810, 1734432864053, 1734432864269, 1734432864503, 1734432864733, 1734432864950, 1734432865181, 1734432865403, 1734432865620, 1734432865854, 
Plugin Outgoing Benchmark | start
size of start timestamps: 175
size of end timestamps: 167
latency: 398, 440, 551, 744, 427, 388, 369, 374, 387, 415, 388, 576, 970, 1230, 776, 788, 829, 798, 1082, 934, 884, 787, 851, 990, 1062, 1274, 1409, 1159, 1164, 1192, 1030, 994, 1023, 923, 872, 1252, 1064, 1391, 1387, 1048, 1164, 1563, 1454, 1327, 1098, 1365, 1567, 1979, 1825, 1147, 1499, 1160, 1308, 1522, 1494, 1575, 1698, 2088, 2331, 2481, 2292, 1868, 1625, 1884, 1919, 1924, 2144, 2381, 2496, 2800, 2768, 2764, 2773, 2978, 2943, 2780, 2496, 2501, 2187, 2174, 2492, 2136, 1990, 1997, 2368, 2348, 2202, 2237, 1727, 1716, 1877, 1582, 1541, 1493, 1734, 1751, 2970, 2757, 2684, 2487, 1859, 1745, 1525, 1850, 1850, 2165, 2098, 2209, 1937, 2125, 2256, 2376, 2318, 2503, 2488, 2462, 2164, 2253, 2393, 2206, 2338, 2008, 2100, 2296, 2546, 2838, 3254, 2985, 2734, 2389, 2493, 2510, 2207, 2215, 2242, 2291, 2186, 2406, 2245, 2467, 2210, 2098, 1857, 1989, 2091, 2059, 2116, 2216, 2440, 2505, 2713, 2760, 2934, 3134, 3343, 3425, 3380, 3526, 3185, 2950, 3088, 2872, 2722, 2290, 2416, 2090, 1889, 
start timestamps: 1734432806412, 1734432806861, 1734432807174, 1734432807396, 1734432808311, 1734432808952, 1734432809384, 1734432809766, 1734432810157, 1734432810509, 1734432810932, 1734432811113, 1734432811114, 1734432811699, 1734432812530, 1734432812899, 1734432813304, 1734432813723, 1734432814142, 1734432814844, 1734432815405, 1734432815907, 1734432816299, 1734432816529, 1734432816853, 1734432817033, 1734432817284, 1734432817929, 1734432818322, 1734432818724, 1734432819272, 1734432819687, 1734432820024, 1734432820468, 1734432821055, 1734432821055, 1734432821589, 1734432821956, 1734432822308, 1734432822996, 1734432823339, 1734432823437, 1734432824152, 1734432824630, 1734432825214, 1734432825287, 1734432825440, 1734432825803, 1734432826320, 1734432827412, 1734432827444, 1734432828154, 1734432828398, 1734432828573, 1734432828977, 1734432829326, 1734432829563, 1734432829563, 1734432829718, 1734432829918, 1734432830485, 1734432831273, 1734432831822, 1734432831874, 1734432832161, 1734432832471, 1734432832564, 1734432832628, 1734432832810, 1734432832811, 1734432833157, 1734432833465, 1734432833759, 1734432833903, 1734432834253, 1734432834719, 1734432835315, 1734432835622, 1734432836241, 1734432836556, 1734432836556, 1734432837209, 1734432837660, 1734432837963, 1734432838118, 1734432838506, 1734432838968, 1734432839292, 1734432840167, 1734432840492, 1734432840636, 1734432841214, 1734432841541, 1734432841901, 1734432841959, 1734432842238, 1734432842270, 1734432842798, 1734432843180, 1734432843694, 1734432844613, 1734432845025, 1734432845553, 1734432845553, 1734432845871, 1734432845908, 1734432846285, 1734432846512, 1734432847084, 1734432847223, 1734432847403, 1734432847572, 1734432847942, 1734432848066, 1734432848393, 1734432848723, 1734432849336, 1734432849535, 1734432849672, 1734432850135, 1734432850285, 1734432850887, 1734432851067, 1734432851497, 1734432851659, 1734432851659, 1734432851798, 1734432852352, 1734432852901, 1734432853525, 1734432853939, 1734432854211, 1734432854792, 1734432855067, 1734432855358, 1734432855630, 1734432856170, 1734432856257, 1734432856704, 1734432856752, 1734432857274, 1734432857602, 1734432858081, 1734432858169, 1734432858298, 1734432858577, 1734432858755, 1734432858880, 1734432858881, 1734432859050, 1734432859066, 1734432859237, 1734432859273, 1734432859291, 1734432859303, 1734432859439, 1734432859701, 1734432859779, 1734432860355, 1734432860820, 1734432860906, 1734432861343, 1734432861784, 1734432862446, 1734432862554, 1734432863118, 1734432863545, 1734432863776, 1734432864000, 1734432864274, 1734432864274, 1734432864512, 1734432864748, 1734432864975, 1734432865088, 
end timestamps: 1734432806810, 1734432807301, 1734432807725, 1734432808140, 1734432808738, 1734432809340, 1734432809753, 1734432810140, 1734432810544, 1734432810924, 1734432811320, 1734432811689, 1734432812084, 1734432812929, 1734432813306, 1734432813687, 1734432814133, 1734432814521, 1734432815224, 1734432815778, 1734432816289, 1734432816694, 1734432817150, 1734432817519, 1734432817915, 1734432818307, 1734432818693, 1734432819088, 1734432819486, 1734432819916, 1734432820302, 1734432820681, 1734432821047, 1734432821391, 1734432821927, 1734432822307, 1734432822653, 1734432823347, 1734432823695, 1734432824044, 1734432824503, 1734432825000, 1734432825606, 1734432825957, 1734432826312, 1734432826652, 1734432827007, 1734432827782, 1734432828145, 1734432828559, 1734432828943, 1734432829314, 1734432829706, 1734432830095, 1734432830471, 1734432830901, 1734432831261, 1734432831651, 1734432832049, 1734432832399, 1734432832777, 1734432833141, 1734432833447, 1734432833758, 1734432834080, 1734432834395, 1734432834708, 1734432835009, 1734432835306, 1734432835611, 1734432835925, 1734432836229, 1734432836532, 1734432836881, 1734432837196, 1734432837499, 1734432837811, 1734432838123, 1734432838428, 1734432838730, 1734432839048, 1734432839345, 1734432839650, 1734432839960, 1734432840486, 1734432840854, 1734432841170, 1734432841529, 1734432841894, 1734432842208, 1734432842513, 1734432842796, 1734432843082, 1734432843394, 1734432843693, 1734432843989, 1734432845240, 1734432845555, 1734432845864, 1734432846181, 1734432846472, 1734432846770, 1734432847078, 1734432847403, 1734432847721, 1734432848073, 1734432848383, 1734432848721, 1734432849021, 1734432849348, 1734432849659, 1734432849948, 1734432850260, 1734432850569, 1734432850881, 1734432851185, 1734432851500, 1734432851788, 1734432852065, 1734432852341, 1734432852623, 1734432852895, 1734432853167, 1734432853793, 1734432854205, 1734432854497, 1734432855052, 1734432855337, 1734432855635, 1734432855914, 1734432856432, 1734432856721, 1734432856999, 1734432857282, 1734432857600, 1734432857921, 1734432858356, 1734432858663, 1734432858949, 1734432859219, 1734432859484, 1734432859700, 1734432859938, 1734432860158, 1734432860389, 1734432860636, 1734432860871, 1734432861096, 1734432861321, 1734432861555, 1734432861779, 1734432861997, 1734432862207, 1734432862425, 1734432862646, 1734432862864, 1734432863081, 1734432863305, 1734432863540, 1734432863770, 1734432863994, 1734432864215, 1734432864506, 1734432864736, 1734432864970, 1734432865208, 1734432865434, 
Plugin Incoming Benchmark | start
size of start timestamps: 174
size of end timestamps: 170
latency: 594, 1041, 809, 816, 820, 836, 741, 790, 592, 189, 378, 837, 788, 815, 855, 839, 1154, 1332, 1387, 1183, 1040, 973, 728, 441, 671, 689, 675, 809, 824, 779, 793, 974, 581, 698, 703, 725, 1066, 1031, 789, 1163, 1274, 1518, 1231, 969, 967, 1111, 1816, 1486, 1788, 1390, 1159, 1183, 1159, 984, 593, 211, 8, 195, 595, 793, 445, 351, 90, -188, -509, -635, -606, -622, -501, -467, -297, 6, 9, 315, 322, 18, 325, 471, 478, 319, 393, 545, 557, 1127, 1153, 990, 1253, 1251, 1270, 986, 940, 647, 845, 913, 897, 1533, 1642, 1864, 1575, 1602, 1301, 1364, 1273, 1528, 1356, 1207, 1075, 863, 668, 683, 663, 965, 809, 641, 799, 631, 922, 788, 615, 473, 164, -4, 265, 528, 629, 787, 691, 987, 861, 860, 842, 1105, 919, 1075, 850, 1107, 1174, 1379, 1175, 1016, 1021, 885, 717, 416, 299, 34, -86, -428, -639, -846, -950, -930, -1093, -745, -505, -645, -437, -214, 227, 113, 454, 665, 661, 654, 684, 453, 457, 478, 464, 352, 
start timestamps: 1734432806580, 1734432807270, 1734432808143, 1734432808568, 1734432808946, 1734432809321, 1734432809768, 1734432810142, 1734432810521, 1734432810925, 1734432811321, 1734432811693, 1734432812111, 1734432812489, 1734432812868, 1734432813303, 1734432813690, 1734432814073, 1734432814520, 1734432815116, 1734432815489, 1734432815880, 1734432816305, 1734432816843, 1734432817258, 1734432817633, 1734432818049, 1734432818463, 1734432818863, 1734432819245, 1734432819675, 1734432820081, 1734432820474, 1734432820891, 1734432821253, 1734432821583, 1734432821930, 1734432822308, 1734432822648, 1734432822989, 1734432823356, 1734432823696, 1734432824057, 1734432824471, 1734432824836, 1734432825209, 1734432825596, 1734432825958, 1734432826366, 1734432827008, 1734432827414, 1734432827794, 1734432828167, 1734432828579, 1734432828970, 1734432829507, 1734432829910, 1734432830290, 1734432830678, 1734432831029, 1734432831429, 1734432831810, 1734432832381, 1734432832752, 1734432833137, 1734432833445, 1734432833763, 1734432834087, 1734432834404, 1734432834720, 1734432835016, 1734432835309, 1734432835613, 1734432835926, 1734432836234, 1734432836538, 1734432836884, 1734432837189, 1734432837485, 1734432837799, 1734432838113, 1734432838423, 1734432838735, 1734432839040, 1734432839339, 1734432839646, 1734432839961, 1734432840290, 1734432840631, 1734432840973, 1734432841298, 1734432841623, 1734432841953, 1734432842267, 1734432842797, 1734432843080, 1734432843383, 1734432843689, 1734432843978, 1734432844269, 1734432844607, 1734432844921, 1734432845239, 1734432845556, 1734432845867, 1734432846196, 1734432846497, 1734432847079, 1734432847398, 1734432847710, 1734432848060, 1734432848371, 1734432848726, 1734432849031, 1734432849336, 1734432849654, 1734432849965, 1734432850279, 1734432850882, 1734432851186, 1734432851495, 1734432851802, 1734432852087, 1734432852373, 1734432852896, 1734432853152, 1734432853520, 1734432853805, 1734432854206, 1734432854498, 1734432854788, 1734432855065, 1734432855338, 1734432855629, 1734432855902, 1734432856167, 1734432856428, 1734432856702, 1734432856994, 1734432857282, 1734432857556, 1734432857870, 1734432858163, 1734432858465, 1734432858751, 1734432859032, 1734432859323, 1734432859701, 1734432859930, 1734432860149, 1734432860389, 1734432860631, 1734432860872, 1734432861100, 1734432861325, 1734432861551, 1734432861780, 1734432861998, 1734432862219, 1734432862441, 1734432862664, 1734432862880, 1734432863115, 1734432863346, 1734432863590, 1734432863821, 1734432864055, 1734432864270, 1734432864511, 1734432864736, 1734432864952, 1734432865183, 1734432865404, 1734432865622, 
end timestamps: 1734432807174, 1734432808311, 1734432808952, 1734432809384, 1734432809766, 1734432810157, 1734432810509, 1734432810932, 1734432811113, 1734432811114, 1734432811699, 1734432812530, 1734432812899, 1734432813304, 1734432813723, 1734432814142, 1734432814844, 1734432815405, 1734432815907, 1734432816299, 1734432816529, 1734432816853, 1734432817033, 1734432817284, 1734432817929, 1734432818322, 1734432818724, 1734432819272, 1734432819687, 1734432820024, 1734432820468, 1734432821055, 1734432821055, 1734432821589, 1734432821956, 1734432822308, 1734432822996, 1734432823339, 1734432823437, 1734432824152, 1734432824630, 1734432825214, 1734432825288, 1734432825440, 1734432825803, 1734432826320, 1734432827412, 1734432827444, 1734432828154, 1734432828398, 1734432828573, 1734432828977, 1734432829326, 1734432829563, 1734432829563, 1734432829718, 1734432829918, 1734432830485, 1734432831273, 1734432831822, 1734432831874, 1734432832161, 1734432832471, 1734432832564, 1734432832628, 1734432832810, 1734432833157, 1734432833465, 1734432833903, 1734432834253, 1734432834719, 1734432835315, 1734432835622, 1734432836241, 1734432836556, 1734432836556, 1734432837209, 1734432837660, 1734432837963, 1734432838118, 1734432838506, 1734432838968, 1734432839292, 1734432840167, 1734432840492, 1734432840636, 1734432841214, 1734432841541, 1734432841901, 1734432841959, 1734432842238, 1734432842270, 1734432842798, 1734432843180, 1734432843694, 1734432844613, 1734432845025, 1734432845553, 1734432845553, 1734432845871, 1734432845908, 1734432846285, 1734432846512, 1734432847084, 1734432847223, 1734432847403, 1734432847572, 1734432847942, 1734432848066, 1734432848393, 1734432848723, 1734432849336, 1734432849535, 1734432849672, 1734432850135, 1734432850285, 1734432850887, 1734432851067, 1734432851497, 1734432851659, 1734432851659, 1734432851798, 1734432852352, 1734432852901, 1734432853525, 1734432853939, 1734432854211, 1734432854792, 1734432855067, 1734432855358, 1734432855630, 1734432856170, 1734432856257, 1734432856704, 1734432856752, 1734432857274, 1734432857602, 1734432858081, 1734432858169, 1734432858298, 1734432858577, 1734432858755, 1734432858880, 1734432858881, 1734432859050, 1734432859066, 1734432859237, 1734432859273, 1734432859291, 1734432859303, 1734432859439, 1734432859701, 1734432859779, 1734432860355, 1734432860820, 1734432860906, 1734432861343, 1734432861784, 1734432862446, 1734432862554, 1734432863118, 1734432863545, 1734432863776, 1734432864000, 1734432864274, 1734432864274, 1734432864512, 1734432864748, 1734432864975, 1734432865088, 
