
**********************************************************
ConnectDAWs File Logger | only the ConnectionManagerThread will write to this file to avoid blocking calls inside the audio thread.
Log started: 17 Dec 2024 12:42:25pm

Network Benchmark | start
size of start timestamps: 194
size of end timestamps: 194
latency: -23920, -23902, -23550, -23637, -23584, -23585, -23610, -23577, -23531, -23497, -23508, -23416, -23414, -23342, -23272, -23213, -23008, -22959, -22912, -22885, -22770, -22723, -22702, -22869, -22770, -22729, -22828, -21999, -22371, -22351, -22133, -22147, -22103, -22007, -22212, -22118, -20997, -20893, -20798, -20732, -20745, -21280, -21167, -20779, -20264, -20138, -20076, -20005, -20220, -20180, -20095, -20008, -19921, -19788, -19440, -19647, -19594, -19080, -18527, -18492, -18697, -18621, -18540, -18461, -18596, -18530, -18468, -18140, -18223, -18137, -17632, -17551, -17464, -17392, -17305, -17243, -17164, -17094, -17041, -16999, -17172, -16717, -16648, -16576, -16240, -16178, -16038, -15706, -15536, -15382, -15052, -14998, -14861, -14765, -14868, -14746, -14550, -14450, -14306, -13946, -13789, -13630, -13476, -13231, -13172, -13039, -13182, -12568, -12470, -12338, -12202, -12039, -11762, -11597, -11298, -11273, -11135, -10870, -10817, -10668, -10316, -10171, -10027, -9912, -9801, -9545, -9412, -9295, -9158, -8980, -8842, -8668, -8517, -8379, -8269, -7889, -7762, -7641, -7524, -7191, -7038, -6933, -6810, -6664, -6544, -6353, -6141, -5934, -5830, -5681, -5491, -5468, -5762, -5647, -5572, -5480, -5289, -5513, -5422, -5370, -5458, -5343, -5253, -4854, -4765, -4629, -4544, -4443, -4282, -4102, -4332, -4163, -4046, -3913, -3825, -3708, -3607, -3558, -3470, -3365, -2957, -2878, -2625, -2538, -2460, -2438, -2538, -2496, -2026, -1925, -1866, -1930, -1857, -1814, 
start timestamps: 1734435668303, 1734435668739, 1734435669228, 1734435669759, 1734435670146, 1734435670567, 1734435671026, 1734435671416, 1734435671802, 1734435672192, 1734435672638, 1734435673013, 1734435673463, 1734435673862, 1734435674258, 1734435674653, 1734435675077, 1734435675474, 1734435675883, 1734435676293, 1734435676686, 1734435677078, 1734435677491, 1734435678119, 1734435678513, 1734435678924, 1734435680117, 1734435680515, 1734435681345, 1734435681786, 1734435682200, 1734435682669, 1734435683079, 1734435683445, 1734435684159, 1734435684545, 1734435685517, 1734435685873, 1734435686239, 1734435686619, 1734435687081, 1734435688067, 1734435688447, 1734435688935, 1734435689310, 1734435689673, 1734435690069, 1734435690442, 1734435691172, 1734435691564, 1734435691908, 1734435692790, 1734435693167, 1734435693573, 1734435694023, 1734435694732, 1734435695109, 1734435695472, 1734435695831, 1734435696205, 1734435696809, 1734435697129, 1734435697452, 1734435697792, 1734435698367, 1734435698702, 1734435699031, 1734435699664, 1734435700158, 1734435700551, 1734435701213, 1734435701544, 1734435701877, 1734435702218, 1734435702552, 1734435702891, 1734435703221, 1734435703555, 1734435703901, 1734435704247, 1734435704845, 1734435705220, 1734435705542, 1734435705871, 1734435706207, 1734435706532, 1734435706810, 1734435707110, 1734435707384, 1734435707659, 1734435708004, 1734435708466, 1734435708762, 1734435709110, 1734435709652, 1734435709993, 1734435710281, 1734435710621, 1734435710924, 1734435711216, 1734435711510, 1734435711811, 1734435712106, 1734435712413, 1734435712784, 1734435713088, 1734435713658, 1734435713951, 1734435714336, 1734435714631, 1734435714932, 1734435715216, 1734435715540, 1734435715831, 1734435716506, 1734435716910, 1734435717232, 1734435717938, 1734435718333, 1734435718644, 1734435719434, 1734435719760, 1734435720392, 1734435720716, 1734435721053, 1734435721399, 1734435721727, 1734435722055, 1734435722386, 1734435722710, 1734435723034, 1734435723360, 1734435723687, 1734435724013, 1734435724354, 1734435724680, 1734435724997, 1734435725315, 1734435725645, 1734435725972, 1734435726286, 1734435726622, 1734435726946, 1734435727271, 1734435727619, 1734435727979, 1734435728334, 1734435728698, 1734435729053, 1734435729417, 1734435729778, 1734435730251, 1734435730999, 1734435731362, 1734435731746, 1734435732114, 1734435732550, 1734435733219, 1734435733565, 1734435733941, 1734435734474, 1734435734828, 1734435735185, 1734435735679, 1734435736032, 1734435736374, 1734435736735, 1734435737110, 1734435737482, 1734435737834, 1734435738532, 1734435739263, 1734435739598, 1734435739925, 1734435740259, 1734435740576, 1734435740908, 1734435741446, 1734435741761, 1734435742073, 1734435742607, 1734435742927, 1734435743531, 1734435743857, 1734435744174, 1734435744538, 1734435745033, 1734435745421, 1734435745778, 1734435746098, 1734435746471, 1734435746951, 1734435747275, 1734435747659, 
end timestamps: 1734435644383, 1734435644837, 1734435645678, 1734435646122, 1734435646562, 1734435646982, 1734435647416, 1734435647839, 1734435648271, 1734435648695, 1734435649130, 1734435649597, 1734435650049, 1734435650520, 1734435650986, 1734435651440, 1734435652069, 1734435652515, 1734435652971, 1734435653408, 1734435653916, 1734435654355, 1734435654789, 1734435655250, 1734435655743, 1734435656195, 1734435657289, 1734435658516, 1734435658974, 1734435659435, 1734435660067, 1734435660522, 1734435660976, 1734435661438, 1734435661947, 1734435662427, 1734435664520, 1734435664980, 1734435665441, 1734435665887, 1734435666336, 1734435666787, 1734435667280, 1734435668156, 1734435669046, 1734435669535, 1734435669993, 1734435670437, 1734435670952, 1734435671384, 1734435671813, 1734435672782, 1734435673246, 1734435673785, 1734435674583, 1734435675085, 1734435675515, 1734435676392, 1734435677304, 1734435677713, 1734435678112, 1734435678508, 1734435678912, 1734435679331, 1734435679771, 1734435680172, 1734435680563, 1734435681524, 1734435681935, 1734435682414, 1734435683581, 1734435683993, 1734435684413, 1734435684826, 1734435685247, 1734435685648, 1734435686057, 1734435686461, 1734435686860, 1734435687248, 1734435687673, 1734435688503, 1734435688894, 1734435689295, 1734435689967, 1734435690354, 1734435690772, 1734435691404, 1734435691848, 1734435692277, 1734435692952, 1734435693468, 1734435693901, 1734435694345, 1734435694784, 1734435695247, 1734435695731, 1734435696171, 1734435696618, 1734435697270, 1734435697721, 1734435698181, 1734435698630, 1734435699182, 1734435699612, 1734435700049, 1734435700476, 1734435701383, 1734435701866, 1734435702293, 1734435702730, 1734435703177, 1734435703778, 1734435704234, 1734435705208, 1734435705637, 1734435706097, 1734435707068, 1734435707516, 1734435707976, 1734435709118, 1734435709589, 1734435710365, 1734435710804, 1734435711252, 1734435711854, 1734435712315, 1734435712760, 1734435713228, 1734435713730, 1734435714192, 1734435714692, 1734435715170, 1734435715634, 1734435716085, 1734435716791, 1734435717235, 1734435717674, 1734435718121, 1734435718781, 1734435719248, 1734435719689, 1734435720136, 1734435720607, 1734435721075, 1734435721626, 1734435722193, 1734435722764, 1734435723223, 1734435723736, 1734435724287, 1734435724783, 1734435725237, 1734435725715, 1734435726174, 1734435726634, 1734435727261, 1734435727706, 1734435728143, 1734435728571, 1734435729016, 1734435729485, 1734435729932, 1734435730825, 1734435731267, 1734435731745, 1734435732191, 1734435732667, 1734435733200, 1734435733732, 1734435734200, 1734435735100, 1734435735552, 1734435736012, 1734435736434, 1734435736868, 1734435737301, 1734435737888, 1734435738291, 1734435738708, 1734435739650, 1734435740049, 1734435740906, 1734435741319, 1734435741714, 1734435742100, 1734435742495, 1734435742925, 1734435743752, 1734435744173, 1734435744605, 1734435745021, 1734435745418, 1734435745845, 
Plugin Outgoing Benchmark | start
size of start timestamps: 180
size of end timestamps: 172
latency: 423, 862, 882, 1036, 858, 436, 839, 431, 442, 465, 447, 446, 462, 706, 1088, 890, 486, 530, 1014, 956, 1333, 1756, 1950, 1869, 1458, 1697, 1427, 1799, 2158, 2524, 2635, 3004, 2710, 2299, 2278, 2041, 2378, 2213, 1893, 1855, 2085, 2557, 2754, 2933, 3361, 3814, 4023, 4469, 4067, 3639, 3149, 2697, 2282, 2268, 1917, 1864, 2242, 1829, 1407, 1816, 1824, 1334, 1795, 2705, 2710, 2301, 1784, 2118, 2472, 2465, 2058, 2224, 2164, 2249, 1586, 1753, 2007, 1998, 2020, 2050, 1903, 2103, 2091, 2384, 2050, 2084, 3271, 2864, 3082, 3508, 3684, 3698, 4174, 4288, 3380, 4287, 3847, 3787, 3849, 2972, 3281, 2343, 3041, 4065, 3604, 4119, 4161, 3855, 4298, 5207, 4779, 4798, 4274, 4304, 3441, 3367, 3105, 3886, 3631, 4092, 4153, 4297, 3864, 3886, 3298, 3500, 3479, 4401, 4410, 4417, 4236, 4792, 4487, 3868, 3967, 4913, 4102, 4119, 4434, 4566, 4387, 4063, 4429, 5203, 4736, 5103, 5504, 5806, 5545, 4694, 4697, 4232, 3811, 4206, 5084, 4519, 4951, 4972, 5002, 4489, 4137, 4047, 4042, 3992, 4015, 4601, 4643, 4506, 4514, 4105, 4523, 4526, 
start timestamps: 1734435643517, 1734435643517, 1734435643942, 1734435644212, 1734435644827, 1734435645695, 1734435646573, 1734435647849, 1734435648708, 1734435649189, 1734435649666, 1734435650274, 1734435650727, 1734435650935, 1734435650997, 1734435651635, 1734435652564, 1734435652986, 1734435652986, 1734435653483, 1734435653546, 1734435653582, 1734435653837, 1734435654368, 1734435655260, 1734435655503, 1734435656221, 1734435656279, 1734435656359, 1734435656447, 1734435656793, 1734435656896, 1734435657657, 1734435658520, 1734435658993, 1734435659689, 1734435659852, 1734435660534, 1734435661274, 1734435661746, 1734435661957, 1734435661957, 1734435662211, 1734435662486, 1734435662507, 1734435662507, 1734435662749, 1734435662749, 1734435663612, 1734435664517, 1734435665454, 1734435666357, 1734435667259, 1734435667719, 1734435668618, 1734435669545, 1734435670082, 1734435670962, 1734435671856, 1734435671895, 1734435672325, 1734435673248, 1734435673248, 1734435673248, 1734435673728, 1734435674591, 1734435675525, 1734435675995, 1734435676448, 1734435676901, 1734435677705, 1734435678509, 1734435678953, 1734435679273, 1734435680334, 1734435680571, 1734435680747, 1734435681153, 1734435681565, 1734435681955, 1734435682517, 1734435682736, 1734435683153, 1734435683261, 1734435684008, 1734435684417, 1734435684417, 1734435685253, 1734435685659, 1734435686067, 1734435687287, 1734435687724, 1734435688346, 1734435689187, 1734435690547, 1734435690982, 1734435691887, 1734435693027, 1734435693478, 1734435694793, 1734435694977, 1734435696367, 1734435696588, 1734435696857, 1734435697803, 1734435698183, 1734435699195, 1734435700486, 1734435700486, 1734435700963, 1734435701869, 1734435702929, 1734435703890, 1734435704363, 1734435705690, 1734435706214, 1734435707276, 1734435707519, 1734435708239, 1734435708677, 1734435709145, 1734435709936, 1734435710842, 1734435711273, 1734435712316, 1734435712847, 1734435713767, 1734435713924, 1734435714381, 1734435714836, 1734435715913, 1734435715913, 1734435716792, 1734435717866, 1734435718340, 1734435718361, 1734435719699, 1734435720223, 1734435720811, 1734435721205, 1734435721854, 1734435722773, 1734435723296, 1734435723859, 1734435724792, 1734435725298, 1734435725785, 1734435726382, 1734435727276, 1734435728583, 1734435729028, 1734435729944, 1734435730835, 1734435731355, 1734435731355, 1734435732346, 1734435732375, 1734435732756, 1734435733279, 1734435734211, 1734435735102, 1734435735612, 1734435736447, 1734435736906, 1734435737312, 1734435737890, 1734435738303, 1734435738839, 1734435739249, 1734435740083, 1734435740083, 1734435740493, 1734435742101, 1734435742529, 1734435742530, 1734435742955, 1734435742956, 1734435743772, 1734435744174, 1734435744244, 
end timestamps: 1734435643940, 1734435644379, 1734435644824, 1734435645248, 1734435645685, 1734435646131, 1734435647412, 1734435648280, 1734435649150, 1734435649654, 1734435650113, 1734435650720, 1734435651189, 1734435651641, 1734435652085, 1734435652525, 1734435653050, 1734435653516, 1734435654000, 1734435654439, 1734435654879, 1734435655338, 1734435655787, 1734435656237, 1734435656718, 1734435657200, 1734435657648, 1734435658078, 1734435658517, 1734435658971, 1734435659428, 1734435659900, 1734435660367, 1734435660819, 1734435661271, 1734435661730, 1734435662230, 1734435662747, 1734435663167, 1734435663601, 1734435664042, 1734435664514, 1734435664965, 1734435665419, 1734435665868, 1734435666321, 1734435666772, 1734435667218, 1734435667679, 1734435668156, 1734435668603, 1734435669054, 1734435669541, 1734435669987, 1734435670535, 1734435671409, 1734435672324, 1734435672791, 1734435673263, 1734435673711, 1734435674149, 1734435674582, 1734435675043, 1734435675953, 1734435676438, 1734435676892, 1734435677309, 1734435678113, 1734435678920, 1734435679366, 1734435679763, 1734435680733, 1734435681117, 1734435681522, 1734435681920, 1734435682324, 1734435682754, 1734435683151, 1734435683585, 1734435684005, 1734435684420, 1734435684839, 1734435685244, 1734435685645, 1734435686058, 1734435686501, 1734435687688, 1734435688117, 1734435688741, 1734435689575, 1734435690971, 1734435691422, 1734435692520, 1734435693475, 1734435693927, 1734435695269, 1734435695734, 1734435696814, 1734435697327, 1734435697765, 1734435698258, 1734435698710, 1734435699629, 1734435700922, 1734435701407, 1734435702302, 1734435703356, 1734435704341, 1734435704784, 1734435706170, 1734435706648, 1734435707727, 1734435708164, 1734435708667, 1734435709131, 1734435709581, 1734435710381, 1734435711405, 1734435711870, 1734435712769, 1734435713298, 1734435714233, 1734435714706, 1734435715159, 1734435715614, 1734435716347, 1734435717246, 1734435718325, 1734435718791, 1734435719253, 1734435720149, 1734435720705, 1734435721279, 1734435721734, 1734435722307, 1734435723274, 1734435723801, 1734435724342, 1734435725245, 1734435725771, 1734435726241, 1734435726836, 1734435727725, 1734435729062, 1734435729528, 1734435730401, 1734435731289, 1734435732188, 1734435732821, 1734435733277, 1734435733725, 1734435734176, 1734435734646, 1734435735561, 1734435736439, 1734435736865, 1734435737326, 1734435737728, 1734435738281, 1734435738700, 1734435739239, 1734435739659, 1734435740489, 1734435740898, 1734435741327, 1734435742491, 1734435742946, 1734435743345, 1734435743763, 1734435744188, 1734435744606, 1734435745019, 
Plugin Incoming Benchmark | start
size of start timestamps: 194
size of end timestamps: 168
latency: 885, 1294, 1318, 2161, 2576, 2622, 2681, 2855, 2884, 2660, 2299, 2490, 2962, 2920, 2462, 2489, 1917, 1499, 1319, 1393, 1843, 1584, 1862, 1480, 1065, 695, -29, -425, 2, 14, 83, 463, 748, 759, 467, -19, -1841, -2041, 467, 913, 1369, 1379, 1808, 1864, 1478, 1907, 2317, 1899, 1885, 2293, 1860, 923, 936, 1300, 1375, 1348, 1360, 947, 812, 1201, 1237, 1157, 1822, 1650, 1380, 1378, 1390, 830, 975, 721, 1, -326, 2, 2, -429, 0, 9, 6, 823, 860, 1066, 1069, 2042, 2085, 2311, 3057, 3122, 3821, 3569, 4516, 4067, 3831, 4330, 4256, 4847, 5697, 5215, 5228, 5695, 6113, 6618, 6628, 7505, 7499, 8086, 7889, 8176, 7753, 7707, 8067, 8539, 8540, 8959, 9067, 8982, 8713, 8742, 8187, 8840, 8395, 8124, 8731, 8416, 7991, 8891, 8816, 8941, 8888, 9085, 9474, 9562, 9625, 10091, 10122, 10148, 10035, 10484, 11342, 11351, 11618, 12042, 12101, 11664, 12194, 11765, 11586, 11544, 11902, 12334, 12337, 12643, 12564, 12524, 12645, 12585, 12662, 12412, 12820, 12372, 12347, 13527, 13507, 13043, 12552, 12129, 12482, 12425, 12043, 
start timestamps: 1734435643942, 1734435644401, 1734435645255, 1734435645688, 1734435646132, 1734435646567, 1734435646985, 1734435647419, 1734435647843, 1734435648275, 1734435648698, 1734435649145, 1734435649602, 1734435650066, 1734435650524, 1734435650994, 1734435651630, 1734435652083, 1734435652518, 1734435652975, 1734435653417, 1734435653919, 1734435654359, 1734435654799, 1734435655294, 1734435655752, 1734435656822, 1734435658082, 1734435658518, 1734435658979, 1734435659606, 1734435660071, 1734435660526, 1734435660987, 1734435661490, 1734435661976, 1734435664052, 1734435664527, 1734435664987, 1734435665444, 1734435665890, 1734435666340, 1734435666810, 1734435667681, 1734435668604, 1734435669055, 1734435669539, 1734435669996, 1734435670440, 1734435670955, 1734435671388, 1734435672325, 1734435672792, 1734435673291, 1734435674150, 1734435674647, 1734435675088, 1734435675954, 1734435676893, 1734435677308, 1734435677716, 1734435678116, 1734435678512, 1734435678921, 1734435679367, 1734435679775, 1734435680175, 1734435681125, 1734435681542, 1734435682015, 1734435683152, 1734435683587, 1734435684006, 1734435684415, 1734435684846, 1734435685253, 1734435685650, 1734435686061, 1734435686464, 1734435686864, 1734435687280, 1734435688118, 1734435688505, 1734435688897, 1734435689576, 1734435689970, 1734435690356, 1734435690972, 1734435691408, 1734435691851, 1734435692521, 1734435693026, 1734435693473, 1734435693927, 1734435694348, 1734435694789, 1734435695271, 1734435695735, 1734435696174, 1734435696816, 1734435697272, 1734435697735, 1734435698185, 1734435698715, 1734435699190, 1734435699630, 1734435700063, 1734435700924, 1734435701438, 1734435701869, 1734435702303, 1734435702733, 1734435703357, 1734435703780, 1734435704785, 1734435705211, 1734435705639, 1734435706649, 1734435707073, 1734435707518, 1734435708668, 1734435709135, 1734435709924, 1734435710370, 1734435710808, 1734435711407, 1734435711870, 1734435712318, 1734435712769, 1734435713299, 1734435713734, 1734435714234, 1734435714701, 1734435715176, 1734435715637, 1734435716347, 1734435716792, 1734435717241, 1734435717677, 1734435718326, 1734435718793, 1734435719254, 1734435719691, 1734435720152, 1734435720610, 1734435721170, 1734435721735, 1734435722309, 1734435722768, 1734435723275, 1734435723804, 1734435724342, 1734435724788, 1734435725245, 1734435725718, 1734435726177, 1734435726837, 1734435727263, 1734435727711, 1734435728146, 1734435728574, 1734435729022, 1734435729487, 1734435730403, 1734435730827, 1734435731290, 1734435731749, 1734435732201, 1734435732739, 1734435733278, 1734435733735, 1734435734647, 1734435735103, 1734435735561, 1734435736016, 1734435736457, 1734435736870, 1734435737475, 1734435737891, 1734435738303, 1734435739239, 1734435739660, 1734435740504, 1734435740912, 1734435741327, 1734435741718, 1734435742104, 1734435742507, 1734435743347, 1734435743764, 1734435744175, 1734435744607, 1734435745023, 1734435745421, 
end timestamps: 1734435644827, 1734435645695, 1734435646573, 1734435647849, 1734435648708, 1734435649189, 1734435649666, 1734435650274, 1734435650727, 1734435650935, 1734435650997, 1734435651635, 1734435652564, 1734435652986, 1734435652986, 1734435653483, 1734435653547, 1734435653582, 1734435653837, 1734435654368, 1734435655260, 1734435655503, 1734435656221, 1734435656279, 1734435656359, 1734435656447, 1734435656793, 1734435657657, 1734435658520, 1734435658993, 1734435659689, 1734435660534, 1734435661274, 1734435661746, 1734435661957, 1734435661957, 1734435662211, 1734435662486, 1734435665454, 1734435666357, 1734435667259, 1734435667719, 1734435668618, 1734435669545, 1734435670082, 1734435670962, 1734435671856, 1734435671895, 1734435672325, 1734435673248, 1734435673248, 1734435673248, 1734435673728, 1734435674591, 1734435675525, 1734435675995, 1734435676448, 1734435676901, 1734435677705, 1734435678509, 1734435678953, 1734435679273, 1734435680334, 1734435680571, 1734435680747, 1734435681153, 1734435681565, 1734435681955, 1734435682517, 1734435682736, 1734435683153, 1734435683261, 1734435684008, 1734435684417, 1734435684417, 1734435685253, 1734435685659, 1734435686067, 1734435687287, 1734435687724, 1734435688346, 1734435689187, 1734435690547, 1734435690982, 1734435691887, 1734435693027, 1734435693478, 1734435694793, 1734435694977, 1734435696367, 1734435696588, 1734435696857, 1734435697803, 1734435698183, 1734435699195, 1734435700486, 1734435700486, 1734435700963, 1734435701869, 1734435702929, 1734435703890, 1734435704363, 1734435705690, 1734435706214, 1734435707276, 1734435707519, 1734435708239, 1734435708677, 1734435709145, 1734435709936, 1734435710842, 1734435711273, 1734435712316, 1734435712847, 1734435713767, 1734435713924, 1734435714381, 1734435714836, 1734435715913, 1734435715913, 1734435716792, 1734435717866, 1734435718340, 1734435718361, 1734435719699, 1734435720223, 1734435720811, 1734435721206, 1734435721854, 1734435722773, 1734435723296, 1734435723859, 1734435724792, 1734435725298, 1734435725785, 1734435726382, 1734435727276, 1734435728583, 1734435729028, 1734435729944, 1734435730835, 1734435731355, 1734435731355, 1734435732346, 1734435732375, 1734435732756, 1734435733279, 1734435734211, 1734435735102, 1734435735612, 1734435736447, 1734435736906, 1734435737312, 1734435737890, 1734435738303, 1734435738839, 1734435739249, 1734435740083, 1734435740083, 1734435740493, 1734435742101, 1734435742529, 1734435742530, 1734435742955, 1734435742956, 1734435743772, 1734435744174, 1734435744244, 
