
**********************************************************
ConnectDAWs File Logger | only the ConnectionManagerThread will write to this file to avoid blocking calls inside the audio thread.
Log started: 17 Dec 2024 12:07:27pm

Network Benchmark | start
size of start timestamps: 211
size of end timestamps: 211
latency: 1591, 1593, 1661, 1714, 2087, 2257, 2408, 2431, 2293, 2242, 2299, 2349, 2338, 2681, 2626, 2606, 2571, 2623, 2674, 2712, 2799, 2758, 2930, 3026, 3241, 3300, 3294, 3295, 3532, 3530, 3660, 3596, 3927, 3860, 3788, 3762, 3798, 3937, 4019, 3925, 4077, 4031, 4141, 4215, 4192, 4325, 4473, 4660, 4721, 4789, 4896, 4805, 5120, 5296, 5210, 5236, 5294, 5381, 5369, 5417, 5480, 5672, 5656, 5751, 5925, 6000, 6057, 6064, 6008, 5987, 6002, 6065, 6104, 6113, 6036, 5997, 5933, 5901, 5852, 5861, 5892, 5808, 5933, 6059, 6037, 6005, 5831, 5706, 5782, 5562, 5368, 5348, 5266, 5233, 5160, 5018, 4925, 4790, 4847, 4751, 4685, 4743, 4711, 4670, 4592, 4528, 4482, 4393, 4383, 4237, 4170, 4270, 4236, 4200, 4221, 4167, 4048, 4047, 3941, 3774, 3710, 3569, 3448, 3369, 3145, 3054, 2949, 2941, 2742, 2630, 2693, 2600, 2504, 2535, 2500, 2447, 2335, 2292, 2298, 2326, 2351, 2352, 2362, 2329, 2218, 2186, 2188, 2089, 2025, 1989, 1934, 1862, 1772, 1720, 1637, 1579, 1464, 1399, 1338, 1283, 1218, 1163, 1117, 1082, 1046, 1028, 1007, 1005, 984, 941, 901, 872, 842, 827, 888, 833, 782, 728, 675, 624, 560, 537, 477, 438, 389, 333, 322, 275, 233, 193, 177, 129, 84, 6, -62, -97, -105, -132, -153, -157, -147, -115, -131, -174, -192, -228, -132, -86, -52, -12, -13, 
start timestamps: 1734433561343, 1734433561801, 1734433562191, 1734433562565, 1734433562943, 1734433563327, 1734433563675, 1734433564111, 1734433564660, 1734433565253, 1734433565634, 1734433565999, 1734433566373, 1734433566864, 1734433567318, 1734433567762, 1734433568375, 1734433568890, 1734433569303, 1734433569766, 1734433570311, 1734433570728, 1734433571314, 1734433571828, 1734433572323, 1734433572700, 1734433573115, 1734433573574, 1734433573980, 1734433574368, 1734433574747, 1734433575330, 1734433575694, 1734433576189, 1734433576676, 1734433577105, 1734433577565, 1734433578033, 1734433578376, 1734433578875, 1734433579293, 1734433579759, 1734433580101, 1734433580482, 1734433580877, 1734433581355, 1734433581797, 1734433582323, 1734433582800, 1734433583175, 1734433583511, 1734433584003, 1734433584398, 1734433584831, 1734433585365, 1734433585995, 1734433586428, 1734433586967, 1734433587411, 1734433587815, 1734433588321, 1734433588873, 1734433589325, 1734433589792, 1734433590175, 1734433590543, 1734433590911, 1734433591374, 1734433591844, 1734433592318, 1734433592763, 1734433593305, 1734433593717, 1734433594109, 1734433594593, 1734433595022, 1734433595452, 1734433595911, 1734433596480, 1734433596929, 1734433597322, 1734433597868, 1734433598413, 1734433598828, 1734433599270, 1734433599716, 1734433600271, 1734433600770, 1734433601174, 1734433601791, 1734433602406, 1734433602904, 1734433603536, 1734433604026, 1734433604509, 1734433605092, 1734433605653, 1734433606142, 1734433606646, 1734433607115, 1734433607575, 1734433608040, 1734433608592, 1734433609077, 1734433609553, 1734433610025, 1734433610497, 1734433610996, 1734433611465, 1734433612018, 1734433612566, 1734433613002, 1734433613463, 1734433613895, 1734433614341, 1734433614885, 1734433615392, 1734433615785, 1734433616321, 1734433616884, 1734433617343, 1734433617854, 1734433618362, 1734433618793, 1734433619355, 1734433619818, 1734433620271, 1734433620658, 1734433621182, 1734433621609, 1734433621982, 1734433622397, 1734433622804, 1734433623138, 1734433623501, 1734433623844, 1734433624256, 1734433624604, 1734433624971, 1734433625307, 1734433625647, 1734433625974, 1734433626320, 1734433626664, 1734433627085, 1734433627414, 1734433627746, 1734433628113, 1734433628462, 1734433628787, 1734433629114, 1734433629459, 1734433629871, 1734433630207, 1734433630567, 1734433630891, 1734433631275, 1734433631607, 1734433631933, 1734433632250, 1734433632576, 1734433632895, 1734433633211, 1734433633523, 1734433633817, 1734433634104, 1734433634399, 1734433634672, 1734433634960, 1734433635251, 1734433635555, 1734433635847, 1734433636142, 1734433636432, 1734433636726, 1734433637054, 1734433637360, 1734433637646, 1734433637930, 1734433638227, 1734433638520, 1734433638797, 1734433639095, 1734433639373, 1734433639662, 1734433639970, 1734433640255, 1734433640546, 1734433640841, 1734433641148, 1734433641448, 1734433641746, 1734433642042, 1734433642382, 1734433642697, 1734433642986, 1734433643268, 1734433643552, 1734433643837, 1734433644122, 1734433644385, 1734433644660, 1734433644941, 1734433645253, 1734433645546, 1734433645869, 1734433646171, 1734433646459, 1734433646771, 1734433647076, 1734433647443, 
end timestamps: 1734433562934, 1734433563394, 1734433563852, 1734433564279, 1734433565030, 1734433565584, 1734433566083, 1734433566542, 1734433566953, 1734433567495, 1734433567933, 1734433568348, 1734433568711, 1734433569545, 1734433569944, 1734433570368, 1734433570946, 1734433571513, 1734433571977, 1734433572478, 1734433573110, 1734433573486, 1734433574244, 1734433574854, 1734433575564, 1734433576000, 1734433576409, 1734433576869, 1734433577512, 1734433577898, 1734433578407, 1734433578926, 1734433579621, 1734433580049, 1734433580464, 1734433580867, 1734433581363, 1734433581970, 1734433582395, 1734433582800, 1734433583370, 1734433583790, 1734433584242, 1734433584697, 1734433585069, 1734433585680, 1734433586270, 1734433586983, 1734433587521, 1734433587964, 1734433588407, 1734433588808, 1734433589518, 1734433590127, 1734433590575, 1734433591231, 1734433591722, 1734433592348, 1734433592780, 1734433593232, 1734433593801, 1734433594545, 1734433594981, 1734433595543, 1734433596100, 1734433596543, 1734433596968, 1734433597438, 1734433597852, 1734433598305, 1734433598765, 1734433599370, 1734433599821, 1734433600222, 1734433600629, 1734433601019, 1734433601385, 1734433601812, 1734433602332, 1734433602790, 1734433603214, 1734433603676, 1734433604346, 1734433604887, 1734433605307, 1734433605721, 1734433606102, 1734433606476, 1734433606956, 1734433607353, 1734433607774, 1734433608252, 1734433608802, 1734433609259, 1734433609669, 1734433610110, 1734433610578, 1734433610932, 1734433611493, 1734433611866, 1734433612260, 1734433612783, 1734433613303, 1734433613747, 1734433614145, 1734433614553, 1734433614979, 1734433615389, 1734433615848, 1734433616255, 1734433616736, 1734433617272, 1734433617699, 1734433618095, 1734433618562, 1734433619052, 1734433619440, 1734433619832, 1734433620262, 1734433620658, 1734433621053, 1734433621423, 1734433621810, 1734433622162, 1734433622500, 1734433622872, 1734433623220, 1734433623599, 1734433623924, 1734433624239, 1734433624675, 1734433624997, 1734433625308, 1734433625673, 1734433626001, 1734433626291, 1734433626591, 1734433626896, 1734433627269, 1734433627633, 1734433627998, 1734433628326, 1734433628682, 1734433628993, 1734433629303, 1734433629600, 1734433629934, 1734433630202, 1734433630487, 1734433630776, 1734433631048, 1734433631321, 1734433631643, 1734433631927, 1734433632204, 1734433632470, 1734433632739, 1734433633006, 1734433633271, 1734433633533, 1734433633794, 1734433634058, 1734433634328, 1734433634605, 1734433634863, 1734433635132, 1734433635406, 1734433635677, 1734433635944, 1734433636192, 1734433636456, 1734433636719, 1734433636984, 1734433637259, 1734433637614, 1734433637887, 1734433638142, 1734433638374, 1734433638605, 1734433638851, 1734433639080, 1734433639334, 1734433639572, 1734433639811, 1734433640051, 1734433640303, 1734433640577, 1734433640821, 1734433641074, 1734433641341, 1734433641625, 1734433641875, 1734433642126, 1734433642388, 1734433642635, 1734433642889, 1734433643163, 1734433643420, 1734433643684, 1734433643965, 1734433644238, 1734433644545, 1734433644810, 1734433645079, 1734433645354, 1734433645641, 1734433646039, 1734433646373, 1734433646719, 1734433647064, 1734433647430, 
Plugin Outgoing Benchmark | start
size of start timestamps: 245
size of end timestamps: 226
latency: 429, 757, 866, 1226, 1190, 1317, 1532, 1917, 2042, 1960, 2133, 2016, 2089, 2190, 2235, 2504, 2682, 2873, 2917, 2974, 3245, 3374, 3411, 3760, 3646, 3787, 3958, 4167, 4340, 4828, 5345, 5658, 5711, 5550, 5770, 5520, 5733, 5699, 5665, 5730, 6172, 6180, 6070, 5750, 5802, 5612, 5766, 5769, 5718, 6131, 6169, 6079, 6254, 6265, 6298, 6475, 6577, 6694, 6590, 6813, 6837, 6815, 6859, 6932, 6952, 7122, 6857, 7289, 7412, 7105, 7306, 7291, 6794, 6983, 6988, 7241, 7487, 7428, 7080, 7165, 6809, 6946, 7422, 7271, 7237, 7094, 6930, 6919, 6773, 6774, 6351, 5922, 6074, 6444, 6305, 6512, 6504, 6500, 6795, 6792, 6688, 6766, 6793, 6975, 7057, 7041, 6961, 7107, 6831, 7158, 7185, 7117, 6680, 6772, 6891, 6846, 6727, 6589, 6915, 7087, 6943, 6580, 6538, 6505, 6925, 7122, 7044, 7133, 7142, 7283, 7263, 7217, 7174, 7148, 6979, 6885, 6868, 7248, 7286, 7310, 7253, 7254, 7163, 6995, 6834, 6842, 6735, 6569, 6516, 6416, 6339, 6281, 6235, 6215, 6069, 5908, 6210, 6111, 6305, 6322, 6246, 6160, 6187, 5915, 5954, 5944, 5891, 5687, 5742, 5466, 5694, 5669, 5487, 5391, 5285, 5293, 5322, 5164, 5166, 4878, 5015, 5119, 4993, 5083, 4974, 4954, 4899, 5026, 5010, 5034, 5005, 4993, 4717, 4568, 4577, 4698, 4731, 4854, 4842, 4724, 4576, 4672, 4619, 4688, 4635, 4595, 4662, 4693, 4702, 4583, 4690, 4471, 4610, 4493, 4618, 4712, 4826, 4901, 4869, 4956, 4976, 5036, 5194, 5233, 5155, 5221, 
start timestamps: 1734433562501, 1734433562603, 1734433562937, 1734433562985, 1734433563389, 1734433563720, 1734433563882, 1734433563882, 1734433564225, 1734433564731, 1734433564958, 1734433565587, 1734433565923, 1734433566223, 1734433566544, 1734433566640, 1734433566926, 1734433567177, 1734433567620, 1734433567951, 1734433568071, 1734433568336, 1734433568712, 1734433568764, 1734433569284, 1734433569551, 1734433569839, 1734433570052, 1734433570377, 1734433570423, 1734433570423, 1734433570556, 1734433570953, 1734433571522, 1734433571721, 1734433572352, 1734433572555, 1734433573048, 1734433573543, 1734433573924, 1734433573924, 1734433574277, 1734433574749, 1734433575451, 1734433575798, 1734433576413, 1734433576696, 1734433577083, 1734433577520, 1734433577520, 1734433577964, 1734433578540, 1734433578761, 1734433579218, 1734433579709, 1734433580110, 1734433580486, 1734433580822, 1734433581394, 1734433581638, 1734433582026, 1734433582471, 1734433582884, 1734433583405, 1734433583919, 1734433584273, 1734433585082, 1734433585135, 1734433585515, 1734433586301, 1734433586601, 1734433587080, 1734433588064, 1734433588342, 1734433588829, 1734433589057, 1734433589316, 1734433589803, 1734433590585, 1734433590888, 1734433591638, 1734433591942, 1734433591942, 1734433592503, 1734433592930, 1734433593443, 1734433594023, 1734433594403, 1734433594939, 1734433595327, 1734433596119, 1734433596953, 1734433597245, 1734433597246, 1734433597861, 1734433598083, 1734433598457, 1734433598925, 1734433599021, 1734433599497, 1734433599986, 1734433600322, 1734433600753, 1734433601030, 1734433601396, 1734433601820, 1734433602296, 1734433602561, 1734433603232, 1734433603347, 1734433603693, 1734433604197, 1734433605042, 1734433605331, 1734433605659, 1734433606113, 1734433606685, 1734433607212, 1734433607266, 1734433607548, 1734433608062, 1734433608822, 1734433609265, 1734433609678, 1734433609729, 1734433610065, 1734433610608, 1734433610907, 1734433611373, 1734433611736, 1734433612123, 1734433612553, 1734433612961, 1734433613414, 1734433613965, 1734433614427, 1734433614791, 1734433614792, 1734433615089, 1734433615425, 1734433615874, 1734433616266, 1734433616717, 1734433617189, 1734433617712, 1734433618050, 1734433618524, 1734433619062, 1734433619448, 1734433619841, 1734433620228, 1734433620590, 1734433620953, 1734433621322, 1734433621818, 1734433622314, 1734433622314, 1734433622730, 1734433622882, 1734433623217, 1734433623574, 1734433623932, 1734433624200, 1734433624782, 1734433625007, 1734433625316, 1734433625640, 1734433626116, 1734433626327, 1734433626872, 1734433626904, 1734433627201, 1734433627640, 1734433628008, 1734433628371, 1734433628624, 1734433628863, 1734433629288, 1734433629549, 1734433630100, 1734433630227, 1734433630396, 1734433630783, 1734433630962, 1734433631329, 1734433631614, 1734433631934, 1734433632079, 1734433632364, 1734433632604, 1734433632897, 1734433633158, 1734433633676, 1734433634059, 1734433634296, 1734433634405, 1734433634612, 1734433634735, 1734433634986, 1734433635345, 1734433635744, 1734433635888, 1734433636198, 1734433636373, 1734433636679, 1734433636989, 1734433637172, 1734433637392, 1734433637640, 1734433638009, 1734433638152, 1734433638609, 1734433638724, 1734433639103, 1734433639250, 1734433639433, 1734433639629, 1734433639830, 1734433640133, 1734433640321, 1734433640569, 1734433640896, 1734433641062, 1734433641342, 1734433641835, 1734433642131, 1734433642131, 1734433642231, 1734433642395, 1734433642927, 1734433643178, 1734433643345, 1734433643514, 1734433643686, 1734433643944, 1734433644373, 1734433644550, 1734433644830, 1734433645004, 1734433645439, 1734433645546, 1734433646000, 1734433646358, 1734433646358, 1734433646577, 
end timestamps: 1734433562930, 1734433563360, 1734433563803, 1734433564211, 1734433564579, 1734433565037, 1734433565414, 1734433565799, 1734433566267, 1734433566691, 1734433567091, 1734433567603, 1734433568012, 1734433568413, 1734433568779, 1734433569144, 1734433569608, 1734433570050, 1734433570537, 1734433570925, 1734433571316, 1734433571710, 1734433572123, 1734433572524, 1734433572930, 1734433573338, 1734433573797, 1734433574219, 1734433574717, 1734433575251, 1734433575768, 1734433576214, 1734433576664, 1734433577072, 1734433577491, 1734433577872, 1734433578288, 1734433578747, 1734433579208, 1734433579654, 1734433580096, 1734433580457, 1734433580819, 1734433581201, 1734433581600, 1734433582025, 1734433582462, 1734433582852, 1734433583238, 1734433583651, 1734433584133, 1734433584619, 1734433585015, 1734433585483, 1734433586007, 1734433586585, 1734433587063, 1734433587516, 1734433587984, 1734433588451, 1734433588863, 1734433589286, 1734433589743, 1734433590337, 1734433590871, 1734433591395, 1734433591939, 1734433592424, 1734433592927, 1734433593406, 1734433593907, 1734433594371, 1734433594858, 1734433595325, 1734433595817, 1734433596298, 1734433596803, 1734433597231, 1734433597665, 1734433598053, 1734433598447, 1734433598888, 1734433599364, 1734433599774, 1734433600167, 1734433600537, 1734433600953, 1734433601322, 1734433601712, 1734433602101, 1734433602470, 1734433602875, 1734433603319, 1734433603690, 1734433604166, 1734433604595, 1734433604961, 1734433605425, 1734433605816, 1734433606289, 1734433606674, 1734433607088, 1734433607546, 1734433608005, 1734433608453, 1734433608861, 1734433609257, 1734433609668, 1734433610063, 1734433610505, 1734433610878, 1734433611314, 1734433611722, 1734433612103, 1734433612550, 1734433612959, 1734433613412, 1734433613801, 1734433614181, 1734433614635, 1734433615005, 1734433615402, 1734433615803, 1734433616183, 1734433616654, 1734433617187, 1734433617652, 1734433618040, 1734433618515, 1734433619019, 1734433619386, 1734433619770, 1734433620135, 1734433620562, 1734433620944, 1734433621312, 1734433621659, 1734433622040, 1734433622375, 1734433622735, 1734433623127, 1734433623520, 1734433623880, 1734433624184, 1734433624546, 1734433624892, 1734433625259, 1734433625631, 1734433625964, 1734433626257, 1734433626567, 1734433626871, 1734433627188, 1734433627537, 1734433627887, 1734433628222, 1734433628524, 1734433628841, 1734433629187, 1734433629539, 1734433629820, 1734433630092, 1734433630387, 1734433630697, 1734433630961, 1734433631260, 1734433631531, 1734433631803, 1734433632069, 1734433632338, 1734433632598, 1734433632870, 1734433633127, 1734433633399, 1734433633656, 1734433633917, 1734433634185, 1734433634452, 1734433634715, 1734433634978, 1734433635242, 1734433635515, 1734433635776, 1734433636045, 1734433636303, 1734433636568, 1734433636833, 1734433637105, 1734433637374, 1734433637638, 1734433637902, 1734433638151, 1734433638393, 1734433638627, 1734433638873, 1734433639103, 1734433639343, 1734433639589, 1734433639828, 1734433640069, 1734433640320, 1734433640560, 1734433640817, 1734433641061, 1734433641314, 1734433641584, 1734433641834, 1734433642085, 1734433642342, 1734433642592, 1734433642842, 1734433643080, 1734433643334, 1734433643596, 1734433643868, 1734433644145, 1734433644455, 1734433644731, 1734433645002, 1734433645277, 1734433645545, 1734433645932, 1734433646256, 1734433646575, 1734433646990, 1734433647352, 
Plugin Incoming Benchmark | start
size of start timestamps: 212
size of end timestamps: 220
latency: 461, 742, 434, -20, 150, 553, 337, 137, -3, 60, 122, 15, 359, -401, 2, 105, -179, -129, -17, -8, -189, 430, -224, -109, -267, 29, 17, -82, -194, -4, -450, -589, -622, -640, -376, -416, -521, -539, -595, -420, -437, -589, -977, -841, -780, -979, -639, -1437, -1275, -1224, -896, -345, -706, -697, -1075, -951, -1107, -1265, -718, -1007, -812, -1082, -1293, -1149, -990, -1024, -966, -852, -490, -637, -1084, -1017, -1290, -1366, -1299, -1135, -1035, -1065, -1091, -1306, -1397, -1415, -1301, -1592, -1658, -1626, -681, -773, -1079, -850, -708, -586, -1094, -1304, -1214, -1447, -1372, -1320, -1384, -1357, -1261, -1195, -1166, -1183, -1464, -1193, -1143, -1207, -967, -1060, -1466, -1649, -1885, -1827, -1830, -1803, -1624, -1731, -1675, -2106, -2091, -1995, -1979, -1972, -1721, -1834, -1553, -1404, -1769, -1613, -1929, -1949, -2118, -1737, -2059, -2071, -2034, -1812, -1897, -1955, -1844, -1884, -2002, -1818, -2093, -1808, -1962, -1929, -1836, -1625, -1711, -1500, -1631, -1544, -1703, -1682, -1689, -1682, -1949, -1945, -1883, -1861, -1698, -1727, -1711, -1708, -1756, -1738, -1621, -1650, -1789, -1847, -1735, -1850, -2211, -2117, -2146, -1946, -2003, -1929, -2084, -2092, -1978, -1934, -1804, -1901, -1712, -1856, -1964, -2218, -2248, -2194, -2296, -2298, -2257, -2317, -2280, -2269, -2341, -2347, -2135, -2109, -2415, -2581, -2693, -2429, -2465, -2696, -2861, -2957, -3090, -3059, 
start timestamps: 1734433562476, 1734433562978, 1734433563448, 1734433563902, 1734433564581, 1734433565034, 1734433565586, 1734433566086, 1734433566547, 1734433567117, 1734433567498, 1734433567936, 1734433568353, 1734433569165, 1734433569549, 1734433569947, 1734433570556, 1734433571082, 1734433571539, 1734433572042, 1734433572695, 1734433573113, 1734433573810, 1734433574386, 1734433575137, 1734433575568, 1734433576004, 1734433576495, 1734433577073, 1734433577524, 1734433577970, 1734433578553, 1734433579162, 1734433579623, 1734433580085, 1734433580501, 1734433581007, 1734433581520, 1734433581989, 1734433582446, 1734433582908, 1734433583420, 1734433583808, 1734433584246, 1734433584699, 1734433585252, 1734433585721, 1734433586572, 1734433586988, 1734433587525, 1734433587976, 1734433588409, 1734433589048, 1734433589526, 1734433590132, 1734433590754, 1734433591248, 1734433591850, 1734433592356, 1734433592782, 1734433593315, 1734433594012, 1734433594548, 1734433594984, 1734433595546, 1734433596103, 1734433596546, 1734433596971, 1734433597443, 1734433597882, 1734433598330, 1734433598878, 1734433599373, 1734433599823, 1734433600224, 1734433600632, 1734433601021, 1734433601387, 1734433601844, 1734433602336, 1734433602793, 1734433603235, 1734433603862, 1734433604446, 1734433604890, 1734433605319, 1734433605723, 1734433606104, 1734433606480, 1734433606963, 1734433607393, 1734433607798, 1734433608360, 1734433608816, 1734433609276, 1734433609739, 1734433610194, 1734433610585, 1734433611062, 1734433611495, 1734433611869, 1734433612263, 1734433612902, 1734433613306, 1734433613750, 1734433614154, 1734433614557, 1734433614983, 1734433615394, 1734433615851, 1734433616258, 1734433616738, 1734433617310, 1734433617701, 1734433618096, 1734433618565, 1734433619057, 1734433619443, 1734433619835, 1734433620266, 1734433620665, 1734433621057, 1734433621427, 1734433621813, 1734433622165, 1734433622504, 1734433622875, 1734433623222, 1734433623604, 1734433623927, 1734433624243, 1734433624679, 1734433625000, 1734433625311, 1734433625677, 1734433626003, 1734433626295, 1734433626594, 1734433626904, 1734433627271, 1734433627637, 1734433628000, 1734433628329, 1734433628690, 1734433628997, 1734433629306, 1734433629602, 1734433629937, 1734433630207, 1734433630489, 1734433630779, 1734433631049, 1734433631323, 1734433631644, 1734433631930, 1734433632206, 1734433632472, 1734433632741, 1734433633008, 1734433633274, 1734433633537, 1734433633795, 1734433634062, 1734433634331, 1734433634608, 1734433634866, 1734433635135, 1734433635414, 1734433635680, 1734433635946, 1734433636194, 1734433636459, 1734433636721, 1734433636989, 1734433637351, 1734433637616, 1734433637890, 1734433638144, 1734433638376, 1734433638608, 1734433638853, 1734433639081, 1734433639337, 1734433639574, 1734433639813, 1734433640053, 1734433640321, 1734433640580, 1734433640824, 1734433641078, 1734433641351, 1734433641627, 1734433641878, 1734433642128, 1734433642390, 1734433642638, 1734433642920, 1734433643165, 1734433643422, 1734433643689, 1734433643970, 1734433644240, 1734433644546, 1734433644812, 1734433645088, 1734433645356, 1734433645643, 1734433646041, 1734433646375, 1734433646721, 1734433647067, 1734433647432, 
end timestamps: 1734433562937, 1734433563720, 1734433563882, 1734433563882, 1734433564731, 1734433565587, 1734433565923, 1734433566223, 1734433566544, 1734433567177, 1734433567620, 1734433567951, 1734433568712, 1734433568764, 1734433569551, 1734433570052, 1734433570377, 1734433570953, 1734433571522, 1734433572034, 1734433572506, 1734433573543, 1734433573586, 1734433574277, 1734433574870, 1734433575597, 1734433576021, 1734433576413, 1734433576879, 1734433577520, 1734433577520, 1734433577964, 1734433578540, 1734433578983, 1734433579709, 1734433580085, 1734433580486, 1734433580981, 1734433581394, 1734433582026, 1734433582471, 1734433582831, 1734433582831, 1734433583405, 1734433583919, 1734433584273, 1734433585082, 1734433585135, 1734433585713, 1734433586301, 1734433587080, 1734433588064, 1734433588342, 1734433588829, 1734433589057, 1734433589803, 1734433590141, 1734433590585, 1734433591638, 1734433591775, 1734433592503, 1734433592930, 1734433593255, 1734433593835, 1734433594556, 1734433595079, 1734433595580, 1734433596119, 1734433596953, 1734433597245, 1734433597246, 1734433597861, 1734433598083, 1734433598457, 1734433598925, 1734433599497, 1734433599986, 1734433600322, 1734433600753, 1734433601030, 1734433601396, 1734433601820, 1734433602561, 1734433602854, 1734433603232, 1734433603693, 1734433605042, 1734433605331, 1734433605401, 1734433606113, 1734433606685, 1734433607212, 1734433607266, 1734433607512, 1734433608062, 1734433608292, 1734433608822, 1734433609265, 1734433609678, 1734433610138, 1734433610608, 1734433611068, 1734433611736, 1734433612123, 1734433612286, 1734433612961, 1734433613414, 1734433613776, 1734433614427, 1734433614791, 1734433614792, 1734433615089, 1734433615425, 1734433615874, 1734433616266, 1734433616762, 1734433617433, 1734433617712, 1734433618160, 1734433618160, 1734433618574, 1734433619062, 1734433619448, 1734433619841, 1734433620444, 1734433620670, 1734433621322, 1734433621818, 1734433621835, 1734433622314, 1734433622314, 1734433622730, 1734433622882, 1734433623574, 1734433623618, 1734433623932, 1734433624261, 1734433624782, 1734433625007, 1734433625316, 1734433625793, 1734433626116, 1734433626327, 1734433626872, 1734433626904, 1734433627498, 1734433627640, 1734433628008, 1734433628371, 1734433628864, 1734433629068, 1734433629549, 1734433629692, 1734433630100, 1734433630227, 1734433630524, 1734433630783, 1734433631059, 1734433631059, 1734433631329, 1734433631654, 1734433631934, 1734433632364, 1734433632604, 1734433632897, 1734433633158, 1734433633379, 1734433633676, 1734433634059, 1734433634296, 1734433634405, 1734433634612, 1734433634986, 1734433635139, 1734433635140, 1734433635499, 1734433635744, 1734433636198, 1734433636373, 1734433636679, 1734433636769, 1734433636989, 1734433637359, 1734433637640, 1734433638009, 1734433638152, 1734433638609, 1734433638724, 1734433638860, 1734433638860, 1734433639103, 1734433639433, 1734433639582, 1734433639830, 1734433640133, 1734433640321, 1734433640640, 1734433640896, 1734433641081, 1734433641342, 1734433641835, 1734433642131, 1734433642131, 1734433642231, 1734433642395, 1734433642927, 1734433643178, 1734433643345, 1734433643514, 1734433643764, 1734433643977, 1734433644373, 1734433644550, 1734433644830, 1734433645135, 1734433645439, 1734433645787, 1734433646358, 1734433646358, 1734433646577, 
