
**********************************************************
ConnectDAWs File Logger | only the ConnectionManagerThread will write to this file to avoid blocking calls inside the audio thread.
Log started: 17 Dec 2024 12:33:12pm

Network Benchmark | start
size of start timestamps: 224
size of end timestamps: 224
latency: 31324, 31151, 31255, 31096, 31049, 30913, 30737, 30576, 30405, 30305, 30210, 30043, 29862, 29706, 29396, 29228, 28877, 28834, 28657, 28578, 28483, 28518, 28393, 28299, 27840, 27642, 27375, 27287, 27207, 27110, 27049, 26947, 26829, 26730, 26699, 26673, 26461, 26392, 26294, 26108, 26005, 26138, 26068, 25878, 25756, 25627, 25228, 25127, 25058, 25102, 25046, 24975, 24862, 24781, 24991, 24923, 24875, 24919, 24821, 24706, 24817, 24821, 24662, 24548, 24437, 24347, 24217, 24075, 23771, 23647, 23686, 23534, 23438, 23198, 23018, 22838, 22697, 22758, 22475, 22290, 22130, 22025, 21821, 21702, 21481, 21364, 21194, 21016, 20849, 20671, 20442, 20260, 19909, 19783, 19594, 19409, 19311, 19104, 18878, 18629, 18358, 18006, 17761, 17532, 17293, 17069, 16841, 16649, 16457, 16283, 16076, 15847, 15159, 14865, 14627, 14395, 14347, 14133, 13930, 13716, 13529, 13302, 13051, 12781, 12465, 12151, 11861, 11751, 11448, 11014, 10711, 10472, 10206, 9946, 9225, 8964, 8680, 8389, 8039, 7774, 7504, 7242, 6788, 6213, 5996, 5698, 5443, 5194, 4920, 4677, 4388, 4119, 3806, 3505, 3223, 3062, 2843, 2640, 2521, 2310, 2091, 1857, 1624, 1392, 1166, 965, 872, 489, -318, -582, -840, -1074, -1760, -2152, -2326, -2920, -3214, -3454, -3495, -3667, -3862, -4581, -4783, -5115, -5412, -5920, -6179, -6374, -6665, -6871, -7130, -7344, -7384, -7545, -8140, -8339, -8620, -9189, -9394, -9617, -9843, -10017, -10288, -10636, -10841, -11020, -11205, -11321, -11467, -11648, -11771, -11730, -11918, -12143, -12277, -12407, -12565, -12990, -13174, -13354, -13515, -13698, -13865, -13959, 
start timestamps: 1734435092596, 1734435093060, 1734435093526, 1734435093956, 1734435094405, 1734435094840, 1734435095307, 1734435095761, 1734435096241, 1734435096699, 1734435097181, 1734435097651, 1734435098136, 1734435098608, 1734435099221, 1734435099700, 1734435100390, 1734435100832, 1734435101330, 1734435101756, 1734435102189, 1734435102610, 1734435103059, 1734435103480, 1734435104257, 1734435104794, 1734435106013, 1734435106437, 1734435106859, 1734435107287, 1734435107699, 1734435108131, 1734435108580, 1734435108998, 1734435109408, 1734435109943, 1734435110932, 1734435111348, 1734435111795, 1734435112329, 1734435112746, 1734435113265, 1734435113670, 1734435114197, 1734435114619, 1734435115063, 1734435115822, 1734435116270, 1734435116658, 1734435117085, 1734435117597, 1734435118041, 1734435118535, 1734435119080, 1734435119529, 1734435120004, 1734435120523, 1734435121043, 1734435121564, 1734435122056, 1734435122540, 1734435123015, 1734435123518, 1734435124017, 1734435124501, 1734435124957, 1734435125432, 1734435125873, 1734435126463, 1734435126900, 1734435127323, 1734435127805, 1734435128253, 1734435128783, 1734435129303, 1734435129773, 1734435130203, 1734435130656, 1734435131231, 1734435131704, 1734435132133, 1734435132566, 1734435133071, 1734435133515, 1734435134039, 1734435134491, 1734435134957, 1734435135444, 1734435135911, 1734435136395, 1734435136918, 1734435137385, 1734435138030, 1734435138501, 1734435138979, 1734435139444, 1734435139883, 1734435140354, 1734435140862, 1734435141374, 1734435141896, 1734435142489, 1734435142969, 1734435143442, 1734435143922, 1734435144393, 1734435144869, 1734435145335, 1734435145778, 1734435146242, 1734435146708, 1734435147183, 1734435148135, 1734435148690, 1734435149183, 1734435149674, 1734435150180, 1734435150668, 1734435151144, 1734435151623, 1734435152115, 1734435152622, 1734435153176, 1734435153699, 1734435154234, 1734435154776, 1734435155299, 1734435155839, 1734435156366, 1734435157027, 1734435157561, 1734435158044, 1734435158531, 1734435159099, 1734435160109, 1734435160609, 1734435161113, 1734435161622, 1734435162220, 1734435162713, 1734435163202, 1734435163671, 1734435164361, 1734435165153, 1734435165607, 1734435166115, 1734435166598, 1734435167057, 1734435167546, 1734435167999, 1734435168508, 1734435168983, 1734435169513, 1734435170023, 1734435170501, 1734435170914, 1734435171328, 1734435171727, 1734435172152, 1734435172571, 1734435172993, 1734435173417, 1734435173854, 1734435174291, 1734435174727, 1734435175144, 1734435175566, 1734435176199, 1734435177194, 1734435177654, 1734435178092, 1734435178509, 1734435179402, 1734435179982, 1734435180408, 1734435181237, 1734435181838, 1734435182271, 1734435182699, 1734435183155, 1734435183570, 1734435184475, 1734435184854, 1734435185357, 1734435186164, 1734435186858, 1734435187320, 1734435187701, 1734435188284, 1734435188661, 1734435189112, 1734435189498, 1734435189877, 1734435190254, 1734435191030, 1734435191406, 1734435192022, 1734435192997, 1734435193427, 1734435193837, 1734435194250, 1734435194663, 1734435195109, 1734435195659, 1734435196067, 1734435196465, 1734435196856, 1734435197220, 1734435197650, 1734435198047, 1734435198409, 1734435198787, 1734435199165, 1734435199584, 1734435199910, 1734435200239, 1734435200584, 1734435201202, 1734435201596, 1734435201974, 1734435202330, 1734435202721, 1734435203070, 1734435203406, 
end timestamps: 1734435123920, 1734435124211, 1734435124781, 1734435125052, 1734435125454, 1734435125753, 1734435126044, 1734435126337, 1734435126646, 1734435127004, 1734435127391, 1734435127694, 1734435127998, 1734435128314, 1734435128617, 1734435128928, 1734435129267, 1734435129666, 1734435129987, 1734435130334, 1734435130672, 1734435131128, 1734435131452, 1734435131779, 1734435132097, 1734435132436, 1734435133388, 1734435133724, 1734435134066, 1734435134397, 1734435134748, 1734435135078, 1734435135409, 1734435135728, 1734435136107, 1734435136616, 1734435137393, 1734435137740, 1734435138089, 1734435138437, 1734435138751, 1734435139403, 1734435139738, 1734435140075, 1734435140375, 1734435140690, 1734435141050, 1734435141397, 1734435141716, 1734435142187, 1734435142643, 1734435143016, 1734435143397, 1734435143861, 1734435144520, 1734435144927, 1734435145398, 1734435145962, 1734435146385, 1734435146762, 1734435147357, 1734435147836, 1734435148180, 1734435148565, 1734435148938, 1734435149304, 1734435149649, 1734435149948, 1734435150234, 1734435150547, 1734435151009, 1734435151339, 1734435151691, 1734435151981, 1734435152321, 1734435152611, 1734435152900, 1734435153414, 1734435153706, 1734435153994, 1734435154263, 1734435154591, 1734435154892, 1734435155217, 1734435155520, 1734435155855, 1734435156151, 1734435156460, 1734435156760, 1734435157066, 1734435157360, 1734435157645, 1734435157939, 1734435158284, 1734435158573, 1734435158853, 1734435159194, 1734435159458, 1734435159740, 1734435160003, 1734435160254, 1734435160495, 1734435160730, 1734435160974, 1734435161215, 1734435161462, 1734435161710, 1734435161984, 1734435162235, 1734435162525, 1734435162784, 1734435163030, 1734435163294, 1734435163555, 1734435163810, 1734435164069, 1734435164527, 1734435164801, 1734435165074, 1734435165339, 1734435165644, 1734435165924, 1734435166227, 1734435166480, 1734435166699, 1734435166927, 1734435167160, 1734435167590, 1734435167814, 1734435168041, 1734435168272, 1734435168516, 1734435168737, 1734435169045, 1734435169334, 1734435169573, 1734435169793, 1734435170011, 1734435170259, 1734435170487, 1734435170706, 1734435170913, 1734435171149, 1734435171366, 1734435171603, 1734435171813, 1734435172041, 1734435172251, 1734435172466, 1734435172676, 1734435172896, 1734435173102, 1734435173319, 1734435173528, 1734435173724, 1734435173976, 1734435174171, 1734435174367, 1734435174673, 1734435174881, 1734435175084, 1734435175274, 1734435175478, 1734435175683, 1734435175893, 1734435176109, 1734435176438, 1734435176688, 1734435176876, 1734435177072, 1734435177252, 1734435177435, 1734435177642, 1734435177830, 1734435178082, 1734435178317, 1734435178624, 1734435178817, 1734435179204, 1734435179488, 1734435179708, 1734435179894, 1734435180071, 1734435180242, 1734435180752, 1734435180938, 1734435181141, 1734435181327, 1734435181619, 1734435181790, 1734435181982, 1734435182154, 1734435182493, 1734435182709, 1734435182890, 1734435183067, 1734435183402, 1734435183808, 1734435184033, 1734435184220, 1734435184407, 1734435184646, 1734435184821, 1734435185023, 1734435185226, 1734435185445, 1734435185651, 1734435185899, 1734435186183, 1734435186399, 1734435186638, 1734435187057, 1734435187247, 1734435187441, 1734435187633, 1734435187832, 1734435188019, 1734435188212, 1734435188422, 1734435188620, 1734435188815, 1734435189023, 1734435189205, 1734435189447, 
Plugin Outgoing Benchmark | start
size of start timestamps: 284
size of end timestamps: 264
latency: 298, 277, 401, 655, 903, 1154, 1398, 1663, 1922, 2194, 2464, 2729, 2996, 3000, 2735, 2734, 2707, 2781, 2770, 2872, 2800, 3118, 3373, 3313, 3593, 3311, 3584, 3903, 3918, 3861, 3868, 3592, 3610, 3315, 3467, 3544, 3605, 3343, 3316, 3013, 3294, 3578, 3291, 3665, 3671, 3552, 3431, 3717, 3641, 3564, 3597, 3540, 2632, 3075, 2942, 2640, 2773, 2882, 3180, 3207, 3438, 3808, 4168, 4470, 4737, 5060, 5374, 5589, 5457, 5008, 4720, 4864, 4912, 4902, 4947, 5223, 4968, 5072, 5020, 4663, 4585, 4450, 4358, 3783, 3487, 3457, 3240, 2938, 2697, 2887, 2885, 2694, 2718, 2424, 2622, 2936, 2953, 3072, 2781, 2774, 2824, 3094, 3342, 3426, 2987, 2951, 3059, 3006, 3123, 2996, 2669, 2700, 2671, 2551, 2449, 2468, 2475, 2506, 2784, 2949, 3168, 3208, 3017, 3204, 3465, 3316, 2923, 2858, 2833, 2662, 2900, 2758, 2922, 3120, 2920, 3091, 2831, 2960, 2975, 3124, 2924, 3163, 3315, 3332, 3090, 3053, 3209, 3192, 3408, 3528, 3368, 3511, 3365, 3123, 3314, 3425, 3286, 3463, 3657, 3837, 4016, 4021, 3944, 3706, 3613, 3611, 3379, 3248, 3305, 3271, 3005, 3209, 3230, 3229, 2792, 2767, 2770, 2744, 2708, 2707, 2697, 2756, 2577, 2619, 2631, 2563, 2732, 2351, 2513, 2678, 2872, 2914, 2713, 2958, 3150, 2945, 2647, 2757, 2950, 3107, 2885, 2879, 2777, 2852, 2855, 2838, 2760, 2700, 2867, 3016, 3197, 3360, 3533, 3583, 3328, 3179, 3339, 3514, 3400, 3260, 3443, 3613, 3766, 3775, 3766, 3694, 3727, 3768, 3631, 3721, 3707, 3753, 3969, 4150, 4182, 4114, 4130, 3798, 3602, 3662, 3616, 3786, 3752, 3745, 3921, 3927, 3862, 3834, 3690, 3645, 3341, 3447, 3283, 3141, 3238, 3409, 3219, 3399, 3483, 3642, 3537, 3347, 3541, 3701, 
start timestamps: 1734435123634, 1734435124218, 1734435125061, 1734435125099, 1734435125141, 1734435125186, 1734435125234, 1734435125274, 1734435125320, 1734435125366, 1734435125388, 1734435125432, 1734435125477, 1734435125766, 1734435126347, 1734435126687, 1734435127079, 1734435127356, 1734435127702, 1734435127930, 1734435128323, 1734435128323, 1734435128389, 1734435128768, 1734435128814, 1734435129424, 1734435129479, 1734435129480, 1734435129796, 1734435130187, 1734435130504, 1734435131140, 1734435131465, 1734435132084, 1734435132253, 1734435132505, 1734435132786, 1734435133386, 1734435133731, 1734435134374, 1734435134428, 1734435134475, 1734435135088, 1734435135088, 1734435135401, 1734435135846, 1734435136294, 1734435136337, 1734435136736, 1734435137125, 1734435137450, 1734435137830, 1734435139086, 1734435139127, 1734435139748, 1734435140439, 1734435140698, 1734435140985, 1734435141074, 1734435141414, 1734435141746, 1734435141766, 1734435141815, 1734435141859, 1734435141934, 1734435141934, 1734435141975, 1734435142216, 1734435142747, 1734435143537, 1734435144190, 1734435144373, 1734435144641, 1734435144954, 1734435145195, 1734435145195, 1734435145749, 1734435145985, 1734435146341, 1734435146997, 1734435147386, 1734435147840, 1734435148228, 1734435149089, 1734435149657, 1734435149959, 1734435150471, 1734435151058, 1734435151584, 1734435151697, 1734435151995, 1734435152502, 1734435152786, 1734435153417, 1734435153537, 1734435153538, 1734435153822, 1734435154004, 1734435154592, 1734435154899, 1734435155157, 1734435155195, 1734435155234, 1734435155414, 1734435156159, 1734435156471, 1734435156610, 1734435156910, 1734435157047, 1734435157415, 1734435157983, 1734435158189, 1734435158485, 1734435158846, 1734435159194, 1734435159424, 1734435159671, 1734435159922, 1734435159922, 1734435160011, 1734435160046, 1734435160262, 1734435160736, 1734435160796, 1734435160796, 1734435161222, 1734435161901, 1734435162238, 1734435162533, 1734435163038, 1734435163068, 1734435163481, 1734435163561, 1734435163585, 1734435164019, 1734435164057, 1734435164528, 1734435164624, 1734435164829, 1734435164898, 1734435165349, 1734435165349, 1734435165419, 1734435165726, 1734435166265, 1734435166543, 1734435166607, 1734435166842, 1734435166859, 1734435166969, 1734435167361, 1734435167425, 1734435167815, 1734435168273, 1734435168291, 1734435168386, 1734435168754, 1734435168786, 1734435168802, 1734435168834, 1734435168867, 1734435169073, 1734435169361, 1734435169800, 1734435170082, 1734435170286, 1734435170712, 1734435171035, 1734435171169, 1734435171398, 1734435171873, 1734435171873, 1734435172042, 1734435172257, 1734435172887, 1734435173106, 1734435173325, 1734435173553, 1734435173786, 1734435173982, 1734435174179, 1734435174311, 1734435174674, 1734435174815, 1734435175014, 1734435175273, 1734435175305, 1734435175878, 1734435175910, 1734435175942, 1734435175942, 1734435176096, 1734435176500, 1734435176500, 1734435176534, 1734435176932, 1734435177408, 1734435177469, 1734435177469, 1734435177481, 1734435177867, 1734435178043, 1734435178322, 1734435178429, 1734435178598, 1734435178782, 1734435179030, 1734435179262, 1734435179263, 1734435179291, 1734435179291, 1734435179320, 1734435179320, 1734435179462, 1734435179902, 1734435180227, 1734435180283, 1734435180293, 1734435180594, 1734435180922, 1734435180923, 1734435180949, 1734435180976, 1734435181144, 1734435181345, 1734435181626, 1734435181799, 1734435181986, 1734435182363, 1734435182494, 1734435182714, 1734435182882, 1734435182882, 1734435182910, 1734435183068, 1734435183327, 1734435183507, 1734435184039, 1734435184421, 1734435184568, 1734435184824, 1734435184857, 1734435185082, 1734435185276, 1734435185285, 1734435185528, 1734435185763, 1734435185970, 1734435186307, 1734435186537, 1734435187017, 1734435187108, 1734435187449, 1734435187770, 1734435187847, 1734435187851, 1734435188219, 1734435188219, 1734435188337, 1734435188474, 1734435188835, 1734435189225, 1734435189225, 1734435189253, 1734435189269, 1734435189296, 1734435189322, 1734435189507, 1734435189919, 1734435189949, 1734435190020, 1734435190358, 1734435190417, 1734435190732, 1734435190804, 1734435190919, 1734435191173, 1734435191479, 1734435191616, 1734435191642, 1734435191825, 1734435192121, 1734435192377, 1734435192572, 
end timestamps: 1734435123932, 1734435124495, 1734435125462, 1734435125754, 1734435126044, 1734435126340, 1734435126632, 1734435126937, 1734435127242, 1734435127560, 1734435127852, 1734435128161, 1734435128473, 1734435128766, 1734435129082, 1734435129421, 1734435129786, 1734435130137, 1734435130472, 1734435130802, 1734435131123, 1734435131441, 1734435131762, 1734435132081, 1734435132407, 1734435132735, 1734435133063, 1734435133383, 1734435133714, 1734435134048, 1734435134372, 1734435134732, 1734435135075, 1734435135399, 1734435135720, 1734435136049, 1734435136391, 1734435136729, 1734435137047, 1734435137387, 1734435137722, 1734435138053, 1734435138379, 1734435138753, 1734435139072, 1734435139398, 1734435139725, 1734435140054, 1734435140377, 1734435140689, 1734435141047, 1734435141370, 1734435141718, 1734435142202, 1734435142690, 1734435143079, 1734435143471, 1734435143867, 1734435144254, 1734435144621, 1734435145184, 1734435145574, 1734435145983, 1734435146329, 1734435146671, 1734435146994, 1734435147349, 1734435147805, 1734435148204, 1734435148545, 1734435148910, 1734435149237, 1734435149553, 1734435149856, 1734435150142, 1734435150418, 1734435150717, 1734435151057, 1734435151361, 1734435151660, 1734435151971, 1734435152290, 1734435152586, 1734435152872, 1734435153144, 1734435153416, 1734435153711, 1734435153996, 1734435154281, 1734435154584, 1734435154880, 1734435155196, 1734435155504, 1734435155841, 1734435156159, 1734435156474, 1734435156775, 1734435157076, 1734435157373, 1734435157673, 1734435157981, 1734435158289, 1734435158576, 1734435158840, 1734435159146, 1734435159422, 1734435159669, 1734435159916, 1734435160170, 1734435160411, 1734435160652, 1734435160889, 1734435161156, 1734435161397, 1734435161643, 1734435161892, 1734435162146, 1734435162428, 1734435162706, 1734435162960, 1734435163214, 1734435163470, 1734435163753, 1734435164000, 1734435164261, 1734435164538, 1734435164824, 1734435165096, 1734435165366, 1734435165700, 1734435165968, 1734435166239, 1734435166483, 1734435166705, 1734435166939, 1734435167148, 1734435167359, 1734435167584, 1734435167804, 1734435168022, 1734435168273, 1734435168512, 1734435168734, 1734435169058, 1734435169355, 1734435169596, 1734435169816, 1734435170034, 1734435170267, 1734435170497, 1734435170729, 1734435170936, 1734435171180, 1734435171396, 1734435171605, 1734435171811, 1734435172040, 1734435172249, 1734435172459, 1734435172671, 1734435172883, 1734435173094, 1734435173305, 1734435173506, 1734435173695, 1734435173897, 1734435174091, 1734435174283, 1734435174474, 1734435174669, 1734435174878, 1734435175082, 1734435175272, 1734435175486, 1734435175679, 1734435175873, 1734435176095, 1734435176297, 1734435176494, 1734435176689, 1734435176876, 1734435177067, 1734435177251, 1734435177434, 1734435177645, 1734435177836, 1734435178037, 1734435178229, 1734435178423, 1734435178620, 1734435178814, 1734435179010, 1734435179213, 1734435179458, 1734435179684, 1734435179877, 1734435180055, 1734435180226, 1734435180419, 1734435180588, 1734435180752, 1734435180922, 1734435181099, 1734435181281, 1734435181453, 1734435181620, 1734435181790, 1734435181962, 1734435182130, 1734435182307, 1734435182488, 1734435182680, 1734435182853, 1734435183045, 1734435183230, 1734435183406, 1734435183622, 1734435183807, 1734435183994, 1734435184182, 1734435184366, 1734435184562, 1734435184742, 1734435184919, 1734435185111, 1734435185320, 1734435185526, 1734435185754, 1734435185994, 1734435186215, 1734435186421, 1734435186635, 1734435186851, 1734435187060, 1734435187250, 1734435187441, 1734435187637, 1734435187837, 1734435188023, 1734435188230, 1734435188440, 1734435188643, 1734435188834, 1734435189021, 1734435189206, 1734435189455, 1734435189625, 1734435189804, 1734435189997, 1734435190182, 1734435190358, 1734435190555, 1734435190732, 1734435190911, 1734435191085, 1734435191260, 1734435191438, 1734435191618, 1734435191820, 1734435192116, 1734435192372, 1734435192572, 1734435192766, 1734435192954, 
Plugin Incoming Benchmark | start
size of start timestamps: 224
size of end timestamps: 233
latency: 587, 1130, 603, 358, 423, 310, 591, 638, 739, 691, 624, 537, 624, 320, 73, 136, 479, 180, 128, 180, 166, 337, 334, 630, 473, 387, -279, 333, 643, 360, 76, 338, 6, -12, 66, 9, -712, -659, -291, -261, 644, 54, 337, 698, 615, 607, 359, 340, 344, 34, -374, -429, -333, 70, 12, -169, -305, -621, -216, -411, 2, 28, 2, 22, 521, 713, 653, 819, 1108, 1348, 979, 937, 1140, 1092, 1435, 1212, 925, 677, 588, 884, 902, 875, 603, 338, 194, 636, 615, 457, 447, 285, 347, 620, 540, 504, 559, 618, 567, 472, 430, 180, 4, -210, -235, 5, -181, -421, -245, 171, 252, 293, 508, 282, 448, 261, 27, 208, -205, -2, -179, -247, -443, -299, -619, -820, -757, -437, -396, -753, -750, -956, -1073, -918, -703, -466, -756, -955, -821, -1009, -962, -919, -917, -908, -832, -866, -685, -569, -646, -645, -379, -594, -637, -641, -220, -215, -208, -228, -192, -191, -295, -363, -211, -272, -262, -206, -379, -17, -313, -553, -749, -783, -573, -753, -903, -710, -453, -660, -955, -1144, -1144, -1170, -1167, -1281, -1299, -1291, -1559, -1504, -1460, -1259, -1226, -1339, -1511, -1064, -1385, -1585, -1567, -1546, -1605, -1810, -1866, -1673, -1728, -1742, -1739, -1775, -1526, -1206, -1028, -1088, -1140, -1333, -1340, -1576, -1775, -1722, -1681, -1664, -1528, -1484, -1198, -1317, -1177, -1067, -1178, -1362, 
start timestamps: 1734435123631, 1734435123931, 1734435124496, 1734435124783, 1734435125054, 1734435125456, 1734435125756, 1734435126049, 1734435126340, 1734435126665, 1734435127078, 1734435127393, 1734435127699, 1734435128003, 1734435128316, 1734435128632, 1734435128945, 1734435129300, 1734435129668, 1734435130007, 1734435130338, 1734435130803, 1734435131131, 1734435131454, 1734435131780, 1734435132118, 1734435133065, 1734435133398, 1734435133731, 1734435134068, 1734435134399, 1734435134750, 1734435135082, 1734435135413, 1734435135780, 1734435136285, 1734435137049, 1734435137395, 1734435137741, 1734435138091, 1734435138442, 1734435139073, 1734435139411, 1734435139741, 1734435140083, 1734435140378, 1734435140715, 1734435141074, 1734435141402, 1734435141732, 1734435142189, 1734435142645, 1734435143080, 1734435143467, 1734435144178, 1734435144542, 1734435144946, 1734435145575, 1734435145965, 1734435146396, 1734435146995, 1734435147358, 1734435147838, 1734435148206, 1734435148568, 1734435148944, 1734435149306, 1734435149652, 1734435149950, 1734435150236, 1734435150718, 1734435151058, 1734435151362, 1734435151694, 1734435151982, 1734435152325, 1734435152613, 1734435153145, 1734435153416, 1734435153708, 1734435153997, 1734435154282, 1734435154592, 1734435154896, 1734435155220, 1734435155523, 1734435155856, 1734435156153, 1734435156463, 1734435156763, 1734435157068, 1734435157363, 1734435157649, 1734435157981, 1734435158287, 1734435158576, 1734435158857, 1734435159199, 1734435159492, 1734435159742, 1734435160007, 1734435160256, 1734435160497, 1734435160731, 1734435160977, 1734435161217, 1734435161467, 1734435161730, 1734435161986, 1734435162240, 1734435162530, 1734435162786, 1734435163033, 1734435163300, 1734435163558, 1734435163811, 1734435164262, 1734435164530, 1734435164803, 1734435165076, 1734435165341, 1734435165648, 1734435165968, 1734435166239, 1734435166483, 1734435166702, 1734435166939, 1734435167360, 1734435167592, 1734435167815, 1734435168042, 1734435168279, 1734435168518, 1734435168739, 1734435169047, 1734435169341, 1734435169575, 1734435169795, 1734435170035, 1734435170267, 1734435170491, 1734435170708, 1734435170914, 1734435171152, 1734435171397, 1734435171604, 1734435171815, 1734435172043, 1734435172252, 1734435172467, 1734435172679, 1734435172898, 1734435173107, 1734435173321, 1734435173533, 1734435173781, 1734435173978, 1734435174173, 1734435174474, 1734435174674, 1734435174885, 1734435175087, 1734435175276, 1734435175479, 1734435175684, 1734435175895, 1734435176223, 1734435176495, 1734435176691, 1734435176879, 1734435177073, 1734435177253, 1734435177437, 1734435177642, 1734435177861, 1734435178129, 1734435178424, 1734435178625, 1734435179011, 1734435179213, 1734435179489, 1734435179710, 1734435179897, 1734435180073, 1734435180589, 1734435180766, 1734435180971, 1734435181161, 1734435181453, 1734435181622, 1734435181804, 1734435181986, 1734435182308, 1734435182534, 1734435182711, 1734435182891, 1734435183231, 1734435183609, 1734435183852, 1734435184036, 1734435184222, 1734435184456, 1734435184649, 1734435184843, 1734435185033, 1734435185245, 1734435185449, 1734435185656, 1734435185964, 1734435186190, 1734435186422, 1734435186852, 1734435187060, 1734435187250, 1734435187444, 1734435187634, 1734435187835, 1734435188021, 1734435188215, 1734435188425, 1734435188626, 1734435188837, 1734435189025, 1734435189213, 
end timestamps: 1734435124218, 1734435125061, 1734435125099, 1734435125141, 1734435125477, 1734435125766, 1734435126347, 1734435126687, 1734435127079, 1734435127356, 1734435127702, 1734435127930, 1734435128323, 1734435128323, 1734435128389, 1734435128768, 1734435129424, 1734435129480, 1734435129796, 1734435130187, 1734435130504, 1734435131140, 1734435131465, 1734435132084, 1734435132253, 1734435132505, 1734435132786, 1734435133731, 1734435134374, 1734435134428, 1734435134475, 1734435135088, 1734435135088, 1734435135401, 1734435135846, 1734435136294, 1734435136337, 1734435136736, 1734435137450, 1734435137830, 1734435139086, 1734435139127, 1734435139748, 1734435140439, 1734435140698, 1734435140985, 1734435141074, 1734435141414, 1734435141746, 1734435141766, 1734435141815, 1734435142216, 1734435142747, 1734435143537, 1734435144190, 1734435144373, 1734435144641, 1734435144954, 1734435145749, 1734435145985, 1734435146997, 1734435147386, 1734435147840, 1734435148228, 1734435149089, 1734435149657, 1734435149959, 1734435150471, 1734435151058, 1734435151584, 1734435151697, 1734435151995, 1734435152502, 1734435152786, 1734435153417, 1734435153537, 1734435153538, 1734435153822, 1734435154004, 1734435154592, 1734435154899, 1734435155157, 1734435155195, 1734435155234, 1734435155414, 1734435156159, 1734435156471, 1734435156610, 1734435156910, 1734435157048, 1734435157415, 1734435157983, 1734435158189, 1734435158485, 1734435158846, 1734435159194, 1734435159424, 1734435159671, 1734435159922, 1734435159922, 1734435160011, 1734435160046, 1734435160262, 1734435160736, 1734435160796, 1734435160796, 1734435161222, 1734435161901, 1734435162238, 1734435162533, 1734435163038, 1734435163068, 1734435163481, 1734435163561, 1734435163585, 1734435164019, 1734435164057, 1734435164528, 1734435164624, 1734435164829, 1734435164898, 1734435165349, 1734435165349, 1734435165419, 1734435165726, 1734435166265, 1734435166543, 1734435166607, 1734435166842, 1734435166859, 1734435166969, 1734435167361, 1734435167815, 1734435168273, 1734435168291, 1734435168386, 1734435168754, 1734435168786, 1734435169073, 1734435169348, 1734435169574, 1734435169800, 1734435170082, 1734435170286, 1734435170712, 1734435171035, 1734435171169, 1734435171398, 1734435171873, 1734435171873, 1734435172042, 1734435172257, 1734435172887, 1734435173106, 1734435173325, 1734435173553, 1734435173786, 1734435173982, 1734435174179, 1734435174311, 1734435174674, 1734435174815, 1734435175014, 1734435175273, 1734435175305, 1734435175878, 1734435175910, 1734435175942, 1734435175942, 1734435176096, 1734435176500, 1734435176500, 1734435176534, 1734435176932, 1734435177408, 1734435177469, 1734435177469, 1734435177481, 1734435177867, 1734435178043, 1734435178322, 1734435178429, 1734435178598, 1734435178782, 1734435179030, 1734435179262, 1734435179511, 1734435179902, 1734435180227, 1734435180283, 1734435180293, 1734435180922, 1734435180923, 1734435180949, 1734435181144, 1734435181345, 1734435181626, 1734435181799, 1734435181986, 1734435182363, 1734435182494, 1734435182714, 1734435182910, 1734435183068, 1734435183507, 1734435184039, 1734435184421, 1734435184568, 1734435184824, 1734435184857, 1734435185082, 1734435185276, 1734435185285, 1734435185528, 1734435185763, 1734435185970, 1734435186307, 1734435186537, 1734435187017, 1734435187108, 1734435187449, 1734435187770, 1734435187847, 1734435187851, 1734435188219, 1734435188219, 1734435188337, 1734435188474, 1734435188835, 1734435189225, 1734435189225, 1734435189253, 1734435189507, 
