
**********************************************************
ConnectDAWs File Logger | only the ConnectionManagerThread will write to this file to avoid blocking calls inside the audio thread.
Log started: 17 Dec 2024 12:05:18pm

Network Benchmark | start
size of start timestamps: 179
size of end timestamps: 179
latency: 8356, 8446, 8463, 8546, 8576, 8550, 8472, 8323, 8455, 8471, 8494, 8547, 8467, 8490, 8387, 8356, 8382, 8530, 8553, 8611, 8558, 8501, 8430, 8374, 8352, 8365, 8276, 8216, 8186, 8305, 8234, 8368, 8473, 8552, 8709, 8808, 8653, 8671, 8715, 8905, 8954, 8651, 8343, 8325, 8247, 8254, 8391, 8432, 8539, 8481, 8420, 8482, 8461, 8535, 8575, 8735, 8795, 8796, 8873, 8942, 8903, 8931, 8950, 8757, 8676, 8572, 8407, 8351, 8239, 8209, 8173, 7908, 7683, 7471, 7320, 7315, 7380, 7335, 7286, 7070, 7014, 7110, 7055, 6780, 6734, 6657, 6564, 6447, 6572, 6565, 6644, 6682, 6573, 6460, 6361, 6282, 6299, 6239, 6181, 5979, 5863, 5910, 5671, 5655, 5551, 5504, 5318, 5306, 5355, 5310, 5246, 5169, 4940, 4969, 4944, 4893, 4789, 4873, 4786, 4716, 4690, 4779, 4521, 4474, 4410, 4193, 4088, 4061, 4132, 4213, 4192, 4185, 4169, 4147, 4179, 4212, 4210, 4096, 4146, 4090, 4051, 4036, 3891, 3846, 3760, 3650, 3560, 3522, 3331, 3337, 3310, 3312, 3295, 3246, 3130, 3071, 3037, 3008, 3017, 3113, 3133, 3138, 3149, 3064, 3057, 3046, 3055, 3014, 2880, 2864, 2752, 2764, 2759, 2701, 2678, 2618, 2595, 2542, 2449, 
start timestamps: 1734433424161, 1734433424708, 1734433425121, 1734433425559, 1734433425990, 1734433426430, 1734433426943, 1734433427621, 1734433428251, 1734433428747, 1734433429294, 1734433429774, 1734433430480, 1734433431213, 1734433431893, 1734433432440, 1734433433083, 1734433433590, 1734433434171, 1734433434734, 1734433435227, 1734433435735, 1734433436256, 1734433436870, 1734433437486, 1734433437934, 1734433438567, 1734433439146, 1734433439621, 1734433440141, 1734433440724, 1734433441295, 1734433441767, 1734433442286, 1734433442778, 1734433443278, 1734433444010, 1734433444483, 1734433444949, 1734433445420, 1734433445910, 1734433446709, 1734433447658, 1734433448720, 1734433449329, 1734433449911, 1734433450402, 1734433450992, 1734433451523, 1734433452049, 1734433452624, 1734433453131, 1734433453665, 1734433454162, 1734433454647, 1734433455258, 1734433455761, 1734433456244, 1734433456709, 1734433457193, 1734433457808, 1734433458297, 1734433458817, 1734433459437, 1734433459934, 1734433460481, 1734433461172, 1734433461730, 1734433462297, 1734433462826, 1734433463470, 1734433464260, 1734433465027, 1734433465748, 1734433466350, 1734433466829, 1734433467332, 1734433467845, 1734433468372, 1734433469038, 1734433469619, 1734433470138, 1734433470671, 1734433471419, 1734433472031, 1734433472543, 1734433473063, 1734433473578, 1734433474248, 1734433474689, 1734433475151, 1734433475627, 1734433476213, 1734433476830, 1734433477420, 1734433477959, 1734433478417, 1734433478914, 1734433479438, 1734433480076, 1734433480650, 1734433481148, 1734433481860, 1734433482549, 1734433483180, 1734433483744, 1734433484366, 1734433484852, 1734433485334, 1734433485872, 1734433486364, 1734433486857, 1734433487449, 1734433488091, 1734433488534, 1734433489026, 1734433489528, 1734433489924, 1734433490396, 1734433490848, 1734433491268, 1734433491676, 1734433492332, 1734433492744, 1734433493179, 1734433493774, 1734433494326, 1734433494752, 1734433495212, 1734433495582, 1734433495963, 1734433496443, 1734433496864, 1734433497284, 1734433497699, 1734433498150, 1734433498564, 1734433499004, 1734433499380, 1734433499770, 1734433500168, 1734433500555, 1734433501084, 1734433501508, 1734433501939, 1734433502389, 1734433502814, 1734433503231, 1734433503764, 1734433504158, 1734433504560, 1734433504937, 1734433505364, 1734433505763, 1734433506228, 1734433506682, 1734433507060, 1734433507430, 1734433507812, 1734433508186, 1734433508552, 1734433508942, 1734433509337, 1734433509775, 1734433510168, 1734433510578, 1734433510998, 1734433511395, 1734433511911, 1734433512393, 1734433512836, 1734433513232, 1734433513584, 1734433513964, 1734433514328, 1734433514730, 1734433515125, 1734433515491, 1734433515928, 
end timestamps: 1734433432517, 1734433433154, 1734433433584, 1734433434105, 1734433434566, 1734433434980, 1734433435415, 1734433435944, 1734433436706, 1734433437218, 1734433437788, 1734433438321, 1734433438947, 1734433439703, 1734433440280, 1734433440796, 1734433441465, 1734433442120, 1734433442724, 1734433443345, 1734433443785, 1734433444236, 1734433444686, 1734433445244, 1734433445838, 1734433446299, 1734433446843, 1734433447362, 1734433447807, 1734433448446, 1734433448958, 1734433449663, 1734433450240, 1734433450838, 1734433451487, 1734433452086, 1734433452663, 1734433453154, 1734433453664, 1734433454325, 1734433454864, 1734433455360, 1734433456001, 1734433457045, 1734433457576, 1734433458165, 1734433458793, 1734433459424, 1734433460062, 1734433460530, 1734433461044, 1734433461613, 1734433462126, 1734433462697, 1734433463222, 1734433463993, 1734433464556, 1734433465040, 1734433465582, 1734433466135, 1734433466711, 1734433467228, 1734433467767, 1734433468194, 1734433468610, 1734433469053, 1734433469579, 1734433470081, 1734433470536, 1734433471035, 1734433471643, 1734433472168, 1734433472710, 1734433473219, 1734433473670, 1734433474144, 1734433474712, 1734433475180, 1734433475658, 1734433476108, 1734433476633, 1734433477248, 1734433477726, 1734433478199, 1734433478765, 1734433479200, 1734433479627, 1734433480025, 1734433480820, 1734433481254, 1734433481795, 1734433482309, 1734433482786, 1734433483290, 1734433483781, 1734433484241, 1734433484716, 1734433485153, 1734433485619, 1734433486055, 1734433486513, 1734433487058, 1734433487531, 1734433488204, 1734433488731, 1734433489248, 1734433489684, 1734433490158, 1734433490689, 1734433491182, 1734433491610, 1734433492026, 1734433492389, 1734433493060, 1734433493478, 1734433493919, 1734433494317, 1734433494797, 1734433495182, 1734433495564, 1734433495958, 1734433496455, 1734433496853, 1734433497218, 1734433497589, 1734433497967, 1734433498414, 1734433498813, 1734433499344, 1734433499795, 1734433500155, 1734433500628, 1734433501033, 1734433501431, 1734433501878, 1734433502362, 1734433502774, 1734433503100, 1734433503526, 1734433503860, 1734433504219, 1734433504591, 1734433504975, 1734433505354, 1734433505699, 1734433506039, 1734433506374, 1734433506753, 1734433507095, 1734433507495, 1734433507870, 1734433508249, 1734433508659, 1734433509009, 1734433509358, 1734433509753, 1734433510097, 1734433510438, 1734433510829, 1734433511299, 1734433511685, 1734433512080, 1734433512486, 1734433512839, 1734433513225, 1734433513624, 1734433514053, 1734433514409, 1734433514791, 1734433515257, 1734433515588, 1734433515996, 1734433516343, 1734433516665, 1734433517006, 1734433517348, 1734433517720, 1734433518033, 1734433518377, 
Plugin Outgoing Benchmark | start
size of start timestamps: 208
size of end timestamps: 188
latency: 628, 1044, 1344, 1556, 1864, 2083, 2372, 2452, 2765, 3005, 3273, 3541, 3708, 3949, 4477, 4523, 4754, 5189, 5384, 5866, 5730, 6120, 6122, 5966, 6036, 6078, 5937, 5851, 6048, 6601, 6433, 6690, 6595, 6769, 6715, 6615, 6577, 6716, 6573, 6809, 6641, 6917, 6736, 6739, 6924, 6813, 6955, 6693, 7190, 7065, 7240, 7384, 7520, 7415, 7220, 7402, 7371, 7255, 7353, 7307, 7253, 7258, 7236, 7178, 6900, 7165, 7081, 6943, 6831, 7279, 7433, 7134, 7401, 7614, 7578, 7460, 7532, 7442, 7288, 7481, 7348, 7252, 7570, 7254, 6817, 7225, 6935, 7257, 7251, 7160, 7309, 7306, 7201, 6769, 6881, 6919, 7114, 6878, 6947, 7047, 7039, 6832, 6822, 7015, 6667, 6831, 6760, 7213, 7300, 7206, 7645, 7745, 7194, 7317, 7554, 7564, 7586, 7657, 7445, 7254, 7199, 7673, 7844, 7905, 7571, 7767, 7532, 7338, 7129, 7633, 7611, 7502, 7993, 7723, 7265, 7195, 7306, 7382, 7454, 7399, 7189, 7253, 7128, 6993, 7034, 6890, 7219, 7237, 6971, 6840, 6799, 6680, 6973, 6605, 6814, 7143, 7112, 7108, 7226, 6864, 7152, 7032, 7136, 6973, 7114, 7046, 7333, 7330, 7303, 7419, 7785, 7836, 7823, 7836, 7718, 7863, 7817, 7969, 7913, 8151, 7831, 7995, 8231, 8189, 8177, 8008, 7840, 7771, 
start timestamps: 1734433432107, 1734433432107, 1734433432294, 1734433432549, 1734433432741, 1734433433056, 1734433433154, 1734433433491, 1734433433640, 1734433433862, 1734433434113, 1734433434354, 1734433434742, 1734433434994, 1734433434995, 1734433435423, 1734433435654, 1734433435698, 1734433435975, 1734433436007, 1734433436670, 1734433436916, 1734433437405, 1734433438018, 1734433438454, 1734433438949, 1734433439629, 1734433440289, 1734433440551, 1734433440552, 1734433441167, 1734433441425, 1734433442005, 1734433442410, 1734433443039, 1734433443618, 1734433444252, 1734433444591, 1734433445229, 1734433445617, 1734433446302, 1734433446614, 1734433447337, 1734433447809, 1734433448156, 1734433448804, 1734433449207, 1734433449989, 1734433449989, 1734433450605, 1734433451036, 1734433451458, 1734433451843, 1734433452502, 1734433453174, 1734433453553, 1734433454087, 1734433454693, 1734433455093, 1734433455654, 1734433456210, 1734433456686, 1734433457196, 1734433457757, 1734433458495, 1734433458844, 1734433459390, 1734433460055, 1734433460743, 1734433460743, 1734433461038, 1734433461953, 1734433462139, 1734433462485, 1734433462975, 1734433463579, 1734433464008, 1734433464570, 1734433465284, 1734433465566, 1734433466150, 1734433466720, 1734433467009, 1734433467778, 1734433468679, 1734433468771, 1734433469596, 1734433469727, 1734433470203, 1734433470751, 1734433471078, 1734433471606, 1734433472118, 1734433472958, 1734433473236, 1734433473608, 1734433473974, 1734433474717, 1734433475183, 1734433475669, 1734433476127, 1734433476792, 1734433477216, 1734433477459, 1734433478235, 1734433478517, 1734433479053, 1734433479053, 1734433479508, 1734433480121, 1734433480195, 1734433480563, 1734433481558, 1734433481869, 1734433482196, 1734433482741, 1734433483196, 1734433483635, 1734433484260, 1734433484823, 1734433485240, 1734433485241, 1734433485524, 1734433485826, 1734433486522, 1734433486819, 1734433487428, 1734433488118, 1734433488834, 1734433488835, 1734433489282, 1734433489760, 1734433489761, 1734433490424, 1734433491281, 1734433491700, 1734433491929, 1734433492200, 1734433492475, 1734433492929, 1734433493494, 1734433493864, 1734433494336, 1734433494852, 1734433495225, 1734433495701, 1734433495701, 1734433496015, 1734433496635, 1734433497095, 1734433497474, 1734433498000, 1734433498158, 1734433498866, 1734433499001, 1734433499001, 1734433499385, 1734433499700, 1734433499945, 1734433500685, 1734433500741, 1734433501221, 1734433501513, 1734433502011, 1734433502270, 1734433502781, 1734433502937, 1734433503274, 1734433503703, 1734433503963, 1734433503963, 1734433504285, 1734433504704, 1734433505133, 1734433505633, 1734433505884, 1734433506298, 1734433506518, 1734433507036, 1734433507230, 1734433507897, 1734433508182, 1734433508263, 1734433508669, 1734433509038, 1734433509526, 1734433510000, 1734433510374, 1734433510688, 1734433511191, 1734433511396, 1734433511779, 1734433512525, 1734433512526, 1734433512840, 1734433513092, 1734433513440, 1734433513945, 1734433514122, 1734433514489, 1734433515271, 1734433515716, 1734433516042, 1734433516351, 1734433516548, 1734433516905, 1734433517354, 1734433517541, 
end timestamps: 1734433432735, 1734433433151, 1734433433638, 1734433434105, 1734433434605, 1734433435139, 1734433435526, 1734433435943, 1734433436405, 1734433436867, 1734433437386, 1734433437895, 1734433438450, 1734433438943, 1734433439472, 1734433439946, 1734433440408, 1734433440887, 1734433441359, 1734433441873, 1734433442400, 1734433443036, 1734433443527, 1734433443984, 1734433444490, 1734433445027, 1734433445566, 1734433446140, 1734433446599, 1734433447153, 1734433447600, 1734433448115, 1734433448600, 1734433449179, 1734433449754, 1734433450233, 1734433450829, 1734433451307, 1734433451802, 1734433452426, 1734433452943, 1734433453531, 1734433454073, 1734433454548, 1734433455080, 1734433455617, 1734433456162, 1734433456682, 1734433457179, 1734433457670, 1734433458276, 1734433458842, 1734433459363, 1734433459917, 1734433460394, 1734433460955, 1734433461458, 1734433461948, 1734433462446, 1734433462961, 1734433463463, 1734433463944, 1734433464432, 1734433464935, 1734433465395, 1734433466009, 1734433466471, 1734433466998, 1734433467574, 1734433468022, 1734433468471, 1734433469087, 1734433469540, 1734433470099, 1734433470553, 1734433471039, 1734433471540, 1734433472012, 1734433472572, 1734433473047, 1734433473498, 1734433473972, 1734433474579, 1734433475032, 1734433475496, 1734433475996, 1734433476531, 1734433476984, 1734433477454, 1734433477911, 1734433478387, 1734433478912, 1734433479319, 1734433479727, 1734433480117, 1734433480527, 1734433481088, 1734433481595, 1734433482130, 1734433482716, 1734433483166, 1734433483624, 1734433484038, 1734433484474, 1734433484902, 1734433485348, 1734433485813, 1734433486266, 1734433486808, 1734433487327, 1734433487840, 1734433488308, 1734433488752, 1734433489186, 1734433489750, 1734433490305, 1734433490782, 1734433491292, 1734433491705, 1734433492077, 1734433492439, 1734433492914, 1734433493368, 1734433493731, 1734433494093, 1734433494586, 1734433494960, 1734433495456, 1734433495963, 1734433496468, 1734433496893, 1734433497262, 1734433497754, 1734433498147, 1734433498546, 1734433498895, 1734433499235, 1734433499582, 1734433499929, 1734433500328, 1734433500683, 1734433501117, 1734433501464, 1734433501845, 1734433502259, 1734433502591, 1734433502920, 1734433503252, 1734433503606, 1734433503935, 1734433504273, 1734433504680, 1734433505131, 1734433505471, 1734433505815, 1734433506144, 1734433506497, 1734433506808, 1734433507171, 1734433507549, 1734433507893, 1734433508253, 1734433508649, 1734433508984, 1734433509384, 1734433509827, 1734433510270, 1734433510604, 1734433511006, 1734433511382, 1734433511748, 1734433512121, 1734433512527, 1734433512969, 1734433513351, 1734433513747, 1734433514115, 1734433514487, 1734433514949, 1734433515381, 1734433515728, 1734433516177, 1734433516494, 1734433516858, 1734433517215, 1734433517534, 1734433517840, 1734433518145, 
Plugin Incoming Benchmark | start
size of start timestamps: 180
size of end timestamps: 186
latency: 456, 758, 483, 527, 634, 421, 9, -118, -161, 193, 140, 227, 93, -160, -16, -21, -53, 36, 271, -9, 19, 464, 163, 8, 34, -554, -448, -596, -486, -63, -590, -675, -671, -574, -235, -455, -249, -554, -405, -535, -377, -175, -524, -1587, -1708, -1663, -1137, -1248, -932, -1225, -918, -307, -873, -1099, -1250, -1456, -1863, -1728, -1633, -1578, -1569, -1429, -1648, -1624, -1477, -1158, -1596, -1807, -1405, -1773, -1981, -2050, -2088, -1979, -2144, -1934, -1823, -1758, -1946, -1690, -1910, -2013, -2069, -2087, -2194, -2000, -1920, -1894, -2113, -1952, -1748, -2162, -2202, -1805, -1735, -1958, -1924, -1524, -1729, -1362, -1761, -1710, -1820, -2487, -2380, -2237, -2693, -2278, -2464, -2482, -2368, -2348, -2316, -2408, -2330, -2200, -2227, -2171, -2325, -2100, -2074, -1626, -2080, -2002, -1997, -1894, -2366, -2458, -2541, -2253, -2326, -2442, -2633, -2613, -2568, -2624, -2421, -2493, -2420, -2496, -2405, -2211, -2131, -2198, -2125, -2004, -2080, -2414, -2537, -2469, -2367, -2531, -2368, -2613, -2493, -2607, -2526, -2203, -2258, -2571, -2633, -2656, -2559, -2491, -2720, -2667, -2773, -2660, -2694, -2703, -2740, -3068, -3093, -3045, -3032, -2887, -2862, -2931, -2765, -2663, 
start timestamps: 1734433432093, 1734433432733, 1734433433157, 1734433433586, 1734433434108, 1734433434573, 1734433434986, 1734433435541, 1734433436136, 1734433436723, 1734433437265, 1734433437791, 1734433438361, 1734433439109, 1734433439755, 1734433440310, 1734433440921, 1734433441467, 1734433442139, 1734433442757, 1734433443347, 1734433443788, 1734433444240, 1734433444719, 1734433445261, 1734433445850, 1734433446323, 1734433446898, 1734433447366, 1734433447872, 1734433448463, 1734433449171, 1734433449667, 1734433450243, 1734433450840, 1734433451491, 1734433452092, 1734433452669, 1734433453157, 1734433453709, 1734433454328, 1734433454868, 1734433455405, 1734433456468, 1734433457078, 1734433457676, 1734433458193, 1734433458835, 1734433459427, 1734433460069, 1734433460553, 1734433461050, 1734433461616, 1734433462137, 1734433462703, 1734433463409, 1734433464002, 1734433464561, 1734433465043, 1734433465587, 1734433466139, 1734433466713, 1734433467232, 1734433467774, 1734433468197, 1734433468617, 1734433469055, 1734433469585, 1734433470084, 1734433470544, 1734433471039, 1734433471646, 1734433472172, 1734433472730, 1734433473222, 1734433473676, 1734433474212, 1734433474716, 1734433475182, 1734433475664, 1734433476136, 1734433476730, 1734433477252, 1734433477756, 1734433478321, 1734433478792, 1734433479207, 1734433479637, 1734433480348, 1734433480824, 1734433481256, 1734433481799, 1734433482323, 1734433482790, 1734433483293, 1734433483827, 1734433484247, 1734433484720, 1734433485156, 1734433485622, 1734433486067, 1734433486533, 1734433487060, 1734433487728, 1734433488206, 1734433488759, 1734433489270, 1734433489706, 1734433490222, 1734433490697, 1734433491202, 1734433491630, 1734433492031, 1734433492647, 1734433493072, 1734433493481, 1734433493927, 1734433494371, 1734433494800, 1734433495186, 1734433495568, 1734433495962, 1734433496457, 1734433496854, 1734433497222, 1734433497595, 1734433498067, 1734433498473, 1734433499009, 1734433499348, 1734433499800, 1734433500157, 1734433500633, 1734433501035, 1734433501434, 1734433502009, 1734433502366, 1734433502782, 1734433503105, 1734433503531, 1734433503863, 1734433504222, 1734433504594, 1734433504979, 1734433505358, 1734433505707, 1734433506043, 1734433506377, 1734433506757, 1734433507099, 1734433507500, 1734433507894, 1734433508252, 1734433508661, 1734433509011, 1734433509384, 1734433509756, 1734433510100, 1734433510440, 1734433510834, 1734433511302, 1734433511694, 1734433512085, 1734433512491, 1734433512844, 1734433513228, 1734433513627, 1734433514056, 1734433514473, 1734433514794, 1734433515265, 1734433515594, 1734433515999, 1734433516346, 1734433516669, 1734433517009, 1734433517351, 1734433517733, 1734433518036, 1734433518379, 
end timestamps: 1734433432549, 1734433433491, 1734433433640, 1734433434113, 1734433434742, 1734433434994, 1734433434995, 1734433435423, 1734433435975, 1734433436916, 1734433437405, 1734433438018, 1734433438454, 1734433438949, 1734433439739, 1734433440289, 1734433440868, 1734433441503, 1734433442410, 1734433442748, 1734433443366, 1734433444252, 1734433444403, 1734433444727, 1734433445295, 1734433445296, 1734433445875, 1734433446302, 1734433446880, 1734433447809, 1734433447873, 1734433448496, 1734433448996, 1734433449669, 1734433450605, 1734433451036, 1734433451843, 1734433452115, 1734433452752, 1734433453174, 1734433453951, 1734433454693, 1734433454881, 1734433454881, 1734433455370, 1734433456013, 1734433457056, 1734433457587, 1734433458495, 1734433458844, 1734433459635, 1734433460743, 1734433460743, 1734433461038, 1734433461453, 1734433461953, 1734433462139, 1734433462833, 1734433463410, 1734433464009, 1734433464570, 1734433465284, 1734433465584, 1734433466150, 1734433466720, 1734433467459, 1734433467459, 1734433467778, 1734433468679, 1734433468771, 1734433469058, 1734433469596, 1734433470084, 1734433470751, 1734433471078, 1734433471742, 1734433472389, 1734433472958, 1734433473236, 1734433473974, 1734433474226, 1734433474717, 1734433475183, 1734433475669, 1734433476127, 1734433476792, 1734433477287, 1734433477743, 1734433478235, 1734433478872, 1734433479508, 1734433479637, 1734433480121, 1734433480985, 1734433481558, 1734433481869, 1734433482323, 1734433483196, 1734433483427, 1734433484260, 1734433484306, 1734433484823, 1734433485240, 1734433485241, 1734433485826, 1734433486522, 1734433486577, 1734433487428, 1734433487758, 1734433488215, 1734433488834, 1734433489282, 1734433489715, 1734433490239, 1734433490742, 1734433491281, 1734433491700, 1734433492200, 1734433492475, 1734433493086, 1734433493494, 1734433494336, 1734433494377, 1734433494852, 1734433495225, 1734433495701, 1734433495701, 1734433496015, 1734433496468, 1734433497095, 1734433497474, 1734433497715, 1734433498000, 1734433498422, 1734433498866, 1734433499385, 1734433499945, 1734433500289, 1734433500685, 1734433501035, 1734433501458, 1734433502011, 1734433502463, 1734433502781, 1734433503233, 1734433503703, 1734433503963, 1734433503963, 1734433504220, 1734433504630, 1734433505133, 1734433505363, 1734433505884, 1734433506048, 1734433506518, 1734433506777, 1734433507230, 1734433507897, 1734433508182, 1734433508263, 1734433508669, 1734433509038, 1734433509526, 1734433510000, 1734433510124, 1734433510561, 1734433510854, 1734433511396, 1734433511779, 1734433512091, 1734433512525, 1734433512526, 1734433512906, 1734433513301, 1734433513637, 1734433514122, 1734433514489, 1734433514802, 1734433515271, 1734433515716, 1734433516042, 1734433516351, 1734433516720, 1734433516721, 1734433517115, 1734433517354, 
