
**********************************************************
ConnectDAWs File Logger | only the ConnectionManagerThread will write to this file to avoid blocking calls inside the audio thread.
Log started: 17 Dec 2024 12:31:19pm

Network Benchmark | start
size of start timestamps: 118
size of end timestamps: 118
latency: 39992, 40720, 40908, 41126, 41290, 41520, 41598, 42085, 42227, 42688, 42900, 43157, 43397, 43552, 44179, 44588, 44756, 44973, 45248, 45309, 45454, 45694, 45859, 46069, 46621, 47635, 47921, 48237, 48473, 48806, 48849, 49359, 49084, 49840, 49870, 50188, 51104, 51327, 51394, 51733, 51950, 52231, 52248, 52399, 53019, 53131, 53272, 53421, 53694, 53889, 53977, 54149, 54373, 54586, 54786, 55538, 55642, 55618, 55718, 55983, 56055, 56142, 56303, 56422, 56663, 56756, 56843, 56833, 56933, 56985, 56883, 57092, 57282, 57551, 57624, 57769, 57800, 57968, 58100, 58185, 58280, 58369, 58419, 58667, 58657, 58675, 58732, 58825, 58513, 58645, 58601, 58653, 58758, 58748, 58894, 58971, 59257, 59267, 59332, 59294, 59328, 59463, 59263, 59241, 59189, 59148, 59124, 59053, 59064, 59280, 59140, 59088, 59058, 58894, 58525, 58424, 58368, 58396, 
start timestamps: 1734434969951, 1734434970182, 1734434970447, 1734434970684, 1734434970949, 1734434971198, 1734434971541, 1734434971910, 1734434972243, 1734434972744, 1734434973002, 1734434973258, 1734434973519, 1734434973855, 1734434974418, 1734434974703, 1734434974998, 1734434975283, 1734434975590, 1734434976147, 1734434976460, 1734434976734, 1734434977038, 1734434977540, 1734434978302, 1734434978722, 1734434979177, 1734434979453, 1734434979762, 1734434980032, 1734434980441, 1734434980810, 1734434981594, 1734434982173, 1734434982732, 1734434983102, 1734434983905, 1734434984240, 1734434984816, 1734434985150, 1734434985427, 1734434985737, 1734434986324, 1734434986844, 1734434987128, 1734434987492, 1734434987825, 1734434988140, 1734434988438, 1734434988728, 1734434989605, 1734434989903, 1734434990361, 1734434990688, 1734434991011, 1734434991541, 1734434991910, 1734434992383, 1734434992736, 1734434993307, 1734434993637, 1734434993961, 1734434994270, 1734434994584, 1734434994905, 1734434995268, 1734434995592, 1734434996182, 1734434996513, 1734434996881, 1734434997507, 1734434997858, 1734434998577, 1734434998915, 1734434999471, 1734434999821, 1734435000225, 1734435000560, 1734435001280, 1734435001637, 1734435001988, 1734435002752, 1734435003151, 1734435004012, 1734435004479, 1734435004888, 1734435005296, 1734435005703, 1734435006423, 1734435006785, 1734435007540, 1734435007900, 1734435008543, 1734435008941, 1734435009688, 1734435010078, 1734435010837, 1734435011215, 1734435011570, 1734435011994, 1734435012376, 1734435012758, 1734435013405, 1734435013830, 1734435014284, 1734435014716, 1734435015153, 1734435015588, 1734435016003, 1734435016414, 1734435016943, 1734435017404, 1734435017836, 1734435018375, 1734435019560, 1734435020015, 1734435020458, 1734435020851, 
end timestamps: 1734435009943, 1734435010902, 1734435011355, 1734435011810, 1734435012239, 1734435012718, 1734435013139, 1734435013995, 1734435014470, 1734435015432, 1734435015902, 1734435016415, 1734435016916, 1734435017407, 1734435018597, 1734435019291, 1734435019754, 1734435020256, 1734435020838, 1734435021456, 1734435021914, 1734435022428, 1734435022897, 1734435023609, 1734435024923, 1734435026357, 1734435027098, 1734435027690, 1734435028235, 1734435028838, 1734435029290, 1734435030169, 1734435030678, 1734435032013, 1734435032602, 1734435033290, 1734435035009, 1734435035567, 1734435036210, 1734435036883, 1734435037377, 1734435037968, 1734435038572, 1734435039243, 1734435040147, 1734435040623, 1734435041097, 1734435041561, 1734435042132, 1734435042617, 1734435043582, 1734435044052, 1734435044734, 1734435045274, 1734435045797, 1734435047079, 1734435047552, 1734435048001, 1734435048454, 1734435049290, 1734435049692, 1734435050103, 1734435050573, 1734435051006, 1734435051568, 1734435052024, 1734435052435, 1734435053015, 1734435053446, 1734435053866, 1734435054390, 1734435054950, 1734435055859, 1734435056466, 1734435057095, 1734435057590, 1734435058025, 1734435058528, 1734435059380, 1734435059822, 1734435060268, 1734435061121, 1734435061570, 1734435062679, 1734435063136, 1734435063563, 1734435064028, 1734435064528, 1734435064936, 1734435065430, 1734435066141, 1734435066553, 1734435067301, 1734435067689, 1734435068582, 1734435069049, 1734435070094, 1734435070482, 1734435070902, 1734435071288, 1734435071704, 1734435072221, 1734435072668, 1734435073071, 1734435073473, 1734435073864, 1734435074277, 1734435074641, 1734435075067, 1734435075694, 1734435076083, 1734435076492, 1734435076894, 1734435077269, 1734435078085, 1734435078439, 1734435078826, 1734435079247, 
Plugin Outgoing Benchmark | start
size of start timestamps: 168
size of end timestamps: 153
latency: 440, 1340, 1375, 1822, 2169, 2618, 2979, 3410, 3778, 4235, 4631, 5081, 5552, 5546, 5578, 5178, 5512, 5268, 4948, 5297, 5430, 5907, 6386, 6087, 5986, 5951, 5749, 5433, 5397, 5776, 5893, 5421, 5301, 5221, 5363, 5360, 5202, 5327, 5686, 5438, 5416, 5701, 5894, 5928, 6368, 5846, 6025, 6345, 6807, 6633, 6603, 6132, 6587, 6324, 6463, 6646, 6661, 7092, 7178, 6770, 7186, 7072, 6836, 7088, 7106, 6878, 7078, 7534, 7316, 7587, 7406, 7611, 7631, 7431, 7532, 7366, 6932, 7287, 7362, 6832, 6762, 6659, 6987, 7197, 7443, 7348, 7334, 6846, 6428, 6828, 6482, 6850, 6832, 6834, 6818, 6412, 6432, 6051, 6438, 6512, 6223, 6458, 6925, 6882, 6460, 6363, 6277, 6174, 6306, 6669, 6932, 7357, 7584, 7273, 7346, 7555, 7458, 7327, 6956, 7176, 6914, 7317, 7087, 7137, 7455, 7765, 7744, 7760, 7715, 7611, 7586, 7331, 7234, 7554, 7193, 7544, 7637, 7783, 7655, 7734, 7632, 7251, 7534, 7239, 7021, 7154, 6806, 6450, 6814, 6795, 6726, 6933, 6451, 
start timestamps: 1734435009475, 1734435009508, 1734435009983, 1734435009985, 1734435010060, 1734435010103, 1734435010153, 1734435010154, 1734435010222, 1734435010262, 1734435010340, 1734435010362, 1734435010362, 1734435010890, 1734435011361, 1734435012253, 1734435012403, 1734435013157, 1734435014018, 1734435014149, 1734435014514, 1734435014545, 1734435014545, 1734435015363, 1734435015917, 1734435016454, 1734435017129, 1734435017917, 1734435018440, 1734435018497, 1734435018827, 1734435019771, 1734435020372, 1734435020937, 1734435021302, 1734435021917, 1734435022677, 1734435023043, 1734435023146, 1734435023848, 1734435024311, 1734435024471, 1734435024734, 1734435025194, 1734435025195, 1734435026169, 1734435026506, 1734435026659, 1734435026700, 1734435027342, 1734435027884, 1734435028847, 1734435028847, 1734435029609, 1734435029954, 1734435030249, 1734435030717, 1734435030751, 1734435031133, 1734435032026, 1734435032054, 1734435032614, 1734435033302, 1734435033546, 1734435033985, 1734435034709, 1734435034982, 1734435034983, 1734435035704, 1734435035935, 1734435036609, 1734435036898, 1734435037389, 1734435038110, 1734435038519, 1734435039251, 1734435040146, 1734435040262, 1734435040638, 1734435041628, 1734435042110, 1734435042643, 1734435042710, 1734435042906, 1734435043107, 1734435043595, 1734435044028, 1734435044957, 1734435045808, 1734435045846, 1734435046631, 1734435046716, 1734435047144, 1734435047582, 1734435048038, 1734435048883, 1734435049301, 1734435050114, 1734435050173, 1734435050586, 1734435051370, 1734435051572, 1734435051572, 1734435052042, 1734435052929, 1734435053460, 1734435053979, 1734435054489, 1734435054811, 1734435054879, 1734435055040, 1734435055096, 1734435055304, 1734435056045, 1734435056394, 1734435056628, 1734435057102, 1734435057624, 1734435058364, 1734435058520, 1734435059181, 1734435059182, 1734435059832, 1734435060218, 1734435060305, 1734435060671, 1734435061203, 1734435061590, 1734435062011, 1734435062483, 1734435062892, 1734435063577, 1734435064074, 1734435064185, 1734435065058, 1734435065176, 1734435065465, 1734435065698, 1734435066199, 1734435066501, 1734435066948, 1734435067700, 1734435067786, 1734435068458, 1734435069079, 1734435069363, 1734435070107, 1734435070842, 1734435070864, 1734435071300, 1734435071736, 1734435071865, 1734435072677, 1734435072781, 1734435073481, 1734435073862, 1734435073940, 1734435074337, 1734435074717, 1734435075329, 1734435076027, 1734435076468, 1734435076469, 1734435076901, 1734435076947, 1734435077277, 1734435077384, 1734435077685, 
end timestamps: 1734435009915, 1734435010848, 1734435011358, 1734435011807, 1734435012229, 1734435012721, 1734435013132, 1734435013564, 1734435014000, 1734435014497, 1734435014971, 1734435015443, 1734435015914, 1734435016436, 1734435016939, 1734435017431, 1734435017915, 1734435018425, 1734435018966, 1734435019446, 1734435019944, 1734435020452, 1734435020931, 1734435021450, 1734435021903, 1734435022405, 1734435022878, 1734435023350, 1734435023837, 1734435024273, 1734435024720, 1734435025192, 1734435025673, 1734435026158, 1734435026665, 1734435027277, 1734435027879, 1734435028370, 1734435028832, 1734435029286, 1734435029727, 1734435030172, 1734435030628, 1734435031122, 1734435031563, 1734435032015, 1734435032531, 1734435033004, 1734435033507, 1734435033975, 1734435034487, 1734435034979, 1734435035434, 1734435035933, 1734435036417, 1734435036895, 1734435037378, 1734435037843, 1734435038311, 1734435038796, 1734435039240, 1734435039686, 1734435040138, 1734435040634, 1734435041091, 1734435041587, 1734435042060, 1734435042517, 1734435043020, 1734435043522, 1734435044015, 1734435044509, 1734435045020, 1734435045541, 1734435046051, 1734435046617, 1734435047078, 1734435047549, 1734435048000, 1734435048460, 1734435048872, 1734435049302, 1734435049697, 1734435050103, 1734435050550, 1734435050943, 1734435051362, 1734435051803, 1734435052236, 1734435052674, 1734435053113, 1734435053566, 1734435053976, 1734435054416, 1734435054856, 1734435055295, 1734435055733, 1734435056165, 1734435056611, 1734435057098, 1734435057593, 1734435058030, 1734435058497, 1734435058924, 1734435059389, 1734435059823, 1734435060256, 1734435060663, 1734435061117, 1734435061548, 1734435061972, 1734435062453, 1734435062888, 1734435063318, 1734435063740, 1734435064183, 1734435064560, 1734435064951, 1734435065320, 1734435065696, 1734435066095, 1734435066499, 1734435066919, 1734435067355, 1734435067760, 1734435068436, 1734435068947, 1734435069350, 1734435069726, 1734435070094, 1734435070478, 1734435070908, 1734435071308, 1734435071739, 1734435072251, 1734435072720, 1734435073102, 1734435073481, 1734435073854, 1734435074235, 1734435074580, 1734435074951, 1734435075320, 1734435075697, 1734435076100, 1734435076517, 1734435076913, 1734435077292, 1734435077678, 1734435078095, 1734435078462, 1734435078798, 1734435079128, 
Plugin Incoming Benchmark | start
size of start timestamps: 118
size of end timestamps: 120
latency: 461, 1383, 490, 893, 591, 913, 1294, 578, 510, 944, 1010, 1213, 1480, 1518, 758, 961, 1078, 1177, 945, 959, 1217, 1122, 715, 690, 717, -481, 5, 241, 17, 476, 6, -127, -268, -1315, -1429, -810, -1875, -1795, -314, -714, -287, -608, -709, -688, -437, -3, -373, -463, 13, -35, -473, -882, -650, -663, -1187, -1661, -1273, -1710, -861, -1291, -1256, -814, -849, -464, -983, -985, -660, -1016, -1446, -1407, -1048, -1052, -1446, -1542, -1802, -2060, -1548, -1402, -1824, -1767, -1481, -1500, -1942, -2365, -2497, -2833, -2365, -2560, -1686, -1486, -1701, -1964, -2326, -2249, -2612, -2386, -3153, -2397, -2729, -2297, -2212, -1601, -1387, -1383, -1367, -1620, -1672, -1608, -1210, -1459, -1763, -1747, -1777, -1567, -1652, -1627, -2009, -2019, 
start timestamps: 1734435009522, 1734435009978, 1734435010907, 1734435011360, 1734435011812, 1734435012244, 1734435012724, 1734435013571, 1734435014004, 1734435014973, 1734435015444, 1734435015916, 1734435016437, 1734435016922, 1734435018069, 1734435018810, 1734435019294, 1734435019760, 1734435020357, 1734435020958, 1734435021460, 1734435021921, 1734435022431, 1734435023158, 1734435024477, 1734435025676, 1734435026501, 1734435027101, 1734435027693, 1734435028371, 1734435028841, 1734435029736, 1734435030222, 1734435031564, 1734435032146, 1734435032836, 1734435034489, 1734435035097, 1734435035689, 1734435036418, 1734435036896, 1734435037506, 1734435038098, 1734435038798, 1734435039688, 1734435040149, 1734435040635, 1734435041101, 1734435041615, 1734435042145, 1734435043116, 1734435043592, 1734435044245, 1734435044774, 1734435045298, 1734435046618, 1734435047081, 1734435047556, 1734435048005, 1734435048873, 1734435049294, 1734435049697, 1734435050150, 1734435050578, 1734435051156, 1734435051571, 1734435052030, 1734435052588, 1734435053018, 1734435053449, 1734435053977, 1734435054512, 1734435055425, 1734435056031, 1734435056613, 1734435057100, 1734435057593, 1734435058030, 1734435058926, 1734435059391, 1734435059845, 1734435060681, 1734435061124, 1734435062197, 1734435062715, 1734435063138, 1734435063568, 1734435064150, 1734435064578, 1734435065063, 1734435065775, 1734435066149, 1734435066865, 1734435067307, 1734435068077, 1734435068585, 1734435069732, 1734435070097, 1734435070484, 1734435070904, 1734435071291, 1734435071708, 1734435072229, 1734435072683, 1734435073103, 1734435073485, 1734435073904, 1734435074285, 1734435074691, 1734435075321, 1734435075703, 1734435076085, 1734435076494, 1734435076896, 1734435077679, 1734435078095, 1734435078478, 1734435078920, 
end timestamps: 1734435009983, 1734435011361, 1734435011397, 1734435012253, 1734435012403, 1734435013157, 1734435014018, 1734435014149, 1734435014514, 1734435015917, 1734435016454, 1734435017129, 1734435017917, 1734435018440, 1734435018827, 1734435019771, 1734435020372, 1734435020937, 1734435021302, 1734435021917, 1734435022677, 1734435023043, 1734435023146, 1734435023848, 1734435025194, 1734435025195, 1734435026506, 1734435027342, 1734435027710, 1734435028847, 1734435028847, 1734435029609, 1734435029954, 1734435030249, 1734435030717, 1734435032026, 1734435032614, 1734435033302, 1734435035375, 1734435035704, 1734435036609, 1734435036898, 1734435037389, 1734435038110, 1734435039251, 1734435040146, 1734435040262, 1734435040638, 1734435041628, 1734435042110, 1734435042643, 1734435042710, 1734435043595, 1734435044111, 1734435044111, 1734435044957, 1734435045808, 1734435045846, 1734435047144, 1734435047582, 1734435048038, 1734435048883, 1734435049301, 1734435050114, 1734435050173, 1734435050586, 1734435051370, 1734435051572, 1734435051572, 1734435052042, 1734435052929, 1734435053460, 1734435053979, 1734435054489, 1734435054811, 1734435055040, 1734435056045, 1734435056628, 1734435057102, 1734435057624, 1734435058364, 1734435059181, 1734435059182, 1734435059832, 1734435060218, 1734435060305, 1734435061203, 1734435061590, 1734435062892, 1734435063577, 1734435064074, 1734435064185, 1734435064539, 1734435065058, 1734435065465, 1734435066199, 1734435066579, 1734435067700, 1734435067755, 1734435068607, 1734435069079, 1734435070107, 1734435070842, 1734435071300, 1734435071736, 1734435071865, 1734435072232, 1734435072677, 1734435073481, 1734435073862, 1734435073940, 1734435074338, 1734435074717, 1734435075329, 1734435076027, 1734435076468, 1734435076469, 1734435076901, 1734435076947, 1734435077277, 
