
**********************************************************
ConnectDAWs File Logger | only the ConnectionManagerThread will write to this file to avoid blocking calls inside the audio thread.
Log started: 17 Dec 2024 12:00:57pm

Network Benchmark | start
size of start timestamps: 172
size of end timestamps: 172
latency: 2714, 2680, 2569, 2599, 2524, 2441, 2405, 2483, 2486, 2505, 2400, 2383, 2392, 2293, 2249, 2123, 2076, 2086, 2149, 2211, 2290, 2234, 2152, 2159, 2122, 2178, 2211, 2130, 1956, 1872, 1854, 1811, 1802, 1723, 1695, 1544, 1478, 1363, 1041, 907, 635, 562, 461, 385, 240, 186, 132, 70, 77, 10, -46, -84, -189, -313, -367, -458, -364, -347, -446, -538, -498, -736, -924, -1011, -1178, -1223, -1407, -1502, -1816, -1868, -1877, -1910, -1974, -1931, -1991, -2047, -1982, -2037, -2279, -2439, -2487, -2571, -2629, -2710, -2920, -3023, -3260, -3507, -3733, -3797, -3793, -3848, -3871, -3856, -3987, -4066, -4110, -4213, -4192, -4285, -4264, -4487, -4749, -4927, -4966, -5050, -5140, -5075, -5145, -5215, -5301, -5360, -5529, -5597, -5649, -5727, -5774, -5816, -5841, -5875, -5867, -5965, -6037, -6092, -6246, -6487, -6555, -6572, -6576, -6608, -6701, -6730, -6881, -6996, -7024, -7147, -7252, -7300, -7274, -7319, -7265, -7397, -7476, -7590, -7573, -7656, -7738, -7785, -7808, -7849, -7978, -8068, -8194, -8234, -8246, -8373, -8452, -8495, -8552, -8649, -8643, -8713, -8744, -8797, -8799, -9001, -9044, -9085, -9056, -9087, -9143, -9270, 
start timestamps: 1734433180227, 1734433180758, 1734433181277, 1734433181761, 1734433182274, 1734433182789, 1734433183324, 1734433184092, 1734433184657, 1734433185226, 1734433185868, 1734433186501, 1734433187110, 1734433187742, 1734433188294, 1734433188932, 1734433189464, 1734433189959, 1734433190444, 1734433190941, 1734433191436, 1734433191995, 1734433192600, 1734433193083, 1734433193635, 1734433194130, 1734433194753, 1734433195422, 1734433196146, 1734433196818, 1734433197412, 1734433197997, 1734433198662, 1734433199336, 1734433199981, 1734433200728, 1734433201426, 1734433202134, 1734433202962, 1734433203582, 1734433204411, 1734433205052, 1734433205662, 1734433206229, 1734433206839, 1734433207425, 1734433208017, 1734433208586, 1734433209140, 1734433209689, 1734433210269, 1734433210832, 1734433211435, 1734433212030, 1734433212595, 1734433213136, 1734433213580, 1734433214098, 1734433214676, 1734433215273, 1734433215851, 1734433216556, 1734433217220, 1734433217850, 1734433218531, 1734433219244, 1734433219976, 1734433220697, 1734433221453, 1734433221990, 1734433222455, 1734433222916, 1734433223430, 1734433223896, 1734433224450, 1734433224989, 1734433225510, 1734433226061, 1734433226729, 1734433227284, 1734433227810, 1734433228293, 1734433228767, 1734433229288, 1734433229868, 1734433230445, 1734433231130, 1734433231859, 1734433232583, 1734433233154, 1734433233613, 1734433234121, 1734433234579, 1734433235109, 1734433235756, 1734433236267, 1734433236742, 1734433237243, 1734433237753, 1734433238240, 1734433238865, 1734433239487, 1734433240122, 1734433240792, 1734433241221, 1734433241629, 1734433242082, 1734433242558, 1734433243014, 1734433243455, 1734433243892, 1734433244423, 1734433244984, 1734433245443, 1734433245870, 1734433246304, 1734433246699, 1734433247101, 1734433247498, 1734433247911, 1734433248315, 1734433248762, 1734433249196, 1734433249613, 1734433250104, 1734433250650, 1734433251054, 1734433251400, 1734433251741, 1734433252080, 1734433252482, 1734433252857, 1734433253300, 1734433253718, 1734433254111, 1734433254562, 1734433254953, 1734433255325, 1734433255651, 1734433255989, 1734433256324, 1734433256767, 1734433257109, 1734433257481, 1734433257787, 1734433258130, 1734433258491, 1734433258791, 1734433259125, 1734433259429, 1734433259828, 1734433260213, 1734433260595, 1734433260951, 1734433261250, 1734433261614, 1734433261969, 1734433262280, 1734433262613, 1734433262962, 1734433263295, 1734433263630, 1734433263965, 1734433264270, 1734433264570, 1734433265036, 1734433265350, 1734433265670, 1734433265970, 1734433266222, 1734433266529, 1734433266886, 
end timestamps: 1734433182941, 1734433183438, 1734433183846, 1734433184360, 1734433184798, 1734433185230, 1734433185729, 1734433186575, 1734433187143, 1734433187731, 1734433188268, 1734433188884, 1734433189502, 1734433190035, 1734433190543, 1734433191055, 1734433191540, 1734433192045, 1734433192593, 1734433193152, 1734433193726, 1734433194229, 1734433194752, 1734433195242, 1734433195757, 1734433196308, 1734433196964, 1734433197552, 1734433198102, 1734433198690, 1734433199266, 1734433199808, 1734433200464, 1734433201059, 1734433201676, 1734433202272, 1734433202904, 1734433203497, 1734433204003, 1734433204489, 1734433205046, 1734433205614, 1734433206123, 1734433206614, 1734433207079, 1734433207611, 1734433208149, 1734433208656, 1734433209217, 1734433209699, 1734433210223, 1734433210748, 1734433211246, 1734433211717, 1734433212228, 1734433212678, 1734433213216, 1734433213751, 1734433214230, 1734433214735, 1734433215353, 1734433215820, 1734433216296, 1734433216839, 1734433217353, 1734433218021, 1734433218569, 1734433219195, 1734433219637, 1734433220122, 1734433220578, 1734433221006, 1734433221456, 1734433221965, 1734433222459, 1734433222942, 1734433223528, 1734433224024, 1734433224450, 1734433224845, 1734433225323, 1734433225722, 1734433226138, 1734433226578, 1734433226948, 1734433227422, 1734433227870, 1734433228352, 1734433228850, 1734433229357, 1734433229820, 1734433230273, 1734433230708, 1734433231253, 1734433231769, 1734433232201, 1734433232632, 1734433233030, 1734433233561, 1734433233955, 1734433234601, 1734433235000, 1734433235373, 1734433235865, 1734433236255, 1734433236579, 1734433236942, 1734433237483, 1734433237869, 1734433238240, 1734433238591, 1734433239063, 1734433239455, 1734433239846, 1734433240221, 1734433240577, 1734433240925, 1734433241285, 1734433241657, 1734433242036, 1734433242448, 1734433242797, 1734433243159, 1734433243521, 1734433243858, 1734433244163, 1734433244499, 1734433244828, 1734433245165, 1734433245472, 1734433245781, 1734433246127, 1734433246419, 1734433246722, 1734433247087, 1734433247415, 1734433247701, 1734433248025, 1734433248377, 1734433248670, 1734433249059, 1734433249370, 1734433249633, 1734433249891, 1734433250214, 1734433250474, 1734433250753, 1734433251006, 1734433251317, 1734433251580, 1734433251850, 1734433252145, 1734433252401, 1734433252717, 1734433253004, 1734433253241, 1734433253517, 1734433253785, 1734433254061, 1734433254313, 1734433254652, 1734433254917, 1734433255221, 1734433255473, 1734433255771, 1734433256035, 1734433256306, 1734433256585, 1734433256914, 1734433257135, 1734433257386, 1734433257616, 
Plugin Outgoing Benchmark | start
size of start timestamps: 194
size of end timestamps: 174
latency: 459, 556, 961, 1157, 1579, 1901, 2251, 2418, 2273, 2653, 2964, 3172, 3626, 4075, 4540, 4780, 5142, 5353, 5707, 6113, 6437, 6552, 6449, 6193, 6010, 5875, 5919, 6087, 6243, 6541, 6720, 6785, 6324, 6291, 6919, 7142, 6850, 7243, 7178, 7025, 6869, 7382, 7284, 6469, 6695, 6988, 7060, 6609, 6840, 6503, 6457, 6765, 6698, 7243, 6966, 6758, 6978, 6985, 6883, 7047, 7105, 6777, 6893, 6788, 7326, 7395, 7515, 7602, 7662, 7248, 7719, 7789, 7446, 6806, 7233, 7716, 7847, 7738, 7813, 7831, 7476, 7664, 7401, 7462, 7380, 7455, 7227, 7212, 7072, 7223, 7132, 7097, 7079, 6761, 7011, 7166, 7199, 7180, 6936, 7124, 6762, 6890, 7068, 7024, 7020, 6913, 6865, 6769, 6575, 6957, 6862, 6860, 6670, 6631, 6592, 6497, 6872, 6961, 6943, 6895, 6817, 6788, 6742, 6734, 6704, 6524, 6654, 6623, 6569, 6541, 6444, 6416, 6262, 6578, 6245, 6208, 6507, 6440, 6516, 6403, 6350, 6306, 6252, 6248, 6103, 6216, 6098, 6096, 6059, 5950, 5946, 5808, 6089, 6123, 6089, 6090, 5851, 5721, 5397, 5615, 5758, 5688, 5486, 5556, 5525, 5372, 5489, 5446, 5518, 5467, 5506, 5540, 5467, 5411, 
start timestamps: 1734433182438, 1734433182796, 1734433182858, 1734433183148, 1734433183148, 1734433183248, 1734433183413, 1734433183822, 1734433184533, 1734433184682, 1734433184967, 1734433185339, 1734433185542, 1734433185688, 1734433185797, 1734433186021, 1734433186133, 1734433186398, 1734433186507, 1734433186607, 1734433186908, 1734433187368, 1734433187941, 1734433188663, 1734433189386, 1734433190048, 1734433190556, 1734433191100, 1734433191549, 1734433191810, 1734433192258, 1734433192723, 1734433193744, 1734433194398, 1734433194464, 1734433194858, 1734433195766, 1734433195925, 1734433196559, 1734433197227, 1734433197911, 1734433197911, 1734433198541, 1734433199847, 1734433200102, 1734433200302, 1734433200768, 1734433201714, 1734433202016, 1734433202921, 1734433203499, 1734433203740, 1734433204290, 1734433204290, 1734433204992, 1734433205617, 1734433205860, 1734433206398, 1734433207045, 1734433207359, 1734433207893, 1734433208717, 1734433209085, 1734433209700, 1734433209700, 1734433210117, 1734433210587, 1734433211069, 1734433211545, 1734433212379, 1734433212455, 1734433212844, 1734433213636, 1734433214736, 1734433214807, 1734433214808, 1734433215164, 1734433215830, 1734433216180, 1734433216592, 1734433217384, 1734433217642, 1734433218296, 1734433218706, 1734433219223, 1734433219638, 1734433220282, 1734433220739, 1734433221278, 1734433221556, 1734433222090, 1734433222598, 1734433223041, 1734433223807, 1734433224107, 1734433224474, 1734433224879, 1734433225322, 1734433225968, 1734433226181, 1734433226955, 1734433227245, 1734433227535, 1734433227976, 1734433228359, 1734433228857, 1734433229293, 1734433229747, 1734433230298, 1734433230298, 1734433230784, 1734433231148, 1734433231674, 1734433232091, 1734433232521, 1734433233041, 1734433233041, 1734433233339, 1734433233733, 1734433234143, 1734433234608, 1734433235001, 1734433235402, 1734433235792, 1734433236168, 1734433236716, 1734433236925, 1734433237279, 1734433237665, 1734433238018, 1734433238445, 1734433238807, 1734433239281, 1734433239281, 1734433239916, 1734433240239, 1734433240301, 1734433240795, 1734433241050, 1734433241428, 1734433241792, 1734433242173, 1734433242627, 1734433242933, 1734433243375, 1734433243582, 1734433243959, 1734433244239, 1734433244561, 1734433244949, 1734433245252, 1734433245675, 1734433245675, 1734433245894, 1734433246199, 1734433246461, 1734433246962, 1734433247407, 1734433248027, 1734433248054, 1734433248160, 1734433248490, 1734433248996, 1734433249186, 1734433249480, 1734433249926, 1734433250076, 1734433250366, 1734433250622, 1734433250988, 1734433251246, 1734433251484, 1734433251779, 1734433252078, 1734433252289, 1734433252289, 1734433252652, 1734433252857, 1734433253146, 1734433253434, 1734433253711, 1734433253996, 1734433254242, 1734433254621, 1734433254622, 1734433255002, 1734433255049, 1734433255300, 1734433255571, 1734433255817, 1734433256142, 1734433256461, 1734433256753, 1734433257079, 
end timestamps: 1734433182897, 1734433183352, 1734433183819, 1734433184305, 1734433184727, 1734433185149, 1734433185664, 1734433186240, 1734433186806, 1734433187335, 1734433187931, 1734433188511, 1734433189168, 1734433189763, 1734433190337, 1734433190801, 1734433191275, 1734433191751, 1734433192214, 1734433192720, 1734433193345, 1734433193920, 1734433194390, 1734433194856, 1734433195396, 1734433195923, 1734433196475, 1734433197187, 1734433197792, 1734433198351, 1734433198978, 1734433199508, 1734433200068, 1734433200689, 1734433201383, 1734433202000, 1734433202616, 1734433203168, 1734433203737, 1734433204252, 1734433204780, 1734433205293, 1734433205825, 1734433206316, 1734433206797, 1734433207290, 1734433207828, 1734433208323, 1734433208856, 1734433209424, 1734433209956, 1734433210505, 1734433210988, 1734433211533, 1734433211958, 1734433212375, 1734433212838, 1734433213383, 1734433213928, 1734433214406, 1734433214998, 1734433215494, 1734433215978, 1734433216488, 1734433217026, 1734433217512, 1734433218102, 1734433218671, 1734433219207, 1734433219627, 1734433220174, 1734433220633, 1734433221082, 1734433221542, 1734433222040, 1734433222524, 1734433223011, 1734433223568, 1734433223993, 1734433224423, 1734433224860, 1734433225306, 1734433225697, 1734433226168, 1734433226603, 1734433227093, 1734433227509, 1734433227951, 1734433228350, 1734433228779, 1734433229222, 1734433229695, 1734433230120, 1734433230568, 1734433231118, 1734433231640, 1734433232078, 1734433232502, 1734433232904, 1734433233305, 1734433233717, 1734433234135, 1734433234603, 1734433235000, 1734433235379, 1734433235770, 1734433236158, 1734433236516, 1734433236873, 1734433237255, 1734433237646, 1734433238008, 1734433238344, 1734433238722, 1734433239113, 1734433239538, 1734433239913, 1734433240300, 1734433240676, 1734433241038, 1734433241425, 1734433241789, 1734433242144, 1734433242526, 1734433242872, 1734433243240, 1734433243579, 1734433243902, 1734433244234, 1734433244559, 1734433244889, 1734433245223, 1734433245543, 1734433245859, 1734433246161, 1734433246447, 1734433246808, 1734433247235, 1734433247566, 1734433247831, 1734433248142, 1734433248479, 1734433248879, 1734433249181, 1734433249478, 1734433249798, 1734433250057, 1734433250335, 1734433250620, 1734433250899, 1734433251198, 1734433251483, 1734433251764, 1734433252017, 1734433252288, 1734433252551, 1734433252813, 1734433253128, 1734433253424, 1734433253669, 1734433253918, 1734433254178, 1734433254482, 1734433254742, 1734433255005, 1734433255298, 1734433255565, 1734433255812, 1734433256140, 1734433256455, 1734433256752, 1734433257024, 1734433257246, 1734433257489, 
Plugin Incoming Benchmark | start
size of start timestamps: 173
size of end timestamps: 182
latency: 680, 194, 381, 684, 316, 166, 80, -224, 25, 21, 204, 50, 497, 42, 7, 9, 14, -32, 53, 26, -529, -513, -506, -359, -386, -490, -564, -627, -483, -520, -151, -546, 1, -368, -294, -354, -561, -536, -598, -268, -205, -834, -1019, -875, -1001, -692, -863, -1079, -986, -1042, -991, -526, -1051, -1314, -1171, -1484, -1139, -1270, -1381, -1443, -1483, -1431, -1088, -1494, -2036, -1977, -2194, -2266, -2337, -2255, -1827, -2007, -2435, -2241, -2332, -2181, -2209, -2252, -2562, -2467, -2370, -2348, -2747, -2598, -2474, -2490, -2547, -2531, -2492, -2741, -2776, -2868, -2805, -3259, -3378, -3412, -3347, -3128, -3143, -3267, -3847, -3822, -3684, -3410, -3629, -3617, -3546, -4049, -3918, -3730, -3635, -3674, -3664, -3585, -3573, -3509, -3383, -3418, -3416, -3397, -3358, -3382, -3345, -3246, -3284, -3260, -3115, -3076, -3038, -2994, -2847, -2854, -2962, -2839, -2765, -2888, -2856, -2873, -2790, -2705, -2997, -3279, -3173, -3176, -3191, -3122, -3052, -3331, -2981, -3267, -3184, -3149, -3084, -2926, -2793, -3044, -3017, -2898, -2917, -2941, -2910, -3069, -3014, -2972, -3022, -2917, -3029, -2873, -3002, -2920, -3080, -3020, -2947, 
start timestamps: 1734433182468, 1734433182954, 1734433183441, 1734433183849, 1734433184366, 1734433184801, 1734433185259, 1734433186021, 1734433186582, 1734433187153, 1734433187737, 1734433188289, 1734433188889, 1734433189505, 1734433190041, 1734433190547, 1734433191086, 1734433191581, 1734433192052, 1734433192600, 1734433193155, 1734433193729, 1734433194250, 1734433194757, 1734433195244, 1734433195762, 1734433196330, 1734433196970, 1734433197558, 1734433198106, 1734433198692, 1734433199269, 1734433199846, 1734433200470, 1734433201062, 1734433201684, 1734433202275, 1734433202907, 1734433203519, 1734433204008, 1734433204495, 1734433205124, 1734433205616, 1734433206127, 1734433206618, 1734433207090, 1734433207617, 1734433208169, 1734433208659, 1734433209221, 1734433209708, 1734433210226, 1734433210751, 1734433211251, 1734433211758, 1734433212241, 1734433212684, 1734433213219, 1734433213760, 1734433214232, 1734433214742, 1734433215355, 1734433215824, 1734433216301, 1734433216844, 1734433217357, 1734433218024, 1734433218576, 1734433219197, 1734433219639, 1734433220123, 1734433220585, 1734433221013, 1734433221464, 1734433221970, 1734433222463, 1734433222948, 1734433223530, 1734433224026, 1734433224452, 1734433224848, 1734433225325, 1734433225725, 1734433226141, 1734433226581, 1734433226964, 1734433227426, 1734433227879, 1734433228460, 1734433228922, 1734433229360, 1734433229823, 1734433230276, 1734433230730, 1734433231257, 1734433231771, 1734433232204, 1734433232637, 1734433233147, 1734433233565, 1734433234145, 1734433234606, 1734433235003, 1734433235502, 1734433235867, 1734433236258, 1734433236587, 1734433237090, 1734433237489, 1734433237873, 1734433238243, 1734433238675, 1734433239066, 1734433239457, 1734433239849, 1734433240225, 1734433240580, 1734433240928, 1734433241292, 1734433241659, 1734433242051, 1734433242453, 1734433242801, 1734433243162, 1734433243523, 1734433243860, 1734433244165, 1734433244504, 1734433244830, 1734433245167, 1734433245474, 1734433245787, 1734433246129, 1734433246421, 1734433246724, 1734433247089, 1734433247417, 1734433247704, 1734433248042, 1734433248380, 1734433248672, 1734433249062, 1734433249372, 1734433249637, 1734433249933, 1734433250215, 1734433250477, 1734433250756, 1734433251008, 1734433251321, 1734433251581, 1734433251852, 1734433252147, 1734433252406, 1734433252719, 1734433253007, 1734433253243, 1734433253520, 1734433253787, 1734433254064, 1734433254314, 1734433254655, 1734433254921, 1734433255224, 1734433255475, 1734433255774, 1734433256038, 1734433256307, 1734433256590, 1734433256916, 1734433257148, 1734433257388, 1734433257619, 
end timestamps: 1734433183148, 1734433183148, 1734433183822, 1734433184533, 1734433184682, 1734433184967, 1734433185339, 1734433185797, 1734433186607, 1734433187174, 1734433187941, 1734433188339, 1734433189386, 1734433189547, 1734433190048, 1734433190556, 1734433191100, 1734433191549, 1734433192105, 1734433192626, 1734433192626, 1734433193216, 1734433193744, 1734433194398, 1734433194858, 1734433195272, 1734433195766, 1734433196343, 1734433197075, 1734433197586, 1734433198541, 1734433198723, 1734433199847, 1734433200102, 1734433200768, 1734433201330, 1734433201714, 1734433202371, 1734433202921, 1734433203740, 1734433204290, 1734433204290, 1734433204597, 1734433205252, 1734433205617, 1734433206398, 1734433206754, 1734433207090, 1734433207673, 1734433208179, 1734433208717, 1734433209700, 1734433209700, 1734433209937, 1734433210587, 1734433210757, 1734433211545, 1734433211949, 1734433212379, 1734433212789, 1734433213259, 1734433213924, 1734433214736, 1734433214807, 1734433214808, 1734433215380, 1734433215830, 1734433216310, 1734433216860, 1734433217384, 1734433218296, 1734433218578, 1734433218578, 1734433219223, 1734433219638, 1734433220282, 1734433220739, 1734433221278, 1734433221464, 1734433221985, 1734433222478, 1734433222977, 1734433222978, 1734433223543, 1734433224107, 1734433224474, 1734433224879, 1734433225348, 1734433225968, 1734433226181, 1734433226584, 1734433226955, 1734433227471, 1734433227471, 1734433227879, 1734433228359, 1734433228857, 1734433229509, 1734433230004, 1734433230298, 1734433230298, 1734433230784, 1734433231319, 1734433232092, 1734433232238, 1734433232641, 1734433233041, 1734433233041, 1734433233571, 1734433234143, 1734433234608, 1734433235001, 1734433235402, 1734433235872, 1734433236276, 1734433236716, 1734433237197, 1734433237510, 1734433237876, 1734433238262, 1734433238693, 1734433239071, 1734433239456, 1734433239916, 1734433240239, 1734433240600, 1734433241050, 1734433241428, 1734433241792, 1734433242173, 1734433242627, 1734433242933, 1734433243167, 1734433243582, 1734433243959, 1734433244201, 1734433244561, 1734433244831, 1734433245252, 1734433245675, 1734433245675, 1734433245783, 1734433246199, 1734433246461, 1734433246742, 1734433247093, 1734433247425, 1734433247425, 1734433248027, 1734433248054, 1734433248397, 1734433248703, 1734433249063, 1734433249480, 1734433249926, 1734433249963, 1734433250226, 1734433250622, 1734433250870, 1734433251123, 1734433251404, 1734433251586, 1734433251907, 1734433252252, 1734433252453, 1734433252857, 1734433253009, 1734433253434, 1734433253588, 1734433253996, 1734433254068, 1734433254368, 1734433254672, 1734433255002, 1734433255300, 1734433255571, 1734433255775, 1734433256040, 1734433256308, 1734433256308, 1734433256593, 1734433256948, 
