
**********************************************************
ConnectDAWs File Logger | only the ConnectionManagerThread will write to this file to avoid blocking calls inside the audio thread.
Log started: 17 Dec 2024 12:37:44pm

Network Benchmark | start
size of start timestamps: 236
size of end timestamps: 236
latency: 37777, 37979, 37924, 37881, 37846, 38106, 38090, 38066, 37996, 37513, 37449, 37378, 37326, 37277, 37240, 37165, 37122, 37070, 37020, 36942, 36821, 36717, 36571, 36456, 36346, 36177, 36051, 35943, 35874, 35818, 35675, 35467, 35332, 35151, 35046, 34966, 34761, 34665, 34490, 34397, 34289, 34193, 34096, 33973, 33863, 33748, 33645, 33544, 33425, 33215, 33141, 33281, 33112, 32931, 32730, 32458, 32281, 32075, 31898, 31732, 30907, 30909, 30750, 30589, 30419, 30252, 30064, 29909, 29801, 29598, 29401, 29256, 29103, 28940, 28796, 28624, 28448, 28288, 28086, 27912, 27756, 27614, 27493, 27608, 27563, 27468, 27360, 27240, 27277, 27196, 27089, 26957, 26855, 26758, 26667, 26560, 26451, 26290, 26182, 26052, 25929, 25745, 25445, 25182, 25076, 24954, 24617, 24154, 23918, 23807, 23639, 23463, 22956, 23152, 23016, 22736, 22602, 22467, 22270, 21794, 21671, 21527, 21434, 21320, 21190, 21056, 20802, 20847, 20728, 20575, 20425, 20005, 19810, 19695, 19594, 19260, 19167, 18974, 18854, 18697, 18611, 18575, 18431, 18301, 18095, 17994, 17938, 17801, 17706, 17747, 17687, 17564, 17442, 17253, 17041, 16953, 16791, 16684, 16555, 16444, 16306, 16186, 16045, 15943, 15804, 15666, 15529, 15404, 15160, 15203, 15004, 14806, 14613, 14447, 14306, 14095, 13853, 13683, 13623, 13438, 13248, 13069, 12910, 12738, 12551, 12256, 12051, 10703, 10492, 10309, 10018, 9803, 9874, 9685, 9499, 9303, 8883, 8686, 8479, 8272, 7729, 7466, 6988, 6551, 6381, 6147, 5937, 5679, 5596, 5358, 5072, 4516, 4321, 3720, 3526, 3316, 3109, 2893, 2468, 2257, 1734, 1552, 1348, 1367, 1200, 1035, 858, 649, 463, 396, 207, 21, -183, -403, -575, -754, 
start timestamps: 1734435351793, 1734435352110, 1734435352428, 1734435352742, 1734435353051, 1734435353386, 1734435353708, 1734435354016, 1734435354355, 1734435355107, 1734435355435, 1734435355771, 1734435356087, 1734435356415, 1734435356731, 1734435357085, 1734435357411, 1734435357743, 1734435358071, 1734435358438, 1734435358812, 1734435359166, 1734435359562, 1734435359932, 1734435360287, 1734435360710, 1734435361090, 1734435361456, 1734435361823, 1734435362188, 1734435362588, 1734435363080, 1734435363501, 1734435363953, 1734435364333, 1734435364719, 1734435365215, 1734435365607, 1734435366037, 1734435366401, 1734435366775, 1734435367155, 1734435367526, 1734435367907, 1734435368278, 1734435368646, 1734435369008, 1734435369368, 1734435369752, 1734435370213, 1734435370584, 1734435371181, 1734435371580, 1734435371987, 1734435372424, 1734435372922, 1734435373332, 1734435373754, 1734435374154, 1734435374540, 1734435375689, 1734435376107, 1734435376498, 1734435376886, 1734435377288, 1734435377706, 1734435378133, 1734435378525, 1734435378983, 1734435379406, 1734435379828, 1734435380233, 1734435380618, 1734435381013, 1734435381406, 1734435381812, 1734435382215, 1734435382600, 1734435383024, 1734435383420, 1734435383802, 1734435384187, 1734435384549, 1734435384905, 1734435385264, 1734435385602, 1734435385953, 1734435386347, 1734435386686, 1734435387022, 1734435387377, 1734435387760, 1734435388152, 1734435388495, 1734435388850, 1734435389207, 1734435389573, 1734435389982, 1734435390344, 1734435390712, 1734435391073, 1734435391488, 1734435392051, 1734435392566, 1734435392919, 1734435393300, 1734435393922, 1734435394640, 1734435395128, 1734435395501, 1734435395936, 1734435396891, 1734435398043, 1734435398900, 1734435399320, 1734435399883, 1734435400298, 1734435400701, 1734435401164, 1734435401935, 1734435402330, 1734435402744, 1734435403122, 1734435403518, 1734435403925, 1734435404342, 1734435404880, 1734435405327, 1734435405731, 1734435406162, 1734435406585, 1734435407911, 1734435408368, 1734435408754, 1734435409147, 1734435409757, 1734435410211, 1734435410692, 1734435411117, 1734435411584, 1734435412029, 1734435412470, 1734435412915, 1734435413358, 1734435413878, 1734435414322, 1734435414779, 1734435415243, 1734435415678, 1734435416132, 1734435416632, 1734435417066, 1734435417483, 1734435417957, 1734435418481, 1734435418895, 1734435419354, 1734435419789, 1734435420216, 1734435420635, 1734435421078, 1734435421499, 1734435421947, 1734435422381, 1734435422833, 1734435423306, 1734435423746, 1734435424208, 1734435424729, 1734435425172, 1734435425630, 1734435426097, 1734435426564, 1734435427010, 1734435427449, 1734435427944, 1734435428469, 1734435428927, 1734435429385, 1734435429853, 1734435430310, 1734435430802, 1734435431252, 1734435431698, 1734435432151, 1734435432743, 1734435433220, 1734435434826, 1734435435318, 1734435435778, 1734435436369, 1734435436860, 1734435437324, 1734435437782, 1734435438242, 1734435438707, 1734435439625, 1734435440101, 1734435440555, 1734435441010, 1734435441934, 1734435442478, 1734435443788, 1734435444462, 1734435444896, 1734435445370, 1734435445822, 1734435446362, 1734435446825, 1734435447312, 1734435447906, 1734435448805, 1734435449258, 1734435450560, 1734435450999, 1734435451459, 1734435452074, 1734435452546, 1734435453558, 1734435454003, 1734435455002, 1734435455419, 1734435455857, 1734435456270, 1734435456665, 1734435457063, 1734435457460, 1734435457891, 1734435458309, 1734435458711, 1734435459123, 1734435459531, 1734435459945, 1734435460386, 1734435460785, 1734435461179, 
end timestamps: 1734435389570, 1734435390089, 1734435390352, 1734435390623, 1734435390897, 1734435391492, 1734435391798, 1734435392082, 1734435392351, 1734435392620, 1734435392884, 1734435393149, 1734435393413, 1734435393692, 1734435393971, 1734435394250, 1734435394533, 1734435394813, 1734435395091, 1734435395380, 1734435395633, 1734435395883, 1734435396133, 1734435396388, 1734435396633, 1734435396887, 1734435397141, 1734435397399, 1734435397697, 1734435398006, 1734435398263, 1734435398547, 1734435398833, 1734435399104, 1734435399379, 1734435399685, 1734435399976, 1734435400272, 1734435400527, 1734435400798, 1734435401064, 1734435401348, 1734435401622, 1734435401880, 1734435402141, 1734435402394, 1734435402653, 1734435402912, 1734435403177, 1734435403428, 1734435403725, 1734435404462, 1734435404692, 1734435404918, 1734435405154, 1734435405380, 1734435405613, 1734435405829, 1734435406052, 1734435406272, 1734435406596, 1734435407016, 1734435407248, 1734435407475, 1734435407707, 1734435407958, 1734435408197, 1734435408434, 1734435408784, 1734435409004, 1734435409229, 1734435409489, 1734435409721, 1734435409953, 1734435410202, 1734435410436, 1734435410663, 1734435410888, 1734435411110, 1734435411332, 1734435411558, 1734435411801, 1734435412042, 1734435412513, 1734435412827, 1734435413070, 1734435413313, 1734435413587, 1734435413963, 1734435414218, 1734435414466, 1734435414717, 1734435415007, 1734435415253, 1734435415517, 1734435415767, 1734435416024, 1734435416272, 1734435416526, 1734435416764, 1734435417002, 1734435417233, 1734435417496, 1734435417748, 1734435417995, 1734435418254, 1734435418539, 1734435418794, 1734435419046, 1734435419308, 1734435419575, 1734435420354, 1734435420999, 1734435422052, 1734435422336, 1734435422619, 1734435422900, 1734435423168, 1734435423434, 1734435423729, 1734435424001, 1734435424271, 1734435424556, 1734435424838, 1734435425115, 1734435425398, 1734435425682, 1734435426174, 1734435426459, 1734435426737, 1734435427010, 1734435427916, 1734435428178, 1734435428449, 1734435428741, 1734435429017, 1734435429378, 1734435429666, 1734435429971, 1734435430281, 1734435430640, 1734435431045, 1734435431346, 1734435431659, 1734435431973, 1734435432316, 1734435432717, 1734435433044, 1734435433384, 1734435433879, 1734435434319, 1734435434630, 1734435434925, 1734435435210, 1734435435522, 1734435435848, 1734435436145, 1734435436473, 1734435436771, 1734435437079, 1734435437384, 1734435437685, 1734435437992, 1734435438324, 1734435438637, 1734435438972, 1734435439275, 1734435439612, 1734435439889, 1734435440375, 1734435440634, 1734435440903, 1734435441177, 1734435441457, 1734435441755, 1734435442039, 1734435442322, 1734435442610, 1734435443008, 1734435443291, 1734435443558, 1734435443871, 1734435444162, 1734435444436, 1734435444702, 1734435444999, 1734435445271, 1734435445529, 1734435445810, 1734435446087, 1734435446387, 1734435446663, 1734435447198, 1734435447467, 1734435447741, 1734435448010, 1734435448508, 1734435448787, 1734435449034, 1734435449282, 1734435449663, 1734435449944, 1734435450776, 1734435451013, 1734435451277, 1734435451517, 1734435451759, 1734435452041, 1734435452421, 1734435452670, 1734435452978, 1734435453321, 1734435453579, 1734435454280, 1734435454525, 1734435454775, 1734435455183, 1734435455439, 1734435456026, 1734435456260, 1734435456736, 1734435456971, 1734435457205, 1734435457637, 1734435457865, 1734435458098, 1734435458318, 1734435458540, 1734435458772, 1734435459107, 1734435459330, 1734435459552, 1734435459762, 1734435459983, 1734435460210, 1734435460425, 
Plugin Outgoing Benchmark | start
size of start timestamps: 232
size of end timestamps: 220
latency: 267, 529, 1067, 812, 531, 728, 709, 692, 726, 1072, 676, 563, 836, 637, 580, 734, 691, 507, 513, 505, 501, 507, 527, 548, 583, 837, 925, 920, 899, 926, 917, 1125, 989, 866, 897, 1131, 1319, 1328, 1405, 1533, 1373, 1346, 1453, 1336, 1330, 1345, 1293, 1523, 1348, 1698, 1438, 1156, 994, 1349, 1118, 1130, 988, 985, 913, 1125, 1153, 1165, 1198, 1059, 1041, 1157, 1184, 1410, 1431, 1681, 2347, 2755, 2381, 2397, 1976, 1833, 1688, 1520, 1641, 1582, 1545, 1420, 1571, 1678, 1531, 2214, 1977, 2115, 1960, 1547, 1301, 1314, 1575, 1568, 1501, 1787, 2108, 2145, 2152, 2164, 1903, 1657, 1930, 2260, 2169, 2624, 2664, 2634, 2497, 2345, 2088, 2001, 1908, 1889, 2207, 2495, 2536, 2881, 2823, 2924, 2872, 3306, 3377, 2966, 3316, 3266, 3025, 2724, 2747, 2740, 2649, 3437, 3996, 3793, 3785, 3657, 3667, 4291, 4006, 3461, 3611, 3583, 3481, 3817, 3534, 3208, 3156, 2890, 2861, 2885, 2667, 2909, 3158, 2996, 2968, 2896, 3402, 3090, 3109, 3063, 3336, 3491, 3514, 3489, 2962, 3038, 2721, 3121, 3106, 2790, 2842, 2794, 2794, 2816, 3121, 2886, 3044, 3008, 2898, 3016, 2788, 2631, 3115, 2999, 3137, 3188, 3017, 3107, 2959, 3387, 3479, 3527, 3584, 3348, 3375, 3452, 3327, 3320, 3071, 2819, 2779, 2786, 3080, 2908, 2872, 3085, 3018, 3194, 3114, 3012, 2813, 2779, 2452, 2402, 2387, 2387, 2364, 2551, 2344, 2296, 
start timestamps: 1734435389299, 1734435389299, 1734435389299, 1734435390094, 1734435390635, 1734435390903, 1734435391192, 1734435391486, 1734435391907, 1734435392357, 1734435393158, 1734435393548, 1734435393704, 1734435394257, 1734435394610, 1734435394894, 1734435395204, 1734435395643, 1734435395888, 1734435396142, 1734435396396, 1734435396639, 1734435396895, 1734435397169, 1734435397451, 1734435397451, 1734435397741, 1734435398014, 1734435398293, 1734435398553, 1734435398844, 1734435398945, 1734435399385, 1734435399767, 1734435400001, 1734435400020, 1734435400095, 1734435400344, 1734435400532, 1734435400662, 1734435401076, 1734435401356, 1734435401504, 1734435401886, 1734435402150, 1734435402405, 1734435402710, 1734435402710, 1734435403121, 1734435403229, 1734435403731, 1734435404238, 1734435404693, 1734435404713, 1734435405161, 1734435405471, 1734435405834, 1734435406059, 1734435406359, 1734435406377, 1734435406580, 1734435406800, 1734435407113, 1734435407484, 1734435407738, 1734435408081, 1734435408315, 1734435408544, 1734435409009, 1734435409270, 1734435409270, 1734435409508, 1734435410203, 1734435410668, 1734435411352, 1734435411885, 1734435412286, 1734435412828, 1734435413088, 1734435413441, 1734435413724, 1734435414104, 1734435414471, 1734435414616, 1734435415018, 1734435415270, 1734435415788, 1734435415898, 1734435416302, 1734435417013, 1734435417517, 1734435417756, 1734435417756, 1734435418002, 1734435418306, 1734435418307, 1734435418550, 1734435418801, 1734435419072, 1734435419332, 1734435419861, 1734435420386, 1734435420387, 1734435420531, 1734435420902, 1734435421007, 1734435421503, 1734435421929, 1734435422344, 1734435422798, 1734435423344, 1734435423900, 1734435424278, 1734435424570, 1734435424868, 1734435424868, 1734435425118, 1734435425569, 1734435425907, 1734435426181, 1734435426799, 1734435427011, 1734435427370, 1734435428179, 1734435428454, 1734435428821, 1734435429384, 1734435430015, 1734435430341, 1734435430841, 1734435431371, 1734435431489, 1734435431830, 1734435432418, 1734435432764, 1734435433277, 1734435433724, 1734435433724, 1734435434631, 1734435435523, 1734435435907, 1734435436223, 1734435436632, 1734435437085, 1734435437714, 1734435438331, 1734435438663, 1734435439207, 1734435439525, 1734435439829, 1734435440635, 1734435440927, 1734435441000, 1734435441468, 1734435441766, 1734435442109, 1734435442442, 1734435443028, 1734435443559, 1734435443877, 1734435443877, 1734435444186, 1734435444437, 1734435444743, 1734435445552, 1734435445819, 1734435446387, 1734435446412, 1734435446670, 1734435447226, 1734435447419, 1734435447750, 1734435448233, 1734435448601, 1734435448795, 1734435449287, 1734435449381, 1734435449669, 1734435450023, 1734435450301, 1734435450782, 1734435451175, 1734435451175, 1734435451539, 1734435451654, 1734435452013, 1734435452427, 1734435452675, 1734435453076, 1734435453113, 1734435453495, 1734435453891, 1734435454062, 1734435454534, 1734435454939, 1734435455206, 1734435455551, 1734435455787, 1734435456261, 1734435456741, 1734435457206, 1734435457424, 1734435457666, 1734435458099, 1734435458340, 1734435458340, 1734435458633, 1734435458664, 1734435458946, 1734435459335, 1734435459763, 1734435459988, 1734435460539, 1734435460797, 1734435461012, 1734435461217, 1734435461446, 1734435461459, 1734435461863, 1734435462143, 1734435462377, 1734435462393, 1734435462786, 1734435462996, 1734435463110, 1734435463265, 1734435463302, 1734435463302, 1734435463370, 1734435463811, 1734435464227, 1734435464227, 
end timestamps: 1734435389566, 1734435389828, 1734435390366, 1734435390906, 1734435391166, 1734435391631, 1734435391901, 1734435392178, 1734435392633, 1734435393429, 1734435393834, 1734435394111, 1734435394540, 1734435394894, 1734435395190, 1734435395628, 1734435395895, 1734435396150, 1734435396401, 1734435396647, 1734435396897, 1734435397146, 1734435397422, 1734435397717, 1734435398034, 1734435398288, 1734435398666, 1734435398934, 1734435399192, 1734435399479, 1734435399761, 1734435400070, 1734435400374, 1734435400633, 1734435400898, 1734435401151, 1734435401414, 1734435401672, 1734435401937, 1734435402195, 1734435402449, 1734435402702, 1734435402957, 1734435403222, 1734435403480, 1734435403750, 1734435404003, 1734435404233, 1734435404469, 1734435404927, 1734435405169, 1734435405394, 1734435405687, 1734435406062, 1734435406279, 1734435406601, 1734435406822, 1734435407044, 1734435407272, 1734435407502, 1734435407733, 1734435407965, 1734435408311, 1734435408543, 1734435408779, 1734435409238, 1734435409499, 1734435409954, 1734435410440, 1734435410951, 1734435411617, 1734435412263, 1734435412584, 1734435413065, 1734435413328, 1734435413718, 1734435413974, 1734435414348, 1734435414729, 1734435415023, 1734435415269, 1734435415524, 1734435416042, 1734435416294, 1734435416549, 1734435417484, 1734435417765, 1734435418013, 1734435418262, 1734435418560, 1734435418818, 1734435419070, 1734435419331, 1734435419570, 1734435419807, 1734435420094, 1734435420658, 1734435420946, 1734435421224, 1734435421496, 1734435421764, 1734435422043, 1734435422317, 1734435422791, 1734435423071, 1734435423631, 1734435424167, 1734435424563, 1734435424841, 1734435425143, 1734435425432, 1734435425901, 1734435426186, 1734435426459, 1734435427075, 1734435427363, 1734435427654, 1734435428450, 1734435428730, 1734435429105, 1734435429671, 1734435430317, 1734435430747, 1734435431145, 1734435431770, 1734435432087, 1734435432409, 1734435432739, 1734435433088, 1734435433581, 1734435434020, 1734435434926, 1734435435826, 1734435436211, 1734435436549, 1734435436934, 1734435437391, 1734435438015, 1734435438637, 1734435438984, 1734435439518, 1734435439806, 1734435440113, 1734435440902, 1734435441248, 1734435441539, 1734435441819, 1734435442097, 1734435442386, 1734435442714, 1734435443302, 1734435443836, 1734435444158, 1734435444464, 1734435444734, 1734435445005, 1734435445844, 1734435446118, 1734435446668, 1734435446940, 1734435447213, 1734435447677, 1734435447951, 1734435448232, 1734435448514, 1734435448857, 1734435449108, 1734435449533, 1734435449776, 1734435450016, 1734435450261, 1734435450544, 1734435451027, 1734435451417, 1734435451916, 1734435452173, 1734435452425, 1734435452677, 1734435452921, 1734435453317, 1734435453570, 1734435453806, 1734435454290, 1734435454538, 1734435454791, 1734435455201, 1734435455444, 1734435455782, 1734435456035, 1734435456500, 1734435456974, 1734435457418, 1734435457646, 1734435457882, 1734435458314, 1734435458658, 1734435458878, 1734435459107, 1734435459332, 1734435459560, 1734435459985, 1734435460210, 1734435460746, 1734435461007, 1734435461212, 1734435461425, 1734435461651, 1734435461858, 1734435462060, 1734435462347, 1734435462576, 1734435462767, 1734435462991, 1734435463199, 1734435463399, 1734435463604, 1734435463810, 1734435464010, 1734435464207, 1734435464439, 
Plugin Incoming Benchmark | start
size of start timestamps: 236
size of end timestamps: 219
latency: 786, 807, 813, 836, 860, 740, 830, 1356, 1463, 1351, 1634, 1723, 1743, 1786, 1948, 1915, 1885, 1860, 1823, 1799, 1787, 1816, 1565, 1606, 1621, 1652, 1662, 1700, 1494, 1685, 1757, 1713, 1457, 1247, 1234, 1137, 971, 1092, 1081, 968, 1072, 1067, 1041, 1086, 821, 976, 832, 1072, 1317, 1515, 1232, 928, 1008, 1140, 1138, 1202, 994, 965, 969, 1059, 1125, 942, 1061, 1065, 1067, 1276, 1308, 1070, 965, 1417, 1662, 2088, 2385, 2560, 2850, 2884, 3002, 3056, 3211, 3359, 3281, 3456, 3466, 3524, 3313, 3473, 3941, 4188, 4038, 3782, 3781, 3839, 3577, 3541, 3531, 3551, 3562, 3835, 4112, 3859, 3765, 3898, 3771, 4005, 4179, 4345, 4536, 4803, 5103, 5225, 5237, 4773, 4169, 3345, 3515, 3563, 3559, 3897, 3841, 3934, 4448, 4450, 4547, 4820, 5172, 5224, 5442, 5469, 5306, 5368, 5676, 5109, 5360, 5542, 5268, 5888, 6417, 6528, 6551, 6659, 6744, 6966, 7283, 7315, 7545, 7545, 7415, 7915, 7879, 7418, 7448, 7446, 7477, 7515, 7816, 8034, 8027, 7729, 7710, 7663, 7662, 8166, 8127, 8372, 8086, 8031, 8251, 8110, 8137, 8119, 8224, 8158, 8383, 8202, 8200, 8264, 8260, 8455, 8431, 8153, 8246, 8089, 8140, 8263, 8236, 8342, 8110, 8220, 8358, 8248, 8415, 8548, 8278, 8350, 8317, 8518, 8509, 8692, 8635, 8627, 8701, 8640, 7795, 7855, 7625, 7667, 7816, 8002, 7810, 8116, 8059, 7930, 7888, 7404, 7168, 7336, 7208, 7176, 6605, 
start timestamps: 1734435389308, 1734435389828, 1734435390090, 1734435390356, 1734435390626, 1734435391167, 1734435391527, 1734435391802, 1734435392085, 1734435392353, 1734435392623, 1734435392887, 1734435393151, 1734435393418, 1734435393695, 1734435393973, 1734435394257, 1734435394536, 1734435394816, 1734435395096, 1734435395382, 1734435395635, 1734435395886, 1734435396135, 1734435396393, 1734435396641, 1734435396891, 1734435397144, 1734435397451, 1734435397700, 1734435398010, 1734435398288, 1734435398563, 1734435398848, 1734435399110, 1734435399395, 1734435399691, 1734435399984, 1734435400275, 1734435400536, 1734435400814, 1734435401083, 1734435401364, 1734435401624, 1734435401889, 1734435402145, 1734435402397, 1734435402659, 1734435402921, 1734435403178, 1734435403481, 1734435404233, 1734435404463, 1734435404694, 1734435404921, 1734435405157, 1734435405383, 1734435405615, 1734435405831, 1734435406054, 1734435406359, 1734435406796, 1734435407020, 1734435407250, 1734435407477, 1734435407733, 1734435407962, 1734435408200, 1734435408543, 1734435408786, 1734435409006, 1734435409264, 1734435409500, 1734435409726, 1734435409978, 1734435410204, 1734435410439, 1734435410668, 1734435410893, 1734435411112, 1734435411335, 1734435411562, 1734435411804, 1734435412264, 1734435412585, 1734435412829, 1734435413072, 1734435413329, 1734435413718, 1734435413974, 1734435414221, 1734435414467, 1734435414730, 1734435415009, 1734435415270, 1734435415521, 1734435415770, 1734435416026, 1734435416274, 1734435416528, 1734435416766, 1734435417004, 1734435417236, 1734435417498, 1734435417750, 1734435417999, 1734435418262, 1734435418541, 1734435418797, 1734435419053, 1734435419333, 1734435420095, 1734435420699, 1734435421773, 1734435422054, 1734435422344, 1734435422622, 1734435422902, 1734435423170, 1734435423436, 1734435423731, 1734435424004, 1734435424274, 1734435424564, 1734435424843, 1734435425117, 1734435425399, 1734435425902, 1734435426183, 1734435426462, 1734435426742, 1734435427655, 1734435427917, 1734435428182, 1734435428456, 1734435428743, 1734435429106, 1734435429379, 1734435429672, 1734435429973, 1734435430341, 1734435430748, 1734435431048, 1734435431348, 1734435431662, 1734435431980, 1734435432414, 1734435432720, 1734435433048, 1734435433582, 1734435434020, 1734435434320, 1734435434632, 1734435434927, 1734435435212, 1734435435525, 1734435435850, 1734435436148, 1734435436476, 1734435436774, 1734435437081, 1734435437386, 1734435437692, 1734435438015, 1734435438326, 1734435438639, 1734435438975, 1734435439309, 1734435439613, 1734435440114, 1734435440377, 1734435440637, 1734435440904, 1734435441179, 1734435441469, 1734435441759, 1734435442041, 1734435442327, 1734435442744, 1734435443022, 1734435443293, 1734435443565, 1734435443873, 1734435444164, 1734435444439, 1734435444734, 1734435445003, 1734435445275, 1734435445533, 1734435445814, 1734435446119, 1734435446391, 1734435446928, 1734435447201, 1734435447470, 1734435447743, 1734435448232, 1734435448514, 1734435448789, 1734435449039, 1734435449398, 1734435449700, 1734435450545, 1734435450778, 1734435451039, 1734435451279, 1734435451519, 1734435451761, 1734435452178, 1734435452423, 1734435452738, 1734435453082, 1734435453329, 1734435454042, 1734435454291, 1734435454527, 1734435454935, 1734435455201, 1734435455788, 1734435456028, 1734435456500, 1734435456739, 1734435456987, 1734435457419, 1734435457646, 1734435457882, 1734435458099, 1734435458319, 1734435458542, 1734435458879, 1734435459110, 1734435459332, 1734435459555, 1734435459764, 1734435459985, 1734435460212, 
end timestamps: 1734435390094, 1734435390635, 1734435390903, 1734435391192, 1734435391486, 1734435391907, 1734435392357, 1734435393158, 1734435393548, 1734435393704, 1734435394257, 1734435394610, 1734435394894, 1734435395204, 1734435395643, 1734435395888, 1734435396142, 1734435396396, 1734435396639, 1734435396895, 1734435397169, 1734435397451, 1734435397451, 1734435397741, 1734435398014, 1734435398293, 1734435398553, 1734435398844, 1734435398945, 1734435399385, 1734435399767, 1734435400001, 1734435400020, 1734435400095, 1734435400344, 1734435400532, 1734435400662, 1734435401076, 1734435401356, 1734435401504, 1734435401886, 1734435402150, 1734435402405, 1734435402710, 1734435402710, 1734435403121, 1734435403229, 1734435403731, 1734435404238, 1734435404693, 1734435404713, 1734435405161, 1734435405471, 1734435405834, 1734435406059, 1734435406359, 1734435406377, 1734435406580, 1734435406800, 1734435407113, 1734435407484, 1734435407738, 1734435408081, 1734435408315, 1734435408544, 1734435409009, 1734435409270, 1734435409270, 1734435409508, 1734435410203, 1734435410668, 1734435411352, 1734435411885, 1734435412286, 1734435412828, 1734435413088, 1734435413441, 1734435413724, 1734435414104, 1734435414471, 1734435414616, 1734435415018, 1734435415270, 1734435415788, 1734435415898, 1734435416302, 1734435417013, 1734435417517, 1734435417756, 1734435417756, 1734435418002, 1734435418306, 1734435418307, 1734435418550, 1734435418801, 1734435419072, 1734435419332, 1734435419861, 1734435420386, 1734435420387, 1734435420531, 1734435420902, 1734435421007, 1734435421503, 1734435421929, 1734435422344, 1734435422798, 1734435423344, 1734435423900, 1734435424278, 1734435424570, 1734435424868, 1734435424868, 1734435425118, 1734435425569, 1734435425907, 1734435426181, 1734435426799, 1734435427011, 1734435427370, 1734435428179, 1734435428454, 1734435428821, 1734435429384, 1734435430015, 1734435430341, 1734435430841, 1734435431371, 1734435431489, 1734435431830, 1734435432418, 1734435432764, 1734435433277, 1734435433724, 1734435433724, 1734435434631, 1734435435523, 1734435435907, 1734435436223, 1734435436632, 1734435437085, 1734435437714, 1734435438331, 1734435438663, 1734435439207, 1734435439525, 1734435439829, 1734435440635, 1734435440927, 1734435441000, 1734435441468, 1734435441766, 1734435442109, 1734435442442, 1734435443028, 1734435443559, 1734435443877, 1734435443877, 1734435444186, 1734435444437, 1734435444743, 1734435445552, 1734435445819, 1734435446387, 1734435446412, 1734435446670, 1734435447226, 1734435447419, 1734435447750, 1734435448233, 1734435448601, 1734435448795, 1734435449287, 1734435449381, 1734435449669, 1734435450023, 1734435450301, 1734435450782, 1734435451175, 1734435451175, 1734435451539, 1734435451654, 1734435452013, 1734435452427, 1734435452675, 1734435453076, 1734435453113, 1734435453495, 1734435453891, 1734435454062, 1734435454534, 1734435454939, 1734435455206, 1734435455551, 1734435455787, 1734435456261, 1734435456741, 1734435457206, 1734435457424, 1734435457666, 1734435458099, 1734435458340, 1734435458340, 1734435458633, 1734435458664, 1734435458946, 1734435459335, 1734435459763, 1734435459988, 1734435460539, 1734435460797, 1734435461012, 1734435461217, 1734435461446, 1734435461459, 1734435461863, 1734435462143, 1734435462377, 1734435462393, 
