
**********************************************************
ConnectDAWs File Logger | only the ConnectionManagerThread will write to this file to avoid blocking calls inside the audio thread.
Log started: 17 Dec 2024 11:58:45am

Network Benchmark | start
size of start timestamps: 155
size of end timestamps: 155
latency: 14590, 14930, 14781, 14720, 14652, 14615, 14567, 14556, 14594, 14594, 14628, 14700, 14695, 14667, 14656, 14678, 14714, 14565, 15153, 15215, 15229, 14933, 14830, 14785, 14790, 14808, 14807, 14768, 14845, 14854, 14794, 14797, 14716, 14673, 14782, 14861, 14980, 14650, 14844, 14781, 14865, 14842, 14833, 14875, 14922, 15018, 15121, 14981, 15039, 15035, 15071, 15029, 14991, 15032, 15034, 14988, 14996, 14963, 14998, 14993, 14947, 14906, 14896, 14842, 14814, 14875, 14795, 14734, 14681, 14735, 14669, 14640, 14614, 14582, 14634, 14774, 14845, 14821, 14835, 14703, 14689, 14728, 14669, 14614, 14578, 14635, 14555, 14364, 14209, 14116, 14074, 14039, 14050, 14020, 13926, 13956, 13954, 13917, 13909, 13854, 13544, 13313, 13342, 13357, 13259, 13141, 13024, 13028, 13014, 12979, 12798, 12491, 12244, 12168, 11983, 12010, 11883, 11718, 11639, 11549, 11628, 11570, 11620, 11835, 11604, 11482, 11428, 11300, 11147, 10987, 10807, 10504, 10166, 9888, 9910, 10036, 9947, 9846, 9853, 9899, 9784, 9656, 9447, 9402, 9249, 9214, 9021, 8949, 8787, 8725, 8675, 8630, 8541, 8388, 8376, 
start timestamps: 1734433023561, 1734433024133, 1734433024813, 1734433025445, 1734433026048, 1734433026607, 1734433027208, 1734433027799, 1734433028264, 1734433028770, 1734433029245, 1734433029890, 1734433030404, 1734433030900, 1734433031498, 1734433031982, 1734433032500, 1734433033176, 1734433033627, 1734433034059, 1734433034574, 1734433035298, 1734433035829, 1734433036438, 1734433036895, 1734433037367, 1734433037855, 1734433038439, 1734433038896, 1734433039386, 1734433039999, 1734433040517, 1734433041102, 1734433041695, 1734433042149, 1734433042600, 1734433043074, 1734433043869, 1734433044516, 1734433045092, 1734433045613, 1734433046131, 1734433046672, 1734433047229, 1734433047745, 1734433048271, 1734433048752, 1734433049396, 1734433049885, 1734433050366, 1734433050905, 1734433051479, 1734433052009, 1734433052502, 1734433053065, 1734433053770, 1734433054399, 1734433055011, 1734433055516, 1734433056007, 1734433056623, 1734433057162, 1734433057709, 1734433058368, 1734433058884, 1734433059369, 1734433059990, 1734433060572, 1734433061184, 1734433062033, 1734433062746, 1734433063381, 1734433063930, 1734433064454, 1734433065009, 1734433065492, 1734433065987, 1734433066488, 1734433067011, 1734433067675, 1734433068240, 1734433068757, 1734433069263, 1734433069771, 1734433070288, 1734433070797, 1734433071615, 1734433072495, 1734433073155, 1734433073757, 1734433074330, 1734433074993, 1734433075592, 1734433076235, 1734433076855, 1734433077476, 1734433078132, 1734433078740, 1734433079367, 1734433079980, 1734433080820, 1734433081562, 1734433082128, 1734433082834, 1734433083550, 1734433084243, 1734433084920, 1734433085450, 1734433085984, 1734433086636, 1734433087242, 1734433087976, 1734433088658, 1734433089225, 1734433089918, 1734433090427, 1734433090999, 1734433091616, 1734433092316, 1734433092983, 1734433093450, 1734433094001, 1734433094551, 1734433095223, 1734433096170, 1734433097086, 1734433098041, 1734433098928, 1734433099746, 1734433100554, 1734433101716, 1734433102752, 1734433103724, 1734433104541, 1734433104975, 1734433105479, 1734433106136, 1734433106776, 1734433107387, 1734433108022, 1734433108742, 1734433109673, 1734433110705, 1734433111414, 1734433112107, 1734433112679, 1734433113258, 1734433113759, 1734433114248, 1734433114697, 1734433115165, 1734433115669, 1734433116219, 1734433116792, 1734433117196, 
end timestamps: 1734433038151, 1734433039063, 1734433039594, 1734433040165, 1734433040700, 1734433041222, 1734433041775, 1734433042355, 1734433042858, 1734433043364, 1734433043873, 1734433044590, 1734433045099, 1734433045567, 1734433046154, 1734433046660, 1734433047214, 1734433047741, 1734433048780, 1734433049274, 1734433049803, 1734433050231, 1734433050659, 1734433051223, 1734433051685, 1734433052175, 1734433052662, 1734433053207, 1734433053741, 1734433054240, 1734433054793, 1734433055314, 1734433055818, 1734433056368, 1734433056931, 1734433057461, 1734433058054, 1734433058519, 1734433059360, 1734433059873, 1734433060478, 1734433060973, 1734433061505, 1734433062104, 1734433062667, 1734433063289, 1734433063873, 1734433064377, 1734433064924, 1734433065401, 1734433065976, 1734433066508, 1734433067000, 1734433067534, 1734433068099, 1734433068758, 1734433069395, 1734433069974, 1734433070514, 1734433071000, 1734433071570, 1734433072068, 1734433072605, 1734433073210, 1734433073698, 1734433074244, 1734433074785, 1734433075306, 1734433075865, 1734433076768, 1734433077415, 1734433078021, 1734433078544, 1734433079036, 1734433079643, 1734433080266, 1734433080832, 1734433081309, 1734433081846, 1734433082378, 1734433082929, 1734433083485, 1734433083932, 1734433084385, 1734433084866, 1734433085432, 1734433086170, 1734433086859, 1734433087364, 1734433087873, 1734433088404, 1734433089032, 1734433089642, 1734433090255, 1734433090781, 1734433091432, 1734433092086, 1734433092657, 1734433093276, 1734433093834, 1734433094364, 1734433094875, 1734433095470, 1734433096191, 1734433096809, 1734433097384, 1734433097944, 1734433098478, 1734433098998, 1734433099615, 1734433100040, 1734433100467, 1734433100902, 1734433101393, 1734433101901, 1734433102437, 1734433102882, 1734433103334, 1734433103955, 1734433104532, 1734433105078, 1734433105571, 1734433106171, 1734433107058, 1734433107774, 1734433108568, 1734433109469, 1734433110228, 1734433110893, 1734433111541, 1734433112523, 1734433113256, 1734433113890, 1734433114429, 1734433114885, 1734433115515, 1734433116083, 1734433116622, 1734433117240, 1734433117921, 1734433118526, 1734433119329, 1734433120152, 1734433120816, 1734433121356, 1734433121893, 1734433122279, 1734433122708, 1734433123035, 1734433123422, 1734433123840, 1734433124299, 1734433124760, 1734433125180, 1734433125572, 
Plugin Outgoing Benchmark | start
size of start timestamps: 181
size of end timestamps: 161
latency: 520, 752, 1289, 1348, 1429, 1956, 2004, 1899, 2084, 1627, 1512, 1864, 2054, 2043, 2100, 2429, 2913, 3264, 3740, 4127, 4593, 5060, 5477, 5790, 5969, 5987, 5804, 5931, 5841, 5800, 5771, 5740, 5599, 5847, 5971, 5892, 5998, 6152, 5565, 5919, 6184, 6092, 6251, 6285, 6407, 6338, 6601, 6361, 6386, 6394, 6669, 6482, 6560, 6586, 6588, 6342, 6178, 6546, 6515, 6571, 6346, 6481, 6395, 6954, 7049, 6885, 6784, 7078, 7071, 6916, 7098, 7342, 7318, 7319, 6708, 7006, 7298, 7819, 7664, 7693, 7854, 7391, 7624, 7208, 7524, 7316, 7303, 7105, 6794, 7261, 7460, 7524, 7115, 7253, 7139, 7254, 7446, 7598, 7434, 7531, 8188, 8365, 8245, 8466, 8546, 8418, 7850, 8405, 8397, 8509, 8472, 8563, 8547, 9048, 8936, 8957, 8463, 8679, 8339, 8363, 8541, 8288, 8370, 7687, 8048, 7865, 7947, 7750, 8333, 8686, 8931, 9201, 9921, 10016, 10149, 10500, 10605, 10867, 10837, 10811, 10753, 11039, 11137, 10964, 10880, 10822, 11466, 11426, 11079, 11128, 10919, 10725, 11194, 10870, 10462, 10175, 9700, 9666, 9884, 9906, 9738, 
start timestamps: 1734433037561, 1734433037971, 1734433038026, 1734433038437, 1734433038829, 1734433038830, 1734433039320, 1734433039989, 1734433040277, 1734433041197, 1734433041786, 1734433041923, 1734433042360, 1734433042900, 1734433043386, 1734433043600, 1734433043653, 1734433043908, 1734433043944, 1734433043974, 1734433044045, 1734433044069, 1734433044135, 1734433044265, 1734433044592, 1734433045033, 1734433045735, 1734433046034, 1734433046671, 1734433047224, 1734433047738, 1734433048286, 1734433048956, 1734433049277, 1734433049626, 1734433050233, 1734433050692, 1734433051022, 1734433052177, 1734433052341, 1734433052664, 1734433053340, 1734433053751, 1734433054253, 1734433054670, 1734433055323, 1734433055643, 1734433056382, 1734433056966, 1734433057480, 1734433057748, 1734433058494, 1734433058969, 1734433059444, 1734433060017, 1734433060793, 1734433061517, 1734433061700, 1734433062280, 1734433062747, 1734433063472, 1734433063874, 1734433064557, 1734433064557, 1734433064977, 1734433065654, 1734433066265, 1734433066674, 1734433067214, 1734433067924, 1734433068281, 1734433068799, 1734433069437, 1734433069976, 1734433071092, 1734433071303, 1734433071532, 1734433071533, 1734433072187, 1734433072734, 1734433073089, 1734433074027, 1734433074297, 1734433075318, 1734433075601, 1734433076317, 1734433076770, 1734433077426, 1734433078234, 1734433078332, 1734433078834, 1734433079365, 1734433080268, 1734433080629, 1734433081312, 1734433081774, 1734433082149, 1734433082565, 1734433083326, 1734433083822, 1734433083822, 1734433084209, 1734433084884, 1734433085191, 1734433085607, 1734433086362, 1734433087445, 1734433087505, 1734433088138, 1734433088685, 1734433089231, 1734433089630, 1734433090258, 1734433090259, 1734433090852, 1734433091368, 1734433092320, 1734433092677, 1734433093458, 1734433093881, 1734433094169, 1734433094894, 1734433095302, 1734433096472, 1734433096538, 1734433097232, 1734433097781, 1734433098594, 1734433098884, 1734433099309, 1734433099819, 1734433100335, 1734433100335, 1734433100865, 1734433101406, 1734433101831, 1734433102366, 1734433102713, 1734433103326, 1734433103752, 1734433104276, 1734433104601, 1734433105099, 1734433105802, 1734433106555, 1734433107277, 1734433107278, 1734433108002, 1734433108968, 1734433109548, 1734433110264, 1734433110912, 1734433110912, 1734433111603, 1734433112369, 1734433113022, 1734433113930, 1734433114394, 1734433114670, 1734433115052, 1734433115644, 1734433116870, 1734433116886, 1734433117483, 1734433118192, 1734433119048, 1734433119437, 1734433120161, 1734433120828, 1734433120828, 1734433121199, 1734433121913, 1734433122287, 1734433122570, 1734433123041, 1734433123320, 1734433123721, 1734433124305, 1734433124634, 1734433124635, 1734433125065, 
end timestamps: 1734433038081, 1734433038723, 1734433039315, 1734433039785, 1734433040258, 1734433040786, 1734433041324, 1734433041888, 1734433042361, 1734433042824, 1734433043298, 1734433043787, 1734433044414, 1734433044943, 1734433045486, 1734433046029, 1734433046566, 1734433047172, 1734433047684, 1734433048101, 1734433048638, 1734433049129, 1734433049612, 1734433050055, 1734433050561, 1734433051020, 1734433051539, 1734433051965, 1734433052512, 1734433053024, 1734433053509, 1734433054026, 1734433054555, 1734433055124, 1734433055597, 1734433056125, 1734433056690, 1734433057174, 1734433057742, 1734433058260, 1734433058848, 1734433059432, 1734433060002, 1734433060538, 1734433061077, 1734433061661, 1734433062244, 1734433062743, 1734433063352, 1734433063874, 1734433064417, 1734433064976, 1734433065529, 1734433066030, 1734433066605, 1734433067135, 1734433067695, 1734433068246, 1734433068795, 1734433069318, 1734433069818, 1734433070355, 1734433070952, 1734433071511, 1734433072026, 1734433072539, 1734433073049, 1734433073752, 1734433074285, 1734433074840, 1734433075379, 1734433076141, 1734433076755, 1734433077295, 1734433077800, 1734433078309, 1734433078830, 1734433079352, 1734433079851, 1734433080427, 1734433080943, 1734433081418, 1734433081921, 1734433082526, 1734433083125, 1734433083633, 1734433084073, 1734433084531, 1734433085028, 1734433085593, 1734433086294, 1734433086889, 1734433087383, 1734433087882, 1734433088451, 1734433089028, 1734433089595, 1734433090163, 1734433090760, 1734433091353, 1734433092010, 1734433092574, 1734433093129, 1734433093657, 1734433094153, 1734433094780, 1734433095295, 1734433095910, 1734433096535, 1734433097194, 1734433097703, 1734433098193, 1734433098805, 1734433099307, 1734433099788, 1734433100325, 1734433100783, 1734433101356, 1734433101797, 1734433102244, 1734433102710, 1734433103182, 1734433103672, 1734433104159, 1734433104586, 1734433105097, 1734433105728, 1734433106344, 1734433107217, 1734433107995, 1734433108750, 1734433109536, 1734433110256, 1734433110881, 1734433111555, 1734433112331, 1734433112971, 1734433113580, 1734433114163, 1734433114563, 1734433115029, 1734433115640, 1734433116236, 1734433116766, 1734433117435, 1734433118099, 1734433118744, 1734433119428, 1734433120047, 1734433120676, 1734433121183, 1734433121637, 1734433122106, 1734433122473, 1734433122831, 1734433123197, 1734433123630, 1734433124060, 1734433124554, 1734433124958, 1734433125382, 
Plugin Incoming Benchmark | start
size of start timestamps: 156
size of end timestamps: 160
latency: 848, 896, 924, 657, 954, 1082, 697, 532, 542, 503, 522, 559, 817, 312, 114, 514, 269, -27, 12, 173, -3, 49, -1, 27, 296, 488, 161, -1, 131, 5, 9, 74, 1, 255, -29, 32, 15, 105, -99, 73, 142, 13, 539, 187, 172, 74, 175, -1, 13, 48, 5, 281, 159, 208, 0, 178, 37, 40, -3, 573, 293, 190, 115, 125, 495, 322, 50, 514, 262, -215, -65, -35, 206, 287, 213, 23, -1, 477, 452, 299, -16, 105, 334, -114, -180, 14, -261, -747, -620, -508, -463, -343, -369, -414, 0, -593, -708, -1237, -875, -964, -1184, -944, -1029, -1162, -1301, -1305, -1880, -1476, -1620, -1598, -1614, -1448, -1436, -1116, -1113, -1569, -1574, -1982, -2119, -2140, -1955, -2115, -2189, -2194, -2473, -2745, -2904, -3301, -3164, -3095, -3184, -3127, -3110, -3132, -3521, -3380, -2992, -2803, -2711, -2575, -2971, -3152, -3473, -3361, -3352, -3173, -3303, -2921, -2549, -2210, -2596, -2390, -2392, -2475, -2142, -2255, 
start timestamps: 1734433037589, 1734433038424, 1734433039065, 1734433039620, 1734433040243, 1734433040704, 1734433041226, 1734433041828, 1734433042358, 1734433042883, 1734433043386, 1734433044033, 1734433044597, 1734433045102, 1734433045621, 1734433046157, 1734433046695, 1734433047251, 1734433048274, 1734433048783, 1734433049280, 1734433049805, 1734433050234, 1734433050665, 1734433051226, 1734433051689, 1734433052180, 1734433052665, 1734433053209, 1734433053746, 1734433054244, 1734433054807, 1734433055322, 1734433055822, 1734433056411, 1734433056934, 1734433057465, 1734433058059, 1734433058769, 1734433059371, 1734433059875, 1734433060482, 1734433060978, 1734433061513, 1734433062108, 1734433062673, 1734433063297, 1734433063875, 1734433064381, 1734433064929, 1734433065406, 1734433065984, 1734433066515, 1734433067006, 1734433067537, 1734433068103, 1734433068762, 1734433069397, 1734433069979, 1734433070519, 1734433071010, 1734433071577, 1734433072072, 1734433072609, 1734433073213, 1734433073705, 1734433074247, 1734433074804, 1734433075339, 1734433076119, 1734433076835, 1734433077461, 1734433078028, 1734433078547, 1734433079152, 1734433079660, 1734433080269, 1734433080835, 1734433081322, 1734433081850, 1734433082406, 1734433082936, 1734433083488, 1734433083936, 1734433084389, 1734433084870, 1734433085452, 1734433086354, 1734433086861, 1734433087369, 1734433087908, 1734433088481, 1734433089054, 1734433089645, 1734433090258, 1734433090852, 1734433091436, 1734433092089, 1734433092661, 1734433093284, 1734433093861, 1734433094403, 1734433094910, 1734433095543, 1734433096195, 1734433096813, 1734433097389, 1734433097948, 1734433098482, 1734433099002, 1734433099620, 1734433100042, 1734433100471, 1734433100935, 1734433101448, 1734433101904, 1734433102439, 1734433102895, 1734433103525, 1734433104126, 1734433104545, 1734433105085, 1734433105573, 1734433106207, 1734433107074, 1734433107844, 1734433108706, 1734433109514, 1734433110237, 1734433110903, 1734433111769, 1734433112607, 1734433113374, 1734433114044, 1734433114433, 1734433114934, 1734433115517, 1734433116092, 1734433116641, 1734433117245, 1734433117924, 1734433118667, 1734433119580, 1734433120231, 1734433120835, 1734433121365, 1734433121916, 1734433122281, 1734433122710, 1734433123038, 1734433123424, 1734433123842, 1734433124305, 1734433124762, 1734433125183, 1734433125575, 
end timestamps: 1734433038437, 1734433039320, 1734433039989, 1734433040277, 1734433041197, 1734433041786, 1734433041923, 1734433042360, 1734433042900, 1734433043386, 1734433043908, 1734433044592, 1734433045414, 1734433045414, 1734433045735, 1734433046671, 1734433046964, 1734433047224, 1734433048286, 1734433048956, 1734433049277, 1734433049854, 1734433050233, 1734433050692, 1734433051522, 1734433052177, 1734433052341, 1734433052664, 1734433053340, 1734433053751, 1734433054253, 1734433054881, 1734433055323, 1734433056077, 1734433056382, 1734433056966, 1734433057480, 1734433058164, 1734433058670, 1734433059444, 1734433060017, 1734433060495, 1734433061517, 1734433061700, 1734433062280, 1734433062747, 1734433063472, 1734433063874, 1734433064394, 1734433064977, 1734433065411, 1734433066265, 1734433066674, 1734433067214, 1734433067537, 1734433068281, 1734433068799, 1734433069437, 1734433069976, 1734433071092, 1734433071303, 1734433071767, 1734433072187, 1734433072734, 1734433073708, 1734433074027, 1734433074297, 1734433075318, 1734433075601, 1734433075904, 1734433076770, 1734433077426, 1734433078234, 1734433078834, 1734433079365, 1734433079683, 1734433080268, 1734433081312, 1734433081774, 1734433082149, 1734433082390, 1734433083041, 1734433083822, 1734433083822, 1734433084209, 1734433084884, 1734433085191, 1734433085607, 1734433086241, 1734433086861, 1734433087445, 1734433088138, 1734433088685, 1734433089231, 1734433090258, 1734433090259, 1734433090728, 1734433090852, 1734433091786, 1734433092320, 1734433092677, 1734433093459, 1734433093881, 1734433094381, 1734433094894, 1734433095508, 1734433095509, 1734433096472, 1734433096862, 1734433097404, 1734433098006, 1734433098594, 1734433099035, 1734433099819, 1734433100335, 1734433100335, 1734433100865, 1734433100913, 1734433101406, 1734433101986, 1734433102590, 1734433102970, 1734433103384, 1734433104013, 1734433104601, 1734433105099, 1734433105802, 1734433106213, 1734433107073, 1734433107808, 1734433108585, 1734433109480, 1734433110264, 1734433110912, 1734433110912, 1734433111554, 1734433112525, 1734433113289, 1734433113930, 1734433114670, 1734433114953, 1734433115515, 1734433116107, 1734433116870, 1734433117483, 1734433118192, 1734433118613, 1734433119360, 1734433120161, 1734433120828, 1734433120828, 1734433121452, 1734433121913, 1734433122287, 1734433123041, 1734433123320, 1734433123628, 1734433123867, 1734433124305, 1734433124844, 
