
**********************************************************
ConnectDAWs File Logger | only the ConnectionManagerThread will write to this file to avoid blocking calls inside the audio thread.
Log started: 17 Dec 2024 12:16:20pm

Network Benchmark | start
size of start timestamps: 201
size of end timestamps: 201
latency: 40619, 40827, 41065, 41272, 41600, 41824, 42084, 42431, 42640, 42843, 43153, 43356, 43566, 43813, 43989, 44215, 44433, 44642, 44859, 45056, 45269, 45481, 45679, 45875, 45928, 46284, 46567, 46734, 46941, 47097, 47418, 47548, 47698, 48023, 48128, 48275, 48415, 48538, 48603, 48714, 48887, 48995, 49164, 49339, 49553, 49771, 49920, 50070, 50183, 50226, 50397, 50495, 50598, 50681, 50742, 50802, 50870, 50950, 50993, 51051, 51247, 51315, 51384, 51430, 51492, 51529, 51598, 51664, 51734, 51777, 51830, 51948, 52030, 52117, 52141, 52143, 52165, 52163, 52164, 52156, 52098, 52095, 52105, 52078, 52133, 52130, 51996, 51970, 51962, 51944, 51963, 51952, 51979, 51877, 52007, 51947, 51920, 51927, 51910, 51830, 51665, 51577, 51528, 51461, 51412, 51287, 51152, 51101, 51049, 50952, 50809, 50723, 50647, 50561, 50480, 50394, 50361, 50228, 50145, 50088, 50019, 49958, 49854, 49763, 49705, 49640, 49551, 49415, 49374, 49200, 49071, 48921, 48793, 48655, 48528, 48468, 48386, 48285, 48201, 48118, 48008, 47912, 47835, 47786, 47699, 47595, 47375, 47318, 47223, 47157, 47079, 47024, 46927, 46865, 46792, 46747, 46667, 46594, 46474, 46377, 46287, 46214, 46110, 46022, 45986, 45898, 45811, 45750, 45680, 45614, 45536, 45480, 45422, 45326, 45238, 45164, 45133, 45086, 44998, 44930, 44858, 44810, 44755, 44695, 44634, 44584, 44522, 44468, 44415, 44312, 44234, 44160, 44070, 44006, 43934, 43839, 43733, 43625, 43531, 43439, 43285, 
start timestamps: 1734434060523, 1734434060804, 1734434061104, 1734434061453, 1734434061926, 1734434062195, 1734434062512, 1734434063006, 1734434063279, 1734434063543, 1734434063902, 1734434064171, 1734434064441, 1734434064705, 1734434065001, 1734434065261, 1734434065520, 1734434065786, 1734434066048, 1734434066314, 1734434066572, 1734434066828, 1734434067089, 1734434067351, 1734434067707, 1734434068298, 1734434068831, 1734434069109, 1734434069701, 1734434070056, 1734434070610, 1734434070906, 1734434071216, 1734434071506, 1734434071828, 1734434072120, 1734434072424, 1734434072759, 1734434073341, 1734434073652, 1734434074028, 1734434074368, 1734434074665, 1734434074974, 1734434075403, 1734434076004, 1734434076323, 1734434076637, 1734434076981, 1734434077345, 1734434077935, 1734434078222, 1734434078822, 1734434079150, 1734434079496, 1734434079970, 1734434080321, 1734434080957, 1734434081298, 1734434081624, 1734434082554, 1734434082883, 1734434083228, 1734434083640, 1734434083994, 1734434084339, 1734434084690, 1734434085039, 1734434085368, 1734434085703, 1734434086065, 1734434086406, 1734434086745, 1734434087102, 1734434087470, 1734434087922, 1734434088301, 1734434088934, 1734434089305, 1734434089682, 1734434090092, 1734434090820, 1734434091216, 1734434091634, 1734434092052, 1734434092486, 1734434093507, 1734434093976, 1734434094383, 1734434094777, 1734434095143, 1734434095557, 1734434095950, 1734434096455, 1734434096861, 1734434097328, 1734434097733, 1734434098126, 1734434098519, 1734434098922, 1734434099496, 1734434100002, 1734434100408, 1734434100812, 1734434101257, 1734434101746, 1734434102224, 1734434102670, 1734434103126, 1734434103565, 1734434104007, 1734434104402, 1734434104793, 1734434105188, 1734434105583, 1734434105979, 1734434106368, 1734434106816, 1734434107215, 1734434107606, 1734434108009, 1734434108424, 1734434108842, 1734434109264, 1734434109658, 1734434110057, 1734434110466, 1734434110912, 1734434111330, 1734434111822, 1734434112269, 1734434112740, 1734434113183, 1734434113629, 1734434114040, 1734434114413, 1734434114789, 1734434115174, 1734434115535, 1734434115921, 1734434116321, 1734434116698, 1734434117060, 1734434117406, 1734434117785, 1734434118165, 1734434118660, 1734434118998, 1734434119377, 1734434119721, 1734434120087, 1734434120474, 1734434120855, 1734434121201, 1734434121542, 1734434121902, 1734434122258, 1734434122603, 1734434122979, 1734434123335, 1734434123675, 1734434124020, 1734434124380, 1734434124726, 1734434125061, 1734434125413, 1734434125757, 1734434126080, 1734434126413, 1734434126751, 1734434127071, 1734434127406, 1734434127718, 1734434128061, 1734434128402, 1734434128724, 1734434129028, 1734434129336, 1734434129681, 1734434129997, 1734434130311, 1734434130621, 1734434130928, 1734434131244, 1734434131563, 1734434131870, 1734434132179, 1734434132497, 1734434132807, 1734434133140, 1734434133454, 1734434133766, 1734434134080, 1734434134386, 1734434134690, 1734434135013, 1734434135338, 1734434135688, 1734434136031, 1734434136379, 1734434136767, 
end timestamps: 1734434101142, 1734434101631, 1734434102169, 1734434102725, 1734434103526, 1734434104019, 1734434104596, 1734434105437, 1734434105919, 1734434106386, 1734434107055, 1734434107527, 1734434108007, 1734434108518, 1734434108990, 1734434109476, 1734434109953, 1734434110428, 1734434110907, 1734434111370, 1734434111841, 1734434112309, 1734434112768, 1734434113226, 1734434113635, 1734434114582, 1734434115398, 1734434115843, 1734434116642, 1734434117153, 1734434118028, 1734434118454, 1734434118914, 1734434119529, 1734434119956, 1734434120395, 1734434120839, 1734434121297, 1734434121944, 1734434122366, 1734434122915, 1734434123363, 1734434123829, 1734434124313, 1734434124956, 1734434125775, 1734434126243, 1734434126707, 1734434127164, 1734434127571, 1734434128332, 1734434128717, 1734434129420, 1734434129831, 1734434130238, 1734434130772, 1734434131191, 1734434131907, 1734434132291, 1734434132675, 1734434133801, 1734434134198, 1734434134612, 1734434135070, 1734434135486, 1734434135868, 1734434136288, 1734434136703, 1734434137102, 1734434137480, 1734434137895, 1734434138354, 1734434138775, 1734434139219, 1734434139611, 1734434140065, 1734434140466, 1734434141097, 1734434141469, 1734434141838, 1734434142190, 1734434142915, 1734434143321, 1734434143712, 1734434144185, 1734434144616, 1734434145503, 1734434145946, 1734434146345, 1734434146721, 1734434147106, 1734434147509, 1734434147929, 1734434148332, 1734434148868, 1734434149275, 1734434149653, 1734434150053, 1734434150429, 1734434150752, 1734434151161, 1734434151579, 1734434151936, 1734434152273, 1734434152669, 1734434153033, 1734434153376, 1734434153771, 1734434154175, 1734434154517, 1734434154816, 1734434155125, 1734434155440, 1734434155749, 1734434156063, 1734434156373, 1734434156729, 1734434157044, 1734434157360, 1734434157694, 1734434158028, 1734434158382, 1734434158696, 1734434159027, 1734434159363, 1734434159697, 1734434160017, 1734434160327, 1734434160704, 1734434161022, 1734434161340, 1734434161661, 1734434161976, 1734434162284, 1734434162568, 1734434162881, 1734434163175, 1734434163459, 1734434163736, 1734434164039, 1734434164329, 1734434164610, 1734434164895, 1734434165192, 1734434165484, 1734434165760, 1734434166035, 1734434166316, 1734434166600, 1734434166878, 1734434167166, 1734434167498, 1734434167782, 1734434168066, 1734434168334, 1734434168649, 1734434168925, 1734434169197, 1734434169453, 1734434169712, 1734434169962, 1734434170234, 1734434170490, 1734434170748, 1734434171047, 1734434171311, 1734434171568, 1734434171830, 1734434172093, 1734434172365, 1734434172607, 1734434172886, 1734434173140, 1734434173387, 1734434173640, 1734434173888, 1734434174161, 1734434174422, 1734434174679, 1734434174927, 1734434175169, 1734434175431, 1734434175683, 1734434175939, 1734434176197, 1734434176454, 1734434176701, 1734434176965, 1734434177222, 1734434177452, 1734434177688, 1734434177926, 1734434178150, 1734434178392, 1734434178624, 1734434178852, 1734434179071, 1734434179313, 1734434179562, 1734434179818, 1734434180052, 
Plugin Outgoing Benchmark | start
size of start timestamps: 239
size of end timestamps: 219
latency: 469, 481, 543, 939, 974, 1153, 1328, 1555, 1733, 1608, 2013, 2473, 2829, 3048, 3170, 3343, 3415, 3525, 3708, 3835, 4236, 4352, 4352, 4341, 4095, 4073, 4284, 4230, 4404, 4303, 4575, 4631, 4569, 4445, 4865, 4762, 4799, 4795, 4883, 5242, 5567, 5563, 5647, 5311, 5673, 5328, 5581, 5710, 5713, 5666, 5616, 5709, 5984, 5915, 5845, 5853, 5869, 5705, 5830, 6205, 6240, 6089, 6145, 6055, 5971, 5700, 5803, 5711, 5169, 5458, 5333, 5515, 5490, 5565, 5594, 5602, 5611, 5222, 5547, 5516, 5556, 5541, 5934, 5711, 5951, 5974, 6056, 5845, 5852, 5751, 5644, 5796, 5583, 5528, 5476, 5810, 5803, 5861, 5899, 6335, 6273, 6414, 6246, 6230, 6208, 6169, 6128, 6320, 6212, 6027, 6422, 6081, 6284, 6423, 6273, 6195, 6268, 6161, 6095, 6039, 5838, 6240, 5944, 6003, 6209, 6190, 6066, 5943, 5897, 5801, 5845, 5639, 5638, 5601, 5495, 5609, 5742, 6084, 6083, 5692, 5680, 5829, 5938, 5948, 5926, 5576, 5751, 5872, 5993, 5677, 5810, 5766, 5923, 5794, 5815, 5779, 5619, 5659, 5558, 5589, 5435, 5431, 5375, 5093, 5233, 5187, 5193, 5133, 5100, 5000, 5096, 4900, 4794, 4773, 4853, 5112, 4808, 4931, 5090, 5128, 4973, 5003, 4934, 5033, 4910, 5014, 5052, 4734, 4751, 4696, 4885, 4648, 4686, 4949, 4945, 5081, 4929, 5060, 5036, 5137, 5082, 5121, 5130, 4946, 4809, 4962, 5083, 4975, 5036, 4806, 4878, 4870, 4838, 4885, 4876, 4844, 4563, 4740, 4901, 
start timestamps: 1734434100597, 1734434101104, 1734434101636, 1734434101704, 1734434102154, 1734434102446, 1734434102763, 1734434103009, 1734434103321, 1734434103911, 1734434103970, 1734434103971, 1734434104115, 1734434104373, 1734434104720, 1734434105055, 1734434105447, 1734434105814, 1734434106112, 1734434106460, 1734434106532, 1734434106905, 1734434107363, 1734434107847, 1734434108542, 1734434109034, 1734434109235, 1734434109736, 1734434110030, 1734434110608, 1734434110781, 1734434111168, 1734434111721, 1734434112275, 1734434112275, 1734434112811, 1734434113236, 1734434113672, 1734434114007, 1734434114069, 1734434114171, 1734434114609, 1734434114957, 1734434115750, 1734434115854, 1734434116678, 1734434116835, 1734434117142, 1734434117590, 1734434118099, 1734434118616, 1734434119067, 1734434119313, 1734434119849, 1734434120403, 1734434120853, 1734434121269, 1734434121832, 1734434122125, 1734434122125, 1734434122466, 1734434123040, 1734434123359, 1734434123843, 1734434124325, 1734434125023, 1734434125307, 1734434125794, 1734434126710, 1734434126798, 1734434127295, 1734434127550, 1734434128032, 1734434128345, 1734434128709, 1734434129130, 1734434129515, 1734434130304, 1734434130357, 1734434130781, 1734434131127, 1734434131552, 1734434131552, 1734434132154, 1734434132321, 1734434132706, 1734434133076, 1734434133667, 1734434134089, 1734434134570, 1734434135077, 1734434135292, 1734434135877, 1734434136301, 1734434136698, 1734434136802, 1734434137209, 1734434137542, 1734434137898, 1734434137898, 1734434138355, 1734434138692, 1734434139253, 1734434139671, 1734434140074, 1734434140477, 1734434140905, 1734434141106, 1734434141606, 1734434142200, 1734434142251, 1734434142992, 1734434143180, 1734434143421, 1734434143977, 1734434144399, 1734434144658, 1734434145115, 1734434145526, 1734434145941, 1734434146484, 1734434146484, 1734434147144, 1734434147428, 1734434147611, 1734434147983, 1734434148447, 1734434148886, 1734434149224, 1734434149646, 1734434149910, 1734434150463, 1734434150781, 1734434151168, 1734434151587, 1734434151786, 1734434151990, 1734434151990, 1734434152333, 1734434153041, 1734434153388, 1734434153579, 1734434153829, 1734434154175, 1734434154530, 1734434155231, 1734434155368, 1734434155569, 1734434155775, 1734434156404, 1734434156574, 1734434156932, 1734434157084, 1734434157509, 1734434157772, 1734434158102, 1734434158562, 1734434158805, 1734434159178, 1734434159419, 1734434159861, 1734434160155, 1734434160480, 1734434161029, 1734434161174, 1734434161501, 1734434161771, 1734434162114, 1734434162453, 1734434162829, 1734434163008, 1734434163482, 1734434163871, 1734434164161, 1734434164351, 1734434164351, 1734434164897, 1734434165016, 1734434165114, 1734434165318, 1734434165734, 1734434165991, 1734434166325, 1734434166485, 1734434166868, 1734434167029, 1734434167249, 1734434167828, 1734434168074, 1734434168384, 1734434168449, 1734434168928, 1734434169137, 1734434169137, 1734434169417, 1734434169532, 1734434169949, 1734434170057, 1734434170339, 1734434170500, 1734434170804, 1734434171019, 1734434171269, 1734434171693, 1734434172102, 1734434172205, 1734434172322, 1734434172654, 1734434172836, 1734434173292, 1734434173453, 1734434173698, 1734434173960, 1734434174128, 1734434174368, 1734434174643, 1734434175175, 1734434175245, 1734434175380, 1734434175691, 1734434175946, 1734434176298, 1734434176648, 1734434176648, 1734434176705, 1734434176972, 1734434177173, 1734434177473, 1734434177648, 1734434177877, 1734434178326, 1734434178389, 1734434178572, 1734434179077, 1734434179157, 1734434179157, 1734434179288, 1734434179564, 1734434179754, 
end timestamps: 1734434101066, 1734434101585, 1734434102179, 1734434102643, 1734434103128, 1734434103599, 1734434104091, 1734434104564, 1734434105054, 1734434105519, 1734434105983, 1734434106444, 1734434106944, 1734434107421, 1734434107890, 1734434108398, 1734434108862, 1734434109339, 1734434109820, 1734434110295, 1734434110768, 1734434111257, 1734434111715, 1734434112188, 1734434112637, 1734434113107, 1734434113519, 1734434113966, 1734434114434, 1734434114911, 1734434115356, 1734434115799, 1734434116290, 1734434116720, 1734434117140, 1734434117573, 1734434118035, 1734434118467, 1734434118890, 1734434119311, 1734434119738, 1734434120172, 1734434120604, 1734434121061, 1734434121527, 1734434122006, 1734434122416, 1734434122852, 1734434123303, 1734434123765, 1734434124232, 1734434124776, 1734434125297, 1734434125764, 1734434126248, 1734434126706, 1734434127138, 1734434127537, 1734434127955, 1734434128330, 1734434128706, 1734434129129, 1734434129504, 1734434129898, 1734434130296, 1734434130723, 1734434131110, 1734434131505, 1734434131879, 1734434132256, 1734434132628, 1734434133065, 1734434133522, 1734434133910, 1734434134303, 1734434134732, 1734434135126, 1734434135526, 1734434135904, 1734434136297, 1734434136683, 1734434137093, 1734434137486, 1734434137865, 1734434138272, 1734434138680, 1734434139132, 1734434139512, 1734434139941, 1734434140321, 1734434140721, 1734434141088, 1734434141460, 1734434141829, 1734434142174, 1734434142612, 1734434143012, 1734434143403, 1734434143797, 1734434144233, 1734434144628, 1734434145106, 1734434145499, 1734434145901, 1734434146282, 1734434146646, 1734434147033, 1734434147426, 1734434147818, 1734434148227, 1734434148673, 1734434149073, 1734434149464, 1734434149844, 1734434150250, 1734434150594, 1734434150926, 1734434151276, 1734434151621, 1734434151980, 1734434152322, 1734434152724, 1734434153088, 1734434153431, 1734434153820, 1734434154173, 1734434154513, 1734434154829, 1734434155121, 1734434155447, 1734434155755, 1734434156102, 1734434156419, 1734434156769, 1734434157082, 1734434157395, 1734434157732, 1734434158074, 1734434158416, 1734434158733, 1734434159068, 1734434159408, 1734434159767, 1734434160123, 1734434160456, 1734434160807, 1734434161119, 1734434161441, 1734434161768, 1734434162081, 1734434162384, 1734434162698, 1734434163007, 1734434163303, 1734434163587, 1734434163881, 1734434164181, 1734434164464, 1734434164736, 1734434165008, 1734434165296, 1734434165586, 1734434165855, 1734434166122, 1734434166407, 1734434166688, 1734434166964, 1734434167247, 1734434167553, 1734434167829, 1734434168104, 1734434168382, 1734434168665, 1734434168934, 1734434169204, 1734434169463, 1734434169705, 1734434169947, 1734434170204, 1734434170446, 1734434170707, 1734434170994, 1734434171259, 1734434171518, 1734434171778, 1734434172043, 1734434172301, 1734434172562, 1734434172825, 1734434173080, 1734434173334, 1734434173576, 1734434173823, 1734434174086, 1734434174362, 1734434174613, 1734434174878, 1734434175117, 1734434175375, 1734434175637, 1734434175886, 1734434176140, 1734434176399, 1734434176639, 1734434176911, 1734434177167, 1734434177405, 1734434177629, 1734434177872, 1734434178098, 1734434178331, 1734434178568, 1734434178798, 1734434179013, 1734434179244, 1734434179487, 1734434179738, 1734434179985, 1734434180281, 
Plugin Incoming Benchmark | start
size of start timestamps: 202
size of end timestamps: 211
latency: 969, 560, 811, 529, 845, 572, 599, 487, 648, 520, 774, 783, 1012, 1015, 704, 734, 542, 649, 737, 809, 896, 428, 497, 464, 444, -147, -358, 344, -371, -54, -339, 63, 152, 11, 195, 438, 453, 146, -61, 178, -343, -457, -334, -426, -596, -995, -754, -452, -19, -380, -661, -716, -1399, -1107, -1031, -849, -964, -1216, -1139, -1023, -1246, -1492, -1497, -772, -515, -833, -826, -431, -405, -415, -717, -749, -815, -880, -1324, -945, -1127, -1447, -1429, -1406, -1369, -1404, -1330, -1124, -1487, -1202, -1703, -1828, -1758, -1690, -1203, -864, -1033, -1452, -1309, -1455, -1668, -1680, -1609, -1545, -1179, -1322, -1524, -1476, -1502, -1515, -1451, -1398, -1835, -1844, -1851, -1784, -1739, -1616, -1344, -1536, -1553, -1502, -1480, -1590, -1626, -1627, -1647, -1962, -1948, -1995, -1995, -1918, -1959, -1902, -1960, -1923, -1807, -1956, -1808, -1857, -2171, -2149, -2119, -1970, -2069, -1879, -1991, -1905, -1954, -2003, -1891, -1876, -1976, -2254, -1997, -2180, -2184, -2050, -2079, -2041, -2166, -2251, -2171, -2205, -2162, -2160, -2162, -2108, -2101, -2121, -1897, -2037, -1883, -2038, -2029, -2110, -2086, -1875, -1948, -1950, -1788, -1958, -1924, -2029, -1906, -2157, -2142, -2234, -2244, -2238, -2146, -2194, -2268, -2049, -2210, -2001, -2194, -2205, -2097, -1978, -2207, -2368, -2343, -2311, -2346, -2356, 
start timestamps: 1734434100667, 1734434101145, 1734434101635, 1734434102234, 1734434103066, 1734434103543, 1734434104121, 1734434104960, 1734434105464, 1734434105940, 1734434106589, 1734434107064, 1734434107530, 1734434108019, 1734434108531, 1734434109002, 1734434109488, 1734434109959, 1734434110431, 1734434110912, 1734434111379, 1734434111847, 1734434112314, 1734434112772, 1734434113228, 1734434114154, 1734434114967, 1734434115406, 1734434116225, 1734434116732, 1734434117576, 1734434118036, 1734434118464, 1734434119056, 1734434119531, 1734434119965, 1734434120400, 1734434120846, 1734434121444, 1734434121947, 1734434122468, 1734434122923, 1734434123374, 1734434123855, 1734434124439, 1734434125320, 1734434125777, 1734434126246, 1734434126729, 1734434127178, 1734434127956, 1734434128344, 1734434129027, 1734434129452, 1734434129834, 1734434130364, 1734434130810, 1734434131520, 1734434131920, 1734434132303, 1734434133400, 1734434133813, 1734434134203, 1734434134675, 1734434135085, 1734434135490, 1734434135903, 1734434136308, 1734434136706, 1734434137113, 1734434137519, 1734434137958, 1734434138357, 1734434138778, 1734434139222, 1734434139637, 1734434140078, 1734434140700, 1734434141100, 1734434141480, 1734434141846, 1734434142510, 1734434142936, 1734434143324, 1734434143738, 1734434144194, 1734434145124, 1734434145547, 1734434145953, 1734434146348, 1734434146729, 1734434147112, 1734434147517, 1734434147936, 1734434148453, 1734434148883, 1734434149279, 1734434149663, 1734434150056, 1734434150431, 1734434150825, 1734434151232, 1734434151587, 1734434151939, 1734434152283, 1734434152683, 1734434153038, 1734434153388, 1734434153825, 1734434154177, 1734434154530, 1734434154825, 1734434155127, 1734434155445, 1734434155751, 1734434156066, 1734434156375, 1734434156733, 1734434157049, 1734434157365, 1734434157697, 1734434158031, 1734434158384, 1734434158699, 1734434159032, 1734434159365, 1734434159698, 1734434160020, 1734434160352, 1734434160707, 1734434161025, 1734434161342, 1734434161668, 1734434161978, 1734434162288, 1734434162571, 1734434162885, 1734434163178, 1734434163461, 1734434163741, 1734434164054, 1734434164332, 1734434164625, 1734434164913, 1734434165195, 1734434165485, 1734434165762, 1734434166037, 1734434166327, 1734434166605, 1734434166894, 1734434167196, 1734434167502, 1734434167784, 1734434168070, 1734434168366, 1734434168651, 1734434168927, 1734434169200, 1734434169454, 1734434169715, 1734434169988, 1734434170236, 1734434170492, 1734434170751, 1734434171049, 1734434171314, 1734434171569, 1734434171832, 1734434172095, 1734434172368, 1734434172610, 1734434172890, 1734434173144, 1734434173389, 1734434173643, 1734434173890, 1734434174163, 1734434174424, 1734434174683, 1734434174929, 1734434175180, 1734434175434, 1734434175687, 1734434175942, 1734434176198, 1734434176456, 1734434176704, 1734434176969, 1734434177224, 1734434177455, 1734434177692, 1734434177928, 1734434178151, 1734434178395, 1734434178626, 1734434178855, 1734434179073, 1734434179315, 1734434179564, 1734434179819, 1734434180054, 
end timestamps: 1734434101636, 1734434101705, 1734434102446, 1734434102763, 1734434103911, 1734434104115, 1734434104720, 1734434105447, 1734434106112, 1734434106460, 1734434107363, 1734434107847, 1734434108542, 1734434109034, 1734434109235, 1734434109736, 1734434110030, 1734434110608, 1734434111168, 1734434111721, 1734434112275, 1734434112275, 1734434112811, 1734434113236, 1734434113672, 1734434114007, 1734434114609, 1734434115750, 1734434115854, 1734434116678, 1734434117237, 1734434118099, 1734434118616, 1734434119067, 1734434119726, 1734434120403, 1734434120853, 1734434120992, 1734434121383, 1734434122125, 1734434122125, 1734434122466, 1734434123040, 1734434123429, 1734434123843, 1734434124325, 1734434125023, 1734434125794, 1734434126710, 1734434126798, 1734434127295, 1734434127628, 1734434127628, 1734434128345, 1734434128803, 1734434129515, 1734434129846, 1734434130304, 1734434130781, 1734434131280, 1734434132154, 1734434132321, 1734434132706, 1734434133903, 1734434134570, 1734434134657, 1734434135077, 1734434135877, 1734434136301, 1734434136698, 1734434136802, 1734434137209, 1734434137542, 1734434137898, 1734434137898, 1734434138692, 1734434138951, 1734434139253, 1734434139671, 1734434140074, 1734434140477, 1734434141106, 1734434141606, 1734434142200, 1734434142251, 1734434142992, 1734434143421, 1734434143719, 1734434144195, 1734434144658, 1734434145526, 1734434146248, 1734434146484, 1734434146484, 1734434147144, 1734434147428, 1734434147611, 1734434147983, 1734434148447, 1734434148886, 1734434149646, 1734434149910, 1734434150063, 1734434150463, 1734434150781, 1734434151168, 1734434151587, 1734434151990, 1734434151990, 1734434152333, 1734434152679, 1734434153041, 1734434153388, 1734434153829, 1734434154407, 1734434154530, 1734434154822, 1734434155231, 1734434155569, 1734434155775, 1734434156071, 1734434156404, 1734434156737, 1734434156737, 1734434157084, 1734434157370, 1734434157703, 1734434158102, 1734434158393, 1734434158805, 1734434159065, 1734434159419, 1734434159861, 1734434160022, 1734434160480, 1734434160714, 1734434160714, 1734434161029, 1734434161342, 1734434161771, 1734434161985, 1734434162453, 1734434162634, 1734434163008, 1734434163241, 1734434163482, 1734434163871, 1734434164161, 1734434164351, 1734434164351, 1734434164897, 1734434165016, 1734434165318, 1734434165734, 1734434165991, 1734434166325, 1734434166485, 1734434166676, 1734434167029, 1734434167249, 1734434167553, 1734434167828, 1734434168074, 1734434168384, 1734434168650, 1734434168928, 1734434169417, 1734434169532, 1734434169949, 1734434170057, 1734434170339, 1734434170500, 1734434170804, 1734434171269, 1734434171441, 1734434171693, 1734434172102, 1734434172205, 1734434172500, 1734434172654, 1734434173023, 1734434173023, 1734434173292, 1734434173453, 1734434173698, 1734434173960, 1734434174310, 1734434174510, 1734434174701, 1734434175175, 1734434175245, 1734434175691, 1734434175734, 1734434175946, 1734434176298, 1734434176648, 1734434176648, 1734434176705, 1734434176972, 1734434177253, 1734434177473, 1734434177698, 1734434177932, 1734434178326, 1734434178572, 1734434178694, 1734434179077, 1734434179157, 1734434179157, 1734434179317, 1734434179564, 
