
**********************************************************
ConnectDAWs File Logger | only the ConnectionManagerThread will write to this file to avoid blocking calls inside the audio thread.
Log started: 17 Dec 2024 12:14:03pm

Network Benchmark | start
size of start timestamps: 237
size of end timestamps: 237
latency: -13523, -13520, -13478, -13455, -13418, -13348, -13266, -13277, -13229, -13198, -13079, -13056, -13142, -13170, -13136, -13088, -13069, -13080, -13061, -13042, -12957, -13028, -12959, -12934, -12894, -12864, -12824, -12797, -12792, -12767, -12770, -12687, -12617, -12586, -12537, -12507, -12440, -12404, -12349, -12322, -12302, -12270, -12003, -11864, -11656, -11446, -11209, -11151, -10989, -10810, -10662, -10450, -10245, -10161, -9982, -9716, -9608, -9423, -9187, -9035, -8944, -8801, -8593, -8437, -8274, -8125, -7880, -7377, -7209, -7033, -6814, -6606, -6533, -6407, -6252, -6102, -6005, -5848, -5732, -5558, -5398, -5281, -5144, -4996, -4849, -4743, -4566, -4411, -4258, -4105, -3918, -3800, -3251, -3092, -2967, -2809, -2660, -2480, -2328, -2175, -1987, -1756, -1618, -1625, -1525, -1396, -1267, -1177, -1053, -911, -776, -648, -555, -403, -265, -161, -45, 59, 189, 327, 463, 571, 683, 807, 937, 1064, 1180, 1318, 1429, 1551, 1683, 1796, 2070, 2363, 2465, 2511, 2561, 2728, 2871, 3006, 3159, 3373, 3486, 3597, 3842, 4018, 4139, 4349, 4404, 4486, 4686, 4798, 4902, 5020, 5107, 5206, 5333, 5451, 5570, 5666, 5772, 5872, 5952, 6046, 6134, 6235, 6360, 6451, 6530, 6679, 6812, 6839, 6926, 7023, 7158, 7343, 7398, 7513, 7647, 7768, 8060, 8159, 8238, 8343, 8454, 8561, 8661, 8762, 8873, 8985, 9076, 9134, 9219, 9308, 9352, 9429, 9526, 9627, 9721, 9826, 9930, 10043, 10150, 10244, 10358, 10472, 10591, 10696, 10756, 10829, 10919, 11010, 11099, 11191, 11294, 11473, 11556, 11641, 11755, 11848, 11930, 12023, 12150, 12268, 12387, 12516, 12631, 12751, 12909, 13064, 13262, 13417, 13572, 13693, 13865, 13815, 13923, 
start timestamps: 1734433960086, 1734433960558, 1734433960941, 1734433961324, 1734433961812, 1734433962298, 1734433962686, 1734433963110, 1734433963493, 1734433963883, 1734433964280, 1734433964665, 1734433965170, 1734433965612, 1734433966021, 1734433966436, 1734433966866, 1734433967339, 1734433967755, 1734433968193, 1734433968594, 1734433969121, 1734433969528, 1734433969944, 1734433970375, 1734433970833, 1734433971245, 1734433971683, 1734433972147, 1734433972587, 1734433973070, 1734433973484, 1734433973891, 1734433974319, 1734433974730, 1734433975163, 1734433975584, 1734433976015, 1734433976448, 1734433976899, 1734433977358, 1734433977807, 1734433978155, 1734433978506, 1734433978835, 1734433979203, 1734433979552, 1734433980016, 1734433980369, 1734433980712, 1734433981041, 1734433981375, 1734433981726, 1734433982199, 1734433982585, 1734433982941, 1734433983383, 1734433983737, 1734433984107, 1734433984496, 1734433984882, 1734433985248, 1734433985579, 1734433985914, 1734433986237, 1734433986570, 1734433986880, 1734433987267, 1734433987586, 1734433987911, 1734433988224, 1734433988515, 1734433988926, 1734433989248, 1734433989552, 1734433989848, 1734433990211, 1734433990508, 1734433990809, 1734433991088, 1734433991358, 1734433991675, 1734433991960, 1734433992234, 1734433992517, 1734433992836, 1734433993115, 1734433993394, 1734433993673, 1734433993955, 1734433994280, 1734433994610, 1734433994897, 1734433995182, 1734433995495, 1734433995784, 1734433996070, 1734433996359, 1734433996661, 1734433996982, 1734433997282, 1734433997583, 1734433997883, 1734433998286, 1734433998563, 1734433998817, 1734433999060, 1734433999334, 1734433999580, 1734433999820, 1734434000060, 1734434000303, 1734434000585, 1734434000829, 1734434001076, 1734434001363, 1734434001629, 1734434001903, 1734434002155, 1734434002402, 1734434002647, 1734434002911, 1734434003171, 1734434003425, 1734434003679, 1734434003930, 1734434004182, 1734434004461, 1734434004720, 1734434004967, 1734434005213, 1734434005495, 1734434005762, 1734434006027, 1734434006428, 1734434006775, 1734434007120, 1734434007416, 1734434007680, 1734434007985, 1734434008282, 1734434008563, 1734434008852, 1734434009188, 1734434009456, 1734434009766, 1734434010151, 1734434010441, 1734434010781, 1734434011091, 1734434011410, 1734434011660, 1734434011913, 1734434012171, 1734434012440, 1734434012687, 1734434012921, 1734434013171, 1734434013412, 1734434013663, 1734434013899, 1734434014140, 1734434014370, 1734434014612, 1734434014839, 1734434015065, 1734434015279, 1734434015522, 1734434015769, 1734434015985, 1734434016205, 1734434016519, 1734434016775, 1734434017020, 1734434017248, 1734434017483, 1734434017760, 1734434017980, 1734434018207, 1734434018436, 1734434018657, 1734434018876, 1734434019109, 1734434019315, 1734434019517, 1734434019719, 1734434019929, 1734434020129, 1734434020331, 1734434020527, 1734434020734, 1734434020944, 1734434021140, 1734434021337, 1734434021566, 1734434021774, 1734434021953, 1734434022130, 1734434022311, 1734434022488, 1734434022668, 1734434022854, 1734434023043, 1734434023230, 1734434023416, 1734434023606, 1734434023803, 1734434023998, 1734434024210, 1734434024404, 1734434024591, 1734434024770, 1734434024956, 1734434025139, 1734434025318, 1734434025536, 1734434025720, 1734434025899, 1734434026084, 1734434026263, 1734434026456, 1734434026654, 1734434026837, 1734434027021, 1734434027208, 1734434027389, 1734434027587, 1734434027769, 1734434027930, 1734434028097, 1734434028262, 1734434028440, 1734434028610, 1734434028800, 1734434028971, 1734434029332, 1734434029552, 
end timestamps: 1734433946563, 1734433947038, 1734433947463, 1734433947869, 1734433948394, 1734433948950, 1734433949420, 1734433949833, 1734433950264, 1734433950685, 1734433951201, 1734433951609, 1734433952028, 1734433952442, 1734433952885, 1734433953348, 1734433953797, 1734433954259, 1734433954694, 1734433955151, 1734433955637, 1734433956093, 1734433956569, 1734433957010, 1734433957481, 1734433957969, 1734433958421, 1734433958886, 1734433959355, 1734433959820, 1734433960300, 1734433960797, 1734433961274, 1734433961733, 1734433962193, 1734433962656, 1734433963144, 1734433963611, 1734433964099, 1734433964577, 1734433965056, 1734433965537, 1734433966152, 1734433966642, 1734433967179, 1734433967757, 1734433968343, 1734433968865, 1734433969380, 1734433969902, 1734433970379, 1734433970925, 1734433971481, 1734433972038, 1734433972603, 1734433973225, 1734433973775, 1734433974314, 1734433974920, 1734433975461, 1734433975938, 1734433976447, 1734433976986, 1734433977477, 1734433977963, 1734433978445, 1734433979000, 1734433979890, 1734433980377, 1734433980878, 1734433981410, 1734433981909, 1734433982393, 1734433982841, 1734433983300, 1734433983746, 1734433984206, 1734433984660, 1734433985077, 1734433985530, 1734433985960, 1734433986394, 1734433986816, 1734433987238, 1734433987668, 1734433988093, 1734433988549, 1734433988983, 1734433989415, 1734433989850, 1734433990362, 1734433990810, 1734433991646, 1734433992090, 1734433992528, 1734433992975, 1734433993410, 1734433993879, 1734433994333, 1734433994807, 1734433995295, 1734433995827, 1734433996265, 1734433996661, 1734433997038, 1734433997421, 1734433997793, 1734433998157, 1734433998527, 1734433998909, 1734433999284, 1734433999655, 1734434000030, 1734434000426, 1734434000811, 1734434001202, 1734434001584, 1734434001962, 1734434002344, 1734434002729, 1734434003110, 1734434003482, 1734434003854, 1734434004232, 1734434004616, 1734434004994, 1734434005362, 1734434005779, 1734434006149, 1734434006518, 1734434006896, 1734434007291, 1734434007832, 1734434008390, 1734434008893, 1734434009286, 1734434009681, 1734434010144, 1734434010551, 1734434010991, 1734434011441, 1734434011936, 1734434012338, 1734434012785, 1734434013298, 1734434013784, 1734434014290, 1734434014790, 1734434015185, 1734434015577, 1734434016096, 1734434016458, 1734434016815, 1734434017191, 1734434017547, 1734434017893, 1734434018254, 1734434018622, 1734434018982, 1734434019329, 1734434019671, 1734434020012, 1734434020322, 1734434020658, 1734434020973, 1734434021300, 1734434021639, 1734434021973, 1734434022299, 1734434022664, 1734434023017, 1734434023358, 1734434023701, 1734434024043, 1734434024406, 1734434024826, 1734434025158, 1734434025493, 1734434025854, 1734434026204, 1734434026717, 1734434027035, 1734434027347, 1734434027658, 1734434027971, 1734434028280, 1734434028590, 1734434028891, 1734434029204, 1734434029512, 1734434029810, 1734434030078, 1734434030359, 1734434030645, 1734434030918, 1734434031203, 1734434031479, 1734434031757, 1734434032032, 1734434032314, 1734434032598, 1734434032897, 1734434033193, 1734434033474, 1734434033774, 1734434034078, 1734434034394, 1734434034694, 1734434034966, 1734434035233, 1734434035510, 1734434035780, 1734434036055, 1734434036330, 1734434036612, 1734434037009, 1734434037276, 1734434037540, 1734434037839, 1734434038111, 1734434038386, 1734434038677, 1734434038987, 1734434039289, 1734434039595, 1734434039905, 1734434040218, 1734434040520, 1734434040839, 1734434041161, 1734434041524, 1734434041857, 1734434042182, 1734434042493, 1734434042836, 1734434043147, 1734434043475, 
Plugin Outgoing Benchmark | start
size of start timestamps: 261
size of end timestamps: 243
latency: 460, 654, 990, 1338, 1532, 1750, 2044, 2080, 2097, 2462, 2800, 3224, 3461, 3773, 3910, 3931, 4014, 4137, 4383, 4442, 4343, 4739, 4580, 4867, 5227, 5254, 5308, 5292, 5247, 5449, 5003, 4938, 4965, 5042, 5102, 5029, 5021, 5069, 5397, 5435, 5263, 5455, 5545, 5449, 5334, 5619, 5384, 5577, 5567, 6101, 6142, 6001, 6109, 5889, 5876, 6295, 6522, 6941, 6925, 6634, 6824, 6576, 6919, 6457, 6497, 6437, 6459, 6321, 6485, 6952, 6864, 7010, 6868, 6628, 6713, 6889, 6763, 6735, 6803, 6300, 6410, 6331, 6464, 6122, 6376, 6302, 5956, 6191, 6142, 5648, 5851, 5593, 5574, 5174, 5479, 5661, 5662, 6000, 5858, 5647, 5708, 5846, 6011, 5952, 6216, 6292, 6235, 6328, 6705, 6609, 6528, 6198, 6111, 6294, 6270, 6111, 5622, 5583, 5667, 5706, 5754, 5607, 5557, 5567, 5595, 5689, 5697, 5632, 6003, 5800, 6003, 5874, 5716, 5621, 5677, 5686, 6164, 6287, 6381, 6430, 6385, 6033, 6088, 6132, 6191, 6205, 6636, 6896, 6967, 7225, 7335, 7285, 7688, 7598, 7308, 7422, 7393, 7129, 7273, 6985, 7100, 6947, 6951, 6635, 6528, 6710, 6535, 6053, 5866, 5880, 5548, 5200, 5466, 5790, 5685, 5706, 5697, 5653, 5883, 6043, 6067, 5687, 5638, 5825, 5946, 6002, 5893, 6008, 5884, 6018, 5997, 5987, 5928, 6230, 5913, 6159, 6135, 5936, 5672, 5747, 5611, 5612, 5501, 5307, 5317, 5401, 5460, 5451, 5321, 5458, 5453, 5460, 5325, 5435, 5324, 5401, 5418, 5121, 5296, 5329, 5372, 5379, 5075, 5320, 5407, 5396, 5376, 5366, 5362, 5677, 5610, 5687, 5687, 5659, 5737, 5665, 5522, 5485, 5415, 5540, 5423, 5312, 5250, 
start timestamps: 1734433946117, 1734433946344, 1734433946437, 1734433946499, 1734433946772, 1734433946974, 1734433947081, 1734433947459, 1734433947869, 1734433947935, 1734433947990, 1734433947990, 1734433948165, 1734433948288, 1734433948564, 1734433948982, 1734433949357, 1734433949695, 1734433949894, 1734433950273, 1734433950802, 1734433950892, 1734433951506, 1734433951662, 1734433951738, 1734433952165, 1734433952580, 1734433953062, 1734433953583, 1734433953835, 1734433954731, 1734433955256, 1734433955696, 1734433956089, 1734433956501, 1734433957023, 1734433957490, 1734433957909, 1734433958051, 1734433958460, 1734433959096, 1734433959366, 1734433959739, 1734433960318, 1734433960917, 1734433961173, 1734433961929, 1734433962272, 1734433962824, 1734433962824, 1734433963298, 1734433963944, 1734433964333, 1734433965067, 1734433965656, 1734433965782, 1734433966154, 1734433966339, 1734433966895, 1734433967728, 1734433968073, 1734433968880, 1734433969011, 1734433969949, 1734433970422, 1734433970968, 1734433971412, 1734433972051, 1734433972441, 1734433972441, 1734433973019, 1734433973376, 1734433974018, 1734433974779, 1734433975181, 1734433975490, 1734433976059, 1734433976544, 1734433976933, 1734433977877, 1734433978228, 1734433978719, 1734433979014, 1734433979786, 1734433979984, 1734433980469, 1734433981237, 1734433981431, 1734433981909, 1734433982834, 1734433983070, 1734433983747, 1734433984190, 1734433985088, 1734433985240, 1734433985492, 1734433985928, 1734433986018, 1734433986598, 1734433987253, 1734433987634, 1734433987956, 1734433988263, 1734433988788, 1734433988992, 1734433989450, 1734433989961, 1734433990263, 1734433990263, 1734433990732, 1734433991193, 1734433991883, 1734433992330, 1734433992541, 1734433992937, 1734433993479, 1734433994345, 1734433994754, 1734433995082, 1734433995426, 1734433995755, 1734433996279, 1734433996700, 1734433997059, 1734433997407, 1734433997723, 1734433998092, 1734433998537, 1734433998538, 1734433999129, 1734433999295, 1734433999820, 1734434000348, 1734434000821, 1734434001144, 1734434001520, 1734434001543, 1734434001899, 1734434002268, 1734434002637, 1734434003086, 1734434003867, 1734434004245, 1734434004616, 1734434005005, 1734434005455, 1734434005455, 1734434005600, 1734434005955, 1734434006218, 1734434006578, 1734434007142, 1734434007225, 1734434007750, 1734434008400, 1734434008667, 1734434009070, 1734434009688, 1734434009923, 1734434010561, 1734434010787, 1734434011292, 1734434011662, 1734434012339, 1734434012793, 1734434012955, 1734434013458, 1734434014253, 1734434014757, 1734434015055, 1734434015717, 1734434016402, 1734434016466, 1734434016467, 1734434016906, 1734434017264, 1734434017605, 1734434017993, 1734434018117, 1734434018303, 1734434018623, 1734434019330, 1734434019714, 1734434019877, 1734434020104, 1734434020381, 1734434020842, 1734434021043, 1734434021477, 1734434021649, 1734434021981, 1734434022308, 1734434022674, 1734434022675, 1734434023304, 1734434023364, 1734434023674, 1734434024147, 1734434024691, 1734434024924, 1734434025332, 1734434025609, 1734434025994, 1734434026465, 1734434026726, 1734434026920, 1734434027141, 1734434027429, 1734434027854, 1734434028000, 1734434028305, 1734434028603, 1734434029055, 1734434029240, 1734434029627, 1734434029825, 1734434030087, 1734434030654, 1734434030749, 1734434031005, 1734434031235, 1734434031500, 1734434032088, 1734434032117, 1734434032321, 1734434032605, 1734434032907, 1734434033203, 1734434033502, 1734434033502, 1734434033866, 1734434034092, 1734434034388, 1734434034716, 1734434034953, 1734434035330, 1734434035788, 1734434036188, 1734434036589, 1734434036771, 1734434037239, 1734434037678, 1734434038044, 1734434038223, 1734434038465, 1734434038899, 1734434038994, 1734434038994, 1734434039290, 1734434039497, 1734434039866, 1734434040219, 1734434040422, 1734434040663, 1734434040846, 1734434041167, 1734434041414, 1734434041535, 1734434041782, 1734434042009, 1734434042500, 
end timestamps: 1734433946577, 1734433946998, 1734433947427, 1734433947837, 1734433948304, 1734433948724, 1734433949125, 1734433949539, 1734433949966, 1734433950397, 1734433950790, 1734433951214, 1734433951626, 1734433952061, 1734433952474, 1734433952913, 1734433953371, 1734433953832, 1734433954277, 1734433954715, 1734433955145, 1734433955631, 1734433956086, 1734433956529, 1734433956965, 1734433957419, 1734433957888, 1734433958354, 1734433958830, 1734433959284, 1734433959734, 1734433960194, 1734433960661, 1734433961131, 1734433961603, 1734433962052, 1734433962511, 1734433962978, 1734433963448, 1734433963895, 1734433964359, 1734433964821, 1734433965284, 1734433965767, 1734433966251, 1734433966792, 1734433967313, 1734433967849, 1734433968391, 1734433968925, 1734433969440, 1734433969945, 1734433970442, 1734433970956, 1734433971532, 1734433972077, 1734433972676, 1734433973280, 1734433973820, 1734433974362, 1734433974897, 1734433975456, 1734433975930, 1734433976406, 1734433976919, 1734433977405, 1734433977871, 1734433978372, 1734433978926, 1734433979393, 1734433979883, 1734433980386, 1734433980886, 1734433981407, 1734433981894, 1734433982379, 1734433982822, 1734433983279, 1734433983736, 1734433984177, 1734433984638, 1734433985050, 1734433985478, 1734433985908, 1734433986360, 1734433986771, 1734433987193, 1734433987622, 1734433988051, 1734433988482, 1734433988921, 1734433989340, 1734433989764, 1734433990262, 1734433990719, 1734433991153, 1734433991590, 1734433992018, 1734433992456, 1734433992900, 1734433993342, 1734433993802, 1734433994274, 1734433994740, 1734433995208, 1734433995742, 1734433996196, 1734433996591, 1734433996968, 1734433997341, 1734433997721, 1734433998081, 1734433998441, 1734433998835, 1734433999207, 1734433999590, 1734433999967, 1734434000337, 1734434000749, 1734434001132, 1734434001509, 1734434001886, 1734434002257, 1734434002626, 1734434003002, 1734434003412, 1734434003789, 1734434004169, 1734434004541, 1734434004929, 1734434005298, 1734434005694, 1734434006064, 1734434006442, 1734434006821, 1734434007206, 1734434007707, 1734434008186, 1734434008649, 1734434009067, 1734434009471, 1734434009900, 1734434010333, 1734434010748, 1734434011196, 1734434011660, 1734434012091, 1734434012496, 1734434012922, 1734434013443, 1734434013913, 1734434014427, 1734434014913, 1734434015348, 1734434015708, 1734434016089, 1734434016463, 1734434016817, 1734434017196, 1734434017546, 1734434017887, 1734434018239, 1734434018613, 1734434018974, 1734434019321, 1734434019665, 1734434019993, 1734434020306, 1734434020623, 1734434020935, 1734434021265, 1734434021602, 1734434021932, 1734434022257, 1734434022591, 1734434022970, 1734434023302, 1734434023646, 1734434024000, 1734434024346, 1734434024690, 1734434025017, 1734434025352, 1734434025702, 1734434026050, 1734434026383, 1734434026735, 1734434027051, 1734434027361, 1734434027667, 1734434027978, 1734434028295, 1734434028602, 1734434028905, 1734434029217, 1734434029523, 1734434029809, 1734434030083, 1734434030363, 1734434030671, 1734434030943, 1734434031221, 1734434031495, 1734434031772, 1734434032043, 1734434032321, 1734434032601, 1734434032880, 1734434033175, 1734434033458, 1734434033758, 1734434034063, 1734434034380, 1734434034675, 1734434034951, 1734434035226, 1734434035505, 1734434035775, 1734434036045, 1734434036334, 1734434036607, 1734434036879, 1734434037163, 1734434037437, 1734434037728, 1734434038001, 1734434038283, 1734434038569, 1734434038864, 1734434039179, 1734434039476, 1734434039779, 1734434040075, 1734434040375, 1734434040690, 1734434040995, 1734434041310, 1734434041673, 1734434042004, 1734434042311, 1734434042662, 1734434042990, 1734434043294, 
Plugin Incoming Benchmark | start
size of start timestamps: 237
size of end timestamps: 246
latency: 655, 456, 828, 466, 596, 428, 686, 471, 437, 520, 714, 456, 447, 543, 616, 692, 484, 450, 10, 12, 103, 56, 370, 447, 443, 411, 78, 35, 204, 5, 0, -43, 117, 186, 176, 75, 142, -325, -315, -181, -247, -12, -15, -375, -491, -306, -33, -275, 11, -382, -477, -445, -508, -517, -12, -167, -797, -1140, -987, -922, -694, -799, -1003, -942, -940, -854, -590, -1186, -1174, -1367, -900, -945, -674, -967, -834, -1292, -918, -1141, -927, -919, -446, -722, -912, -895, -1224, -1071, -863, -919, -1034, -1156, -1067, -1380, -1705, -1687, -1360, -1347, -1095, -1084, -1344, -859, -1026, -954, -1077, -1187, -1238, -770, -966, -1096, -1104, -809, -822, -750, -1120, -1358, -1302, -1521, -1385, -1238, -1151, -1209, -1213, -1213, -1219, -1222, -1504, -1288, -1129, -1124, -1166, -1146, -1066, -1447, -1695, -1884, -2265, -2322, -2150, -1934, -1747, -1888, -2057, -1760, -2016, -2182, -2229, -2222, -2332, -2844, -2720, -2395, -2775, -2640, -2645, -2509, -2139, -2361, -2179, -1854, -2166, -2522, -2425, -2411, -2409, -2339, -2357, -2353, -1974, -1931, -2100, -2199, -2287, -2178, -2324, -2226, -2411, -2517, -2521, -2485, -2832, -2563, -3002, -2805, -2890, -2658, -2743, -2643, -2674, -2600, -2430, -2480, -2379, -2382, -2228, -2362, -2345, -2318, -2307, -2582, -2520, -2412, -2493, -2513, -2253, -2448, -2473, -2540, -2581, -2310, -2579, -2647, -2630, -2604, -2585, -2555, -2831, -2853, -2919, -2770, -2825, -2635, -2783, -2600, -2491, -2400, -2521, -2363, -2236, -2175, -2300, -2377, -2264, -2541, -2872, -2894, -2999, -2973, -2930, 
start timestamps: 1734433946117, 1734433946625, 1734433947041, 1734433947469, 1734433947968, 1734433948554, 1734433949009, 1734433949423, 1734433949836, 1734433950282, 1734433950792, 1734433951206, 1734433951612, 1734433952037, 1734433952446, 1734433952891, 1734433953351, 1734433953821, 1734433954262, 1734433954719, 1734433955153, 1734433955640, 1734433956131, 1734433956576, 1734433957047, 1734433957498, 1734433957973, 1734433958425, 1734433958892, 1734433959361, 1734433959864, 1734433960361, 1734433960800, 1734433961278, 1734433961753, 1734433962197, 1734433962682, 1734433963149, 1734433963613, 1734433964125, 1734433964580, 1734433965079, 1734433965671, 1734433966157, 1734433966645, 1734433967201, 1734433967761, 1734433968348, 1734433968869, 1734433969393, 1734433969913, 1734433970394, 1734433970930, 1734433971485, 1734433972063, 1734433972608, 1734433973238, 1734433973782, 1734433974363, 1734433974940, 1734433975473, 1734433975980, 1734433976493, 1734433977001, 1734433977484, 1734433977973, 1734433978467, 1734433979414, 1734433979893, 1734433980381, 1734433980884, 1734433981414, 1734433981911, 1734433982398, 1734433982844, 1734433983303, 1734433983752, 1734433984211, 1734433984674, 1734433985109, 1734433985534, 1734433985962, 1734433986404, 1734433986823, 1734433987242, 1734433987670, 1734433988116, 1734433988553, 1734433988990, 1734433989419, 1734433989855, 1734433990372, 1734433991155, 1734433991648, 1734433992092, 1734433992540, 1734433992978, 1734433993414, 1734433993885, 1734433994338, 1734433994812, 1734433995299, 1734433995831, 1734433996269, 1734433996664, 1734433997049, 1734433997423, 1734433997796, 1734433998163, 1734433998532, 1734433998914, 1734433999287, 1734433999658, 1734434000032, 1734434000431, 1734434000816, 1734434001205, 1734434001586, 1734434001972, 1734434002353, 1734434002733, 1734434003112, 1734434003487, 1734434003859, 1734434004236, 1734434004618, 1734434004996, 1734434005369, 1734434005782, 1734434006151, 1734434006521, 1734434006902, 1734434007295, 1734434007839, 1734434008483, 1734434008900, 1734434009292, 1734434009684, 1734434010147, 1734434010555, 1734434010996, 1734434011448, 1734434011939, 1734434012342, 1734434012790, 1734434013303, 1734434013786, 1734434014299, 1734434014796, 1734434015188, 1734434015730, 1734434016098, 1734434016464, 1734434016818, 1734434017194, 1734434017550, 1734434017896, 1734434018256, 1734434018632, 1734434018989, 1734434019331, 1734434019675, 1734434020014, 1734434020333, 1734434020660, 1734434020976, 1734434021304, 1734434021645, 1734434021977, 1734434022303, 1734434022668, 1734434023020, 1734434023367, 1734434023703, 1734434024060, 1734434024498, 1734434024829, 1734434025159, 1734434025507, 1734434025867, 1734434026366, 1734434026723, 1734434027037, 1734434027349, 1734434027667, 1734434027975, 1734434028283, 1734434028594, 1734434028895, 1734434029206, 1734434029520, 1734434029811, 1734434030082, 1734434030362, 1734434030650, 1734434030921, 1734434031207, 1734434031483, 1734434031760, 1734434032039, 1734434032318, 1734434032600, 1734434032907, 1734434033197, 1734434033478, 1734434033775, 1734434034081, 1734434034398, 1734434034696, 1734434034968, 1734434035235, 1734434035511, 1734434035788, 1734434036057, 1734434036333, 1734434036719, 1734434037011, 1734434037278, 1734434037541, 1734434037842, 1734434038113, 1734434038388, 1734434038679, 1734434038989, 1734434039292, 1734434039602, 1734434039914, 1734434040219, 1734434040523, 1734434040842, 1734434041163, 1734434041535, 1734434041866, 1734434042184, 1734434042496, 1734434042839, 1734434043149, 
end timestamps: 1734433946772, 1734433947081, 1734433947869, 1734433947935, 1734433948564, 1734433948982, 1734433949695, 1734433949894, 1734433950273, 1734433950802, 1734433951506, 1734433951662, 1734433952059, 1734433952580, 1734433953062, 1734433953583, 1734433953835, 1734433954271, 1734433954272, 1734433954731, 1734433955256, 1734433955696, 1734433956501, 1734433957023, 1734433957490, 1734433957909, 1734433958051, 1734433958460, 1734433959096, 1734433959366, 1734433959864, 1734433960318, 1734433960917, 1734433961464, 1734433961929, 1734433962272, 1734433962824, 1734433962824, 1734433963298, 1734433963944, 1734433964333, 1734433965067, 1734433965656, 1734433965782, 1734433966154, 1734433966895, 1734433967728, 1734433968073, 1734433968880, 1734433969011, 1734433969436, 1734433969949, 1734433970422, 1734433970968, 1734433972051, 1734433972441, 1734433972441, 1734433972642, 1734433973376, 1734433974018, 1734433974779, 1734433975181, 1734433975490, 1734433976059, 1734433976544, 1734433977119, 1734433977877, 1734433978228, 1734433978719, 1734433979014, 1734433979984, 1734433980469, 1734433981237, 1734433981431, 1734433982010, 1734433982011, 1734433982834, 1734433983070, 1734433983747, 1734433984190, 1734433985088, 1734433985240, 1734433985492, 1734433985928, 1734433986018, 1734433986599, 1734433987253, 1734433987634, 1734433987956, 1734433988263, 1734433988788, 1734433988992, 1734433989450, 1734433989961, 1734433990732, 1734433991193, 1734433991883, 1734433992330, 1734433992541, 1734433993479, 1734433993786, 1734433994345, 1734433994754, 1734433995082, 1734433995426, 1734433996279, 1734433996457, 1734433996700, 1734433997059, 1734433997723, 1734433998092, 1734433998537, 1734433998538, 1734433998674, 1734433999129, 1734433999295, 1734433999820, 1734434000348, 1734434000821, 1734434001144, 1734434001520, 1734434001899, 1734434002268, 1734434002637, 1734434002732, 1734434003330, 1734434003867, 1734434004245, 1734434004616, 1734434005005, 1734434005455, 1734434005455, 1734434005600, 1734434005955, 1734434006218, 1734434006578, 1734434007142, 1734434007750, 1734434008400, 1734434008667, 1734434008939, 1734434009688, 1734434009923, 1734434010160, 1734434010561, 1734434011081, 1734434011454, 1734434011455, 1734434012076, 1734434012793, 1734434012955, 1734434013458, 1734434013819, 1734434014309, 1734434015055, 1734434015189, 1734434015717, 1734434016402, 1734434016466, 1734434016467, 1734434016906, 1734434017264, 1734434017605, 1734434017994, 1734434018303, 1734434018623, 1734434019330, 1734434019714, 1734434019877, 1734434020104, 1734434020381, 1734434020842, 1734434021043, 1734434021477, 1734434021649, 1734434021981, 1734434022308, 1734434022674, 1734434022675, 1734434023304, 1734434023364, 1734434023918, 1734434024147, 1734434024691, 1734434024924, 1734434025332, 1734434025609, 1734434025994, 1734434026465, 1734434026726, 1734434027141, 1734434027429, 1734434027854, 1734434028000, 1734434028305, 1734434028603, 1734434028900, 1734434028901, 1734434029240, 1734434029627, 1734434029825, 1734434030087, 1734434030654, 1734434030749, 1734434031005, 1734434031235, 1734434031500, 1734434032088, 1734434032117, 1734434032321, 1734434032605, 1734434032907, 1734434033203, 1734434033502, 1734434033502, 1734434033866, 1734434034092, 1734434034508, 1734434034716, 1734434035207, 1734434035330, 1734434035788, 1734434036188, 1734434036589, 1734434036771, 1734434037239, 1734434037678, 1734434038044, 1734434038223, 1734434038465, 1734434038899, 1734434038994, 1734434038994, 1734434039290, 1734434039497, 1734434039866, 1734434040219, 1734434040423, 1734434040663, 1734434040846, 1734434041167, 1734434041414, 1734434041535, 1734434042009, 1734434042500, 1734434042572, 
