
**********************************************************
ConnectDAWs File Logger | only the ConnectionManagerThread will write to this file to avoid blocking calls inside the audio thread.
Log started: 17 Dec 2024 12:42:33pm

Network Benchmark | start
size of start timestamps: 172
size of end timestamps: 172
latency: 25195, 25216, 25182, 25181, 25149, 25096, 24736, 24732, 24866, 24794, 24988, 24792, 24735, 24696, 24636, 24634, 24915, 24827, 24926, 24846, 24867, 24828, 24777, 24762, 24710, 24622, 24558, 24532, 24534, 24518, 24439, 24353, 24243, 24162, 24088, 24007, 23890, 23744, 23586, 23528, 23469, 23398, 23295, 23205, 23135, 23064, 23002, 22923, 22842, 22748, 22642, 22561, 22542, 22716, 22635, 22106, 21597, 21650, 21537, 21527, 21448, 21655, 21531, 20939, 20805, 20677, 20553, 20066, 19593, 19518, 19653, 19326, 19339, 19280, 19276, 19284, 19216, 19128, 19066, 18957, 18870, 18814, 19032, 18939, 18860, 18769, 17897, 17818, 17694, 17918, 17685, 17543, 16724, 16325, 16166, 15689, 15611, 15141, 15012, 15010, 14831, 14708, 14453, 13745, 13593, 13642, 13171, 12640, 12776, 12139, 11968, 11700, 11560, 11368, 11266, 11239, 10913, 10644, 10521, 10233, 10177, 9873, 9737, 9599, 9494, 9401, 8998, 8752, 8607, 8502, 8219, 8118, 8398, 8292, 8080, 7625, 7455, 7490, 7281, 7173, 7042, 6788, 6663, 6347, 6488, 6062, 5914, 5753, 5835, 5707, 5612, 5505, 5343, 4890, 4623, 4520, 4434, 4337, 4494, 4404, 4182, 4090, 3761, 3682, 3597, 3570, 3474, 3378, 3319, 3225, 3146, 3363, 
start timestamps: 1734435643520, 1734435643940, 1734435644379, 1734435644825, 1734435645248, 1734435645699, 1734435646983, 1734435647852, 1734435648713, 1734435649196, 1734435649666, 1734435650280, 1734435650731, 1734435651189, 1734435651641, 1734435652085, 1734435652566, 1734435653050, 1734435653516, 1734435654001, 1734435654439, 1734435654879, 1734435655338, 1734435655787, 1734435656237, 1734435656718, 1734435657200, 1734435657648, 1734435658078, 1734435658517, 1734435658971, 1734435659428, 1734435659900, 1734435660367, 1734435660819, 1734435661271, 1734435661731, 1734435662230, 1734435662747, 1734435663167, 1734435663601, 1734435664042, 1734435664514, 1734435664966, 1734435665419, 1734435665868, 1734435666321, 1734435666772, 1734435667218, 1734435667679, 1734435668156, 1734435668603, 1734435669054, 1734435669547, 1734435670083, 1734435670968, 1734435671858, 1734435672324, 1734435672791, 1734435673263, 1734435673711, 1734435674149, 1734435674591, 1734435675525, 1734435675997, 1734435676448, 1734435676902, 1734435677707, 1734435678511, 1734435678954, 1734435679366, 1734435680337, 1734435680733, 1734435681117, 1734435681522, 1734435681921, 1734435682324, 1734435682754, 1734435683151, 1734435683585, 1734435684005, 1734435684420, 1734435684839, 1734435685254, 1734435685663, 1734435686068, 1734435687287, 1734435687732, 1734435688346, 1734435689190, 1734435690549, 1734435690983, 1734435692092, 1734435693030, 1734435693479, 1734435694799, 1734435695269, 1734435696368, 1734435696814, 1734435697327, 1734435697807, 1734435698258, 1734435699197, 1734435700487, 1734435700964, 1734435701871, 1734435702932, 1734435703897, 1734435704365, 1734435705729, 1734435706217, 1734435707276, 1734435707727, 1734435708242, 1734435708679, 1734435709146, 1734435709936, 1734435710957, 1734435711405, 1734435712318, 1734435712854, 1734435713775, 1734435714233, 1734435714706, 1734435715159, 1734435715916, 1734435716796, 1734435717873, 1734435718342, 1734435718791, 1734435719700, 1734435720231, 1734435720814, 1734435721279, 1734435721856, 1734435722778, 1734435723311, 1734435723861, 1734435724794, 1734435725301, 1734435725790, 1734435726391, 1734435727276, 1734435728583, 1734435729062, 1734435729971, 1734435730835, 1734435731747, 1734435732346, 1734435732822, 1734435733277, 1734435733725, 1734435734213, 1734435735104, 1734435736014, 1734435736448, 1734435736909, 1734435737326, 1734435737891, 1734435738304, 1734435738844, 1734435739252, 1734435740083, 1734435740489, 1734435740898, 1734435742104, 1734435742530, 1734435742946, 1734435743346, 1734435743773, 1734435744188, 1734435744606, 
end timestamps: 1734435668715, 1734435669156, 1734435669561, 1734435670006, 1734435670397, 1734435670795, 1734435671719, 1734435672584, 1734435673579, 1734435673990, 1734435674654, 1734435675072, 1734435675466, 1734435675885, 1734435676277, 1734435676719, 1734435677481, 1734435677877, 1734435678442, 1734435678847, 1734435679306, 1734435679707, 1734435680115, 1734435680549, 1734435680947, 1734435681340, 1734435681758, 1734435682180, 1734435682612, 1734435683035, 1734435683410, 1734435683781, 1734435684143, 1734435684529, 1734435684907, 1734435685278, 1734435685621, 1734435685974, 1734435686333, 1734435686695, 1734435687070, 1734435687440, 1734435687809, 1734435688171, 1734435688554, 1734435688932, 1734435689323, 1734435689695, 1734435690060, 1734435690427, 1734435690798, 1734435691164, 1734435691596, 1734435692263, 1734435692718, 1734435693074, 1734435693455, 1734435693974, 1734435694328, 1734435694790, 1734435695159, 1734435695804, 1734435696122, 1734435696464, 1734435696802, 1734435697125, 1734435697455, 1734435697773, 1734435698104, 1734435698472, 1734435699019, 1734435699663, 1734435700072, 1734435700397, 1734435700798, 1734435701205, 1734435701540, 1734435701882, 1734435702217, 1734435702542, 1734435702875, 1734435703234, 1734435703871, 1734435704193, 1734435704523, 1734435704837, 1734435705184, 1734435705550, 1734435706040, 1734435707108, 1734435708234, 1734435708526, 1734435708816, 1734435709355, 1734435709645, 1734435710488, 1734435710880, 1734435711509, 1734435711826, 1734435712337, 1734435712638, 1734435712966, 1734435713650, 1734435714232, 1734435714557, 1734435715513, 1734435716103, 1734435716537, 1734435717141, 1734435717868, 1734435718185, 1734435718976, 1734435719287, 1734435719610, 1734435719945, 1734435720385, 1734435720849, 1734435721601, 1734435721926, 1734435722551, 1734435723031, 1734435723648, 1734435723970, 1734435724305, 1734435724653, 1734435725317, 1734435725794, 1734435726625, 1734435726949, 1734435727293, 1734435727919, 1734435728349, 1734435729212, 1734435729571, 1734435729936, 1734435730403, 1734435730766, 1734435731351, 1734435732075, 1734435732474, 1734435732832, 1734435733179, 1734435733939, 1734435734930, 1734435735550, 1734435736033, 1734435736749, 1734435737500, 1734435738181, 1734435738529, 1734435738889, 1734435739230, 1734435739556, 1734435739994, 1734435740637, 1734435740968, 1734435741343, 1734435741663, 1734435742385, 1734435742708, 1734435743026, 1734435743342, 1734435743844, 1734435744171, 1734435744495, 1734435745674, 1734435746004, 1734435746324, 1734435746665, 1734435746998, 1734435747334, 1734435747969, 
Plugin Outgoing Benchmark | start
size of start timestamps: 219
size of end timestamps: 212
latency: 416, 438, 446, 390, 496, 775, 399, 445, 610, 872, 1293, 1170, 1391, 1277, 1242, 1476, 1517, 1837, 1214, 1471, 1748, 1161, 1171, 403, 439, 790, 399, 399, 626, 444, 572, 740, 874, 823, 537, 1275, 764, 1668, 954, 972, 755, 824, 1366, 752, 1046, 740, 1039, 901, 734, 1123, 742, 838, 1594, 757, 854, 812, 1087, 732, 804, 673, 702, 924, 643, 767, 839, 903, 665, 649, 1185, 1018, 791, 997, 664, 677, 898, 673, 671, 661, 853, 1191, 1019, 1292, 1295, 1027, 988, 1177, 1102, 1128, 1198, 1274, 1403, 1472, 1855, 1099, 951, 1173, 1173, 926, 939, 1017, 891, 921, 1100, 1191, 911, 1213, 1184, 1168, 1152, 974, 990, 955, 1162, 1267, 1179, 1590, 1402, 1046, 1411, 1493, 1038, 1433, 1451, 2075, 1620, 1787, 1336, 1607, 1866, 2188, 2153, 2397, 2579, 2850, 3061, 2615, 2865, 3090, 3042, 2931, 2960, 2927, 2634, 2907, 2154, 2178, 2041, 2120, 1753, 1915, 2208, 2188, 2611, 2523, 2125, 1959, 1480, 1631, 1821, 1859, 1801, 1612, 1938, 1596, 1559, 1613, 1539, 1926, 1891, 1899, 2104, 2153, 2741, 2864, 2427, 2046, 1647, 1637, 2071, 1984, 2073, 2274, 1900, 2512, 2103, 2088, 1917, 1821, 2129, 2226, 1895, 1766, 1855, 1815, 1962, 1829, 1649, 1806, 1541, 1506, 1786, 2082, 1963, 1656, 1592, 1553, 1330, 1621, 1630, 1593, 1612, 1866, 
start timestamps: 1734435667867, 1734435668301, 1734435668728, 1734435669228, 1734435669650, 1734435669769, 1734435670563, 1734435670971, 1734435671192, 1734435671320, 1734435671345, 1734435671843, 1734435672072, 1734435672585, 1734435673016, 1734435673177, 1734435673560, 1734435673636, 1734435674668, 1734435674822, 1734435674938, 1734435675917, 1734435676311, 1734435677491, 1734435678074, 1734435678120, 1734435678919, 1734435680116, 1734435680287, 1734435681341, 1734435681628, 1734435681929, 1734435682204, 1734435682622, 1734435683270, 1734435683270, 1734435684151, 1734435684205, 1734435685285, 1734435685630, 1734435686229, 1734435686617, 1734435687081, 1734435688066, 1734435688263, 1734435688933, 1734435689001, 1734435689538, 1734435690069, 1734435690441, 1734435691165, 1734435691431, 1734435691573, 1734435692788, 1734435693086, 1734435693571, 1734435694022, 1734435694731, 1734435694999, 1734435695471, 1734435695830, 1734435696205, 1734435696809, 1734435696998, 1734435697285, 1734435697792, 1734435698366, 1734435698702, 1734435698801, 1734435699458, 1734435700080, 1734435700547, 1734435701213, 1734435701530, 1734435701652, 1734435702218, 1734435702550, 1734435702886, 1734435703048, 1734435703048, 1734435703554, 1734435703881, 1734435704247, 1734435704844, 1734435705219, 1734435705355, 1734435705708, 1734435705982, 1734435706186, 1734435706385, 1734435706539, 1734435706826, 1734435706900, 1734435707948, 1734435708465, 1734435708761, 1734435709108, 1734435709652, 1734435709985, 1734435710199, 1734435710618, 1734435710890, 1734435711006, 1734435711222, 1734435711800, 1734435711865, 1734435712184, 1734435712783, 1734435713086, 1734435713657, 1734435713942, 1734435714261, 1734435714378, 1734435714563, 1734435714938, 1734435715224, 1734435715830, 1734435716506, 1734435716843, 1734435717147, 1734435717927, 1734435718327, 1734435718641, 1734435718641, 1734435719433, 1734435719612, 1734435720391, 1734435720448, 1734435720520, 1734435720521, 1734435720881, 1734435720963, 1734435721108, 1734435721162, 1734435721293, 1734435722065, 1734435722132, 1734435722225, 1734435722602, 1734435723041, 1734435723326, 1734435723695, 1734435724312, 1734435724364, 1734435725465, 1734435725801, 1734435726293, 1734435726578, 1734435727300, 1734435727502, 1734435727570, 1734435727955, 1734435727988, 1734435728838, 1734435729581, 1734435730155, 1734435730994, 1734435731274, 1734435731744, 1734435732073, 1734435732489, 1734435733216, 1734435733238, 1734435733939, 1734435734472, 1734435734761, 1734435735184, 1734435735184, 1734435735591, 1734435735932, 1734435736076, 1734435736735, 1734435736847, 1734435737061, 1734435737832, 1734435738530, 1734435739261, 1734435739595, 1734435739690, 1734435740080, 1734435740315, 1734435740645, 1734435741345, 1734435741345, 1734435742071, 1734435742426, 1734435742927, 1734435743520, 1734435743618, 1734435743872, 1734435744520, 1734435745031, 1734435745420, 1734435745777, 1734435746014, 1734435746470, 1734435746950, 1734435747098, 1734435747659, 1734435747983, 1734435748034, 1734435748034, 1734435748606, 1734435749182, 1734435749521, 1734435749826, 1734435750307, 1734435750307, 1734435750575, 1734435750862, 1734435751099, 1734435751099, 1734435751639, 1734435751816, 1734435752065, 1734435752212, 1734435752462, 1734435753032, 1734435753047, 
end timestamps: 1734435668283, 1734435668739, 1734435669174, 1734435669618, 1734435670146, 1734435670544, 1734435670962, 1734435671416, 1734435671802, 1734435672192, 1734435672638, 1734435673013, 1734435673463, 1734435673862, 1734435674258, 1734435674653, 1734435675077, 1734435675473, 1734435675882, 1734435676293, 1734435676686, 1734435677078, 1734435677482, 1734435677894, 1734435678513, 1734435678910, 1734435679318, 1734435680515, 1734435680913, 1734435681785, 1734435682200, 1734435682669, 1734435683078, 1734435683445, 1734435683807, 1734435684545, 1734435684915, 1734435685873, 1734435686239, 1734435686602, 1734435686984, 1734435687441, 1734435688447, 1734435688818, 1734435689309, 1734435689673, 1734435690040, 1734435690439, 1734435690803, 1734435691564, 1734435691907, 1734435692269, 1734435693167, 1734435693545, 1734435693940, 1734435694383, 1734435695109, 1734435695463, 1734435695803, 1734435696144, 1734435696532, 1734435697129, 1734435697452, 1734435697765, 1734435698124, 1734435698695, 1734435699031, 1734435699351, 1734435699986, 1734435700476, 1734435700871, 1734435701544, 1734435701877, 1734435702207, 1734435702550, 1734435702891, 1734435703221, 1734435703547, 1734435703901, 1734435704239, 1734435704573, 1734435705173, 1734435705542, 1734435705871, 1734435706207, 1734435706532, 1734435706810, 1734435707110, 1734435707384, 1734435707659, 1734435707942, 1734435708298, 1734435708755, 1734435709047, 1734435709416, 1734435709934, 1734435710281, 1734435710578, 1734435710924, 1734435711216, 1734435711509, 1734435711811, 1734435712106, 1734435712413, 1734435712711, 1734435713078, 1734435713368, 1734435713951, 1734435714238, 1734435714631, 1734435714932, 1734435715216, 1734435715540, 1734435715830, 1734435716117, 1734435716814, 1734435717232, 1734435717552, 1734435718254, 1734435718640, 1734435718965, 1734435719760, 1734435720092, 1734435720716, 1734435721053, 1734435721399, 1734435721727, 1734435722055, 1734435722386, 1734435722709, 1734435723034, 1734435723360, 1734435723687, 1734435724012, 1734435724354, 1734435724680, 1734435724997, 1734435725315, 1734435725644, 1734435725972, 1734435726286, 1734435726622, 1734435726946, 1734435727271, 1734435727619, 1734435727979, 1734435728334, 1734435728698, 1734435729053, 1734435729417, 1734435729778, 1734435730143, 1734435730599, 1734435731361, 1734435731706, 1734435732114, 1734435732474, 1734435732905, 1734435733565, 1734435733932, 1734435734290, 1734435734828, 1734435735176, 1734435735535, 1734435736031, 1734435736374, 1734435736723, 1734435737110, 1734435737482, 1734435737831, 1734435738180, 1734435738888, 1734435739588, 1734435739925, 1734435740259, 1734435740576, 1734435740908, 1734435741232, 1734435741761, 1734435742064, 1734435742388, 1734435742919, 1734435743245, 1734435743857, 1734435744174, 1734435744514, 1734435744844, 1734435745341, 1734435745747, 1734435746098, 1734435746415, 1734435746797, 1734435747275, 1734435747592, 1734435747976, 1734435748299, 1734435748599, 1734435748904, 1734435749200, 1734435749489, 1734435749820, 1734435750116, 1734435750569, 1734435750838, 1734435751113, 1734435751379, 1734435751637, 1734435751928, 1734435752205, 1734435752455, 1734435752711, 1734435752965, 
Plugin Incoming Benchmark | start
size of start timestamps: 172
size of end timestamps: 170
latency: 444, 497, 484, 944, 963, 787, 513, 822, 470, 1085, 563, 1257, 1235, 2001, 2187, 1840, 1830, 2632, 2244, 2896, 2717, 2611, 2495, 2504, 2717, 2311, 2808, 2444, 3084, 3014, 3190, 3200, 3296, 3921, 3716, 4018, 3721, 3916, 4093, 4106, 4468, 4359, 4129, 4976, 4911, 5009, 5088, 5402, 5302, 5408, 5398, 5403, 5638, 5088, 4917, 5071, 5285, 5138, 4825, 5046, 5288, 5083, 5407, 5385, 5181, 5409, 5419, 5429, 5263, 4903, 4858, 4529, 4509, 4769, 4742, 4484, 4501, 4437, 4301, 4165, 3993, 3948, 3352, 4074, 4270, 4234, 4249, 4421, 4260, 3383, 2676, 2653, 2475, 2173, 2435, 1666, 2204, 1857, 2131, 1905, 1922, 1922, 2461, 2555, 2586, 1925, 2103, 2083, 2619, 2059, 2521, 1807, 1540, 1584, 2446, 2060, 2088, 1759, 2092, 2078, 1653, 2149, 2150, 2316, 2975, 2503, 2105, 1659, 2211, 2611, 2608, 3014, 2429, 2527, 2498, 2457, 2804, 2244, 2232, 2357, 2707, 2346, 2025, 1504, 1671, 2148, 2148, 2116, 1763, 1507, 1547, 1424, 1413, 1673, 1029, 1424, 1415, 1582, 1455, 1231, 1161, 1491, 1511, 1919, 1834, 1120, 1274, 1091, 1332, 1314, 
start timestamps: 1734435668284, 1734435668731, 1734435669166, 1734435669619, 1734435670008, 1734435670405, 1734435671330, 1734435672194, 1734435673166, 1734435673583, 1734435674259, 1734435674660, 1734435675076, 1734435675490, 1734435675887, 1734435676280, 1734435677089, 1734435677484, 1734435678043, 1734435678445, 1734435678911, 1734435679318, 1734435679709, 1734435680118, 1734435680553, 1734435680959, 1734435681343, 1734435681761, 1734435682201, 1734435682616, 1734435683039, 1734435683417, 1734435683785, 1734435684145, 1734435684547, 1734435684915, 1734435685280, 1734435685623, 1734435685976, 1734435686335, 1734435686697, 1734435687072, 1734435687444, 1734435687812, 1734435688175, 1734435688562, 1734435688934, 1734435689329, 1734435689697, 1734435690063, 1734435690432, 1734435690802, 1734435691171, 1734435691910, 1734435692368, 1734435692721, 1734435693081, 1734435693564, 1734435693976, 1734435694412, 1734435694792, 1734435695464, 1734435695806, 1734435696145, 1734435696471, 1734435696809, 1734435697131, 1734435697457, 1734435697785, 1734435698145, 1734435698696, 1734435699352, 1734435699738, 1734435700075, 1734435700477, 1734435700871, 1734435701207, 1734435701545, 1734435701885, 1734435702220, 1734435702546, 1734435702878, 1734435703548, 1734435703874, 1734435704195, 1734435704527, 1734435704859, 1734435705231, 1734435705725, 1734435706816, 1734435707942, 1734435708237, 1734435708531, 1734435709049, 1734435709365, 1734435710199, 1734435710579, 1734435711229, 1734435711526, 1734435712037, 1734435712339, 1734435712641, 1734435713369, 1734435713951, 1734435714257, 1734435715222, 1734435715824, 1734435716244, 1734435716814, 1734435717553, 1734435717870, 1734435718641, 1734435718980, 1734435719297, 1734435719619, 1734435720072, 1734435720514, 1734435721282, 1734435721603, 1734435722234, 1734435722711, 1734435723316, 1734435723651, 1734435723977, 1734435724325, 1734435724999, 1734435725465, 1734435726296, 1734435726627, 1734435726970, 1734435727547, 1734435727980, 1734435728845, 1734435729217, 1734435729575, 1734435730032, 1734435730412, 1734435730994, 1734435731707, 1734435732115, 1734435732477, 1734435732838, 1734435733566, 1734435734572, 1734435735176, 1734435735684, 1734435736382, 1734435737145, 1734435737832, 1734435738183, 1734435738533, 1734435738891, 1734435739232, 1734435739672, 1734435740316, 1734435740647, 1734435741011, 1734435741345, 1734435742065, 1734435742387, 1734435742711, 1734435743029, 1734435743520, 1734435743858, 1734435744180, 1734435745350, 1734435745676, 1734435746007, 1734435746327, 1734435746669, 1734435747001, 1734435747653, 
end timestamps: 1734435668728, 1734435669228, 1734435669650, 1734435670563, 1734435670971, 1734435671192, 1734435671843, 1734435673016, 1734435673636, 1734435674668, 1734435674822, 1734435675917, 1734435676311, 1734435677491, 1734435678074, 1734435678120, 1734435678919, 1734435680116, 1734435680287, 1734435681341, 1734435681628, 1734435681929, 1734435682204, 1734435682622, 1734435683270, 1734435683270, 1734435684151, 1734435684205, 1734435685285, 1734435685630, 1734435686229, 1734435686617, 1734435687081, 1734435688066, 1734435688263, 1734435688933, 1734435689001, 1734435689539, 1734435690069, 1734435690441, 1734435691165, 1734435691431, 1734435691573, 1734435692788, 1734435693086, 1734435693571, 1734435694022, 1734435694731, 1734435694999, 1734435695471, 1734435695830, 1734435696205, 1734435696809, 1734435696998, 1734435697285, 1734435697792, 1734435698366, 1734435698702, 1734435698801, 1734435699458, 1734435700080, 1734435700547, 1734435701213, 1734435701530, 1734435701652, 1734435702218, 1734435702550, 1734435702886, 1734435703048, 1734435703048, 1734435703554, 1734435703881, 1734435704247, 1734435704844, 1734435705219, 1734435705355, 1734435705708, 1734435705982, 1734435706186, 1734435706385, 1734435706539, 1734435706826, 1734435706900, 1734435707948, 1734435708465, 1734435708761, 1734435709108, 1734435709652, 1734435709985, 1734435710199, 1734435710618, 1734435710890, 1734435711006, 1734435711222, 1734435711800, 1734435711865, 1734435712783, 1734435713086, 1734435713657, 1734435713942, 1734435714261, 1734435714563, 1734435715830, 1734435716506, 1734435716843, 1734435717147, 1734435717927, 1734435718327, 1734435719433, 1734435719612, 1734435720391, 1734435720448, 1734435720520, 1734435720881, 1734435722065, 1734435722132, 1734435722602, 1734435723041, 1734435723695, 1734435724312, 1734435724364, 1734435725465, 1734435725801, 1734435726293, 1734435727300, 1734435727502, 1734435727570, 1734435727955, 1734435728838, 1734435729581, 1734435730155, 1734435730994, 1734435731274, 1734435731744, 1734435732073, 1734435732489, 1734435733216, 1734435733238, 1734435733939, 1734435734472, 1734435735184, 1734435735184, 1734435735591, 1734435736076, 1734435736847, 1734435737832, 1734435738530, 1734435739261, 1734435739595, 1734435739690, 1734435740080, 1734435740315, 1734435740645, 1734435741345, 1734435741345, 1734435742071, 1734435742426, 1734435742927, 1734435743520, 1734435743618, 1734435743872, 1734435744520, 1734435745031, 1734435745777, 1734435746014, 1734435746470, 1734435746950, 1734435747098, 1734435747659, 1734435747983, 
