
**********************************************************
ConnectDAWs File Logger | only the ConnectionManagerThread will write to this file to avoid blocking calls inside the audio thread.
Log started: 17 Dec 2024 12:35:12pm

Network Benchmark | start
size of start timestamps: 229
size of end timestamps: 229
latency: 18597, 18505, 18618, 18535, 18514, 18469, 18350, 18267, 18161, 18116, 18019, 17899, 17792, 17684, 17575, 16847, 16633, 16546, 16151, 16016, 15911, 15808, 15774, 15619, 15509, 15397, 15241, 15141, 15063, 14968, 14842, 14775, 14644, 14525, 14419, 14315, 14222, 14105, 13998, 13897, 13785, 13592, 13415, 13284, 13046, 12935, 12880, 12785, 12673, 12426, 12337, 12030, 12079, 11682, 11653, 11548, 11282, 11206, 11032, 10886, 10723, 10596, 10476, 10144, 10047, 9933, 9703, 9575, 9264, 9116, 9010, 8883, 8664, 8452, 8161, 8031, 7982, 7682, 7578, 7576, 7438, 7181, 6874, 6752, 6361, 6222, 6134, 5960, 5823, 5505, 5477, 5342, 5348, 4722, 4587, 4616, 4474, 4073, 3948, 3555, 3422, 3218, 2635, 2461, 2303, 2155, 1989, 1797, 1657, 1559, 1115, 1156, 987, 837, 739, 417, 101, -21, -88, -93, -426, -898, -1078, -1216, -1197, -1644, -1788, -2009, -2266, -2552, -2682, -2835, -2880, -3282, -3464, -3607, -3895, -4022, -3838, -4025, -4263, -4363, -4485, -4962, -5072, -5245, -5405, -5343, -5527, -5666, -5817, -6045, -6139, -6580, -6639, -6747, -6869, -6933, -7052, -7148, -7490, -7588, -7699, -7787, -7889, -7838, -7958, -8144, -8386, -8887, -8958, -9115, -9309, -9580, -9871, -10025, -10095, -10053, -10194, -10320, -10438, -10601, -10656, -10832, -11039, -11547, -11763, -12060, -12224, -12550, -12873, -13270, -13374, -13525, -13862, -14229, -14378, -14684, -14887, -15044, -15210, -15689, -15961, -16172, -16493, -16651, -16862, -17026, -17373, -17522, -18012, -18177, -18808, -18949, -19260, -19679, -20027, -20264, -20583, -20738, -20965, -21120, -21336, -21549, -21568, -21790, -22027, -22224, -22384, 
start timestamps: 1734435222691, 1734435222999, 1734435223289, 1734435223575, 1734435223873, 1734435224310, 1734435224628, 1734435224920, 1734435225220, 1734435225667, 1734435225977, 1734435226301, 1734435226602, 1734435226927, 1734435227276, 1734435228202, 1734435228812, 1734435229118, 1734435229795, 1734435230120, 1734435230599, 1734435230896, 1734435231204, 1734435231559, 1734435231865, 1734435232198, 1734435232535, 1734435232837, 1734435233127, 1734435233426, 1734435233766, 1734435234082, 1734435234419, 1734435234741, 1734435235060, 1734435235377, 1734435235706, 1734435236031, 1734435236345, 1734435236657, 1734435236984, 1734435237393, 1734435237961, 1734435238304, 1734435238748, 1734435239077, 1734435239435, 1734435239769, 1734435240093, 1734435240572, 1734435240915, 1734435241575, 1734435241913, 1734435242583, 1734435243082, 1734435243408, 1734435243921, 1734435244256, 1734435244702, 1734435245076, 1734435245823, 1734435246177, 1734435246528, 1734435247106, 1734435247653, 1734435248006, 1734435248459, 1734435248813, 1734435249858, 1734435250249, 1734435250613, 1734435250991, 1734435251451, 1734435252180, 1734435252725, 1734435253120, 1734435253488, 1734435254210, 1734435254568, 1734435255040, 1734435255420, 1734435255935, 1734435257036, 1734435257419, 1734435258090, 1734435258494, 1734435258876, 1734435259307, 1734435259717, 1734435260514, 1734435260932, 1734435261327, 1734435261731, 1734435262896, 1734435263297, 1734435263818, 1734435264242, 1734435265119, 1734435265567, 1734435266460, 1734435266992, 1734435267906, 1734435268760, 1734435269182, 1734435269570, 1734435269963, 1734435270382, 1734435270834, 1734435271216, 1734435271585, 1734435272702, 1734435273259, 1734435273670, 1734435274058, 1734435274427, 1734435275010, 1734435275577, 1734435275966, 1734435276439, 1734435276896, 1734435277770, 1734435278509, 1734435278934, 1734435279325, 1734435279716, 1734435280533, 1734435280976, 1734435281789, 1734435282353, 1734435283010, 1734435283388, 1734435283764, 1734435284110, 1734435285167, 1734435285751, 1734435286140, 1734435286669, 1734435287012, 1734435287426, 1734435287822, 1734435288468, 1734435288785, 1734435289125, 1734435289850, 1734435290210, 1734435290613, 1734435291007, 1734435291392, 1734435291935, 1734435292279, 1734435292639, 1734435293058, 1734435293392, 1734435294025, 1734435294345, 1734435294652, 1734435294968, 1734435295373, 1734435295679, 1734435295967, 1734435296842, 1734435297135, 1734435297426, 1734435297710, 1734435297997, 1734435298499, 1734435298809, 1734435299362, 1734435299788, 1734435300502, 1734435300927, 1734435301647, 1734435302209, 1734435302670, 1734435303254, 1734435303607, 1734435303897, 1734435304216, 1734435304546, 1734435304862, 1734435305195, 1734435305551, 1734435305962, 1734435306327, 1734435306719, 1734435307407, 1734435307887, 1734435308352, 1734435308685, 1734435309183, 1734435309917, 1734435310556, 1734435310934, 1734435311272, 1734435311931, 1734435312610, 1734435312927, 1734435313584, 1734435314328, 1734435314854, 1734435315196, 1734435315973, 1734435316434, 1734435316843, 1734435317560, 1734435317911, 1734435318589, 1734435318942, 1734435319472, 1734435319981, 1734435320733, 1734435321232, 1734435322409, 1734435323082, 1734435323764, 1734435324364, 1734435325047, 1734435325736, 1734435326430, 1734435326820, 1734435327276, 1734435327686, 1734435328181, 1734435328629, 1734435329104, 1734435329530, 1734435329964, 1734435330356, 1734435330723, 
end timestamps: 1734435241288, 1734435241504, 1734435241907, 1734435242110, 1734435242387, 1734435242779, 1734435242978, 1734435243187, 1734435243381, 1734435243783, 1734435243996, 1734435244200, 1734435244394, 1734435244611, 1734435244851, 1734435245049, 1734435245445, 1734435245664, 1734435245946, 1734435246136, 1734435246510, 1734435246704, 1734435246978, 1734435247178, 1734435247374, 1734435247595, 1734435247776, 1734435247978, 1734435248190, 1734435248394, 1734435248608, 1734435248857, 1734435249063, 1734435249266, 1734435249479, 1734435249692, 1734435249928, 1734435250136, 1734435250343, 1734435250554, 1734435250769, 1734435250985, 1734435251376, 1734435251588, 1734435251794, 1734435252012, 1734435252315, 1734435252554, 1734435252766, 1734435252998, 1734435253252, 1734435253605, 1734435253992, 1734435254265, 1734435254735, 1734435254956, 1734435255203, 1734435255462, 1734435255734, 1734435255962, 1734435256546, 1734435256773, 1734435257004, 1734435257250, 1734435257700, 1734435257939, 1734435258162, 1734435258388, 1734435259122, 1734435259365, 1734435259623, 1734435259874, 1734435260115, 1734435260632, 1734435260886, 1734435261151, 1734435261470, 1734435261892, 1734435262146, 1734435262616, 1734435262858, 1734435263116, 1734435263910, 1734435264171, 1734435264451, 1734435264716, 1734435265010, 1734435265267, 1734435265540, 1734435266019, 1734435266409, 1734435266669, 1734435267079, 1734435267618, 1734435267884, 1734435268434, 1734435268716, 1734435269192, 1734435269515, 1734435270015, 1734435270414, 1734435271124, 1734435271395, 1734435271643, 1734435271873, 1734435272118, 1734435272371, 1734435272631, 1734435272873, 1734435273144, 1734435273817, 1734435274415, 1734435274657, 1734435274895, 1734435275166, 1734435275427, 1734435275678, 1734435275945, 1734435276351, 1734435276803, 1734435277344, 1734435277611, 1734435277856, 1734435278109, 1734435278519, 1734435278889, 1734435279188, 1734435279780, 1734435280087, 1734435280458, 1734435280706, 1734435280929, 1734435281230, 1734435281885, 1734435282287, 1734435282533, 1734435282774, 1734435282990, 1734435283588, 1734435283797, 1734435284205, 1734435284422, 1734435284640, 1734435284888, 1734435285138, 1734435285368, 1734435285602, 1734435286049, 1734435286408, 1734435286613, 1734435286822, 1734435287013, 1734435287253, 1734435287445, 1734435287706, 1734435287905, 1734435288099, 1734435288440, 1734435288627, 1734435288819, 1734435289352, 1734435289547, 1734435289727, 1734435289923, 1734435290108, 1734435290661, 1734435290851, 1734435291218, 1734435291402, 1734435291615, 1734435291969, 1734435292532, 1734435292900, 1734435293090, 1734435293383, 1734435293582, 1734435293802, 1734435294163, 1734435294352, 1734435294542, 1734435294757, 1734435294950, 1734435295306, 1734435295495, 1734435295680, 1734435295860, 1734435296124, 1734435296292, 1734435296461, 1734435296633, 1734435297044, 1734435297286, 1734435297560, 1734435297747, 1734435298069, 1734435298381, 1734435298549, 1734435298900, 1734435299441, 1734435299810, 1734435299986, 1734435300284, 1734435300473, 1734435300671, 1734435301067, 1734435301260, 1734435301727, 1734435301916, 1734435302099, 1734435302459, 1734435302721, 1734435303055, 1734435303601, 1734435304133, 1734435304504, 1734435304685, 1734435305020, 1734435305472, 1734435305847, 1734435306082, 1734435306311, 1734435306566, 1734435306845, 1734435307080, 1734435307536, 1734435307740, 1734435307937, 1734435308132, 1734435308339, 
Plugin Outgoing Benchmark | start
size of start timestamps: 297
size of end timestamps: 289
latency: 221, 367, 480, 416, 495, 481, 597, 667, 662, 879, 915, 603, 672, 590, 790, 845, 664, 769, 606, 431, 590, 601, 586, 645, 399, 560, 555, 398, 406, 398, 798, 1016, 436, 888, 459, 831, 420, 586, 458, 509, 559, 505, 537, 656, 481, 442, 744, 595, 657, 457, 428, 894, 697, 954, 766, 872, 1270, 1378, 929, 1101, 1163, 967, 713, 957, 980, 999, 984, 822, 802, 989, 954, 702, 985, 781, 719, 975, 997, 752, 777, 774, 1054, 1093, 886, 1029, 992, 794, 787, 1011, 1171, 1388, 1325, 1383, 1474, 1064, 1313, 1582, 1751, 2049, 1983, 1978, 1820, 1819, 1921, 1855, 1878, 1959, 1923, 1987, 1847, 1500, 1245, 1494, 1291, 1520, 1529, 1553, 1786, 1692, 1747, 1890, 2109, 2387, 2613, 2913, 3163, 3414, 3651, 3427, 3447, 3544, 3600, 3453, 3471, 3244, 3479, 3534, 3722, 3499, 3745, 3689, 3676, 3646, 3844, 3599, 3442, 3415, 3626, 3376, 3523, 3723, 3650, 3513, 3472, 3258, 3278, 3074, 3174, 3172, 2995, 3134, 3145, 3381, 3279, 3169, 3231, 3070, 3079, 3106, 3290, 3259, 3336, 3201, 3179, 3195, 3299, 3063, 3132, 3176, 2780, 2674, 2530, 2294, 2282, 2289, 2401, 2383, 2368, 2411, 2085, 2048, 2060, 2044, 2037, 1976, 1963, 2018, 1712, 1498, 1453, 1482, 1653, 1484, 1608, 1652, 1776, 1907, 2090, 2002, 1967, 2007, 1827, 2029, 2180, 2298, 2481, 2451, 2400, 2492, 2377, 2443, 2435, 2430, 2372, 2390, 2247, 2119, 1871, 1524, 1362, 1414, 1504, 1636, 1673, 1588, 1601, 1535, 1522, 1447, 1742, 1774, 1968, 1935, 1995, 1926, 1897, 1622, 1674, 1765, 1989, 2055, 1883, 1980, 1877, 1825, 1670, 1844, 1661, 1784, 1960, 2090, 2081, 2233, 2483, 2329, 2374, 2238, 2121, 2312, 2334, 2366, 2506, 2638, 2631, 2671, 2826, 2386, 2484, 2360, 2172, 1908, 1883, 1972, 2006, 1969, 1890, 1929, 2034, 2022, 1989, 
start timestamps: 1734435240724, 1734435240796, 1734435240900, 1734435241169, 1734435241293, 1734435241509, 1734435241590, 1734435241713, 1734435241908, 1734435241908, 1734435242065, 1734435242578, 1734435242706, 1734435242981, 1734435242997, 1734435243189, 1734435243572, 1734435243676, 1734435244041, 1734435244411, 1734435244454, 1734435244644, 1734435244894, 1734435245288, 1734435245741, 1734435245947, 1734435246223, 1734435246583, 1734435246782, 1734435246988, 1734435247183, 1734435247603, 1734435248395, 1734435248590, 1734435249266, 1734435249511, 1734435250137, 1734435250348, 1734435250699, 1734435250951, 1734435251237, 1734435251593, 1734435251816, 1734435252117, 1734435252555, 1734435252812, 1734435253041, 1734435253399, 1734435253611, 1734435254051, 1734435254303, 1734435254304, 1734435254740, 1734435254740, 1734435255204, 1734435255449, 1734435255739, 1734435256098, 1734435256778, 1734435257027, 1734435257477, 1734435257902, 1734435258410, 1734435258427, 1734435258661, 1734435258889, 1734435259146, 1734435259545, 1734435259842, 1734435260135, 1734435260403, 1734435260891, 1734435260915, 1734435261362, 1734435261663, 1734435261898, 1734435262144, 1734435262639, 1734435262879, 1734435263146, 1734435263401, 1734435263657, 1734435264180, 1734435264497, 1734435264803, 1734435265268, 1734435265532, 1734435265570, 1734435265661, 1734435265700, 1734435266025, 1734435266232, 1734435266418, 1734435267096, 1734435267135, 1734435267151, 1734435267274, 1734435267274, 1734435267624, 1734435267954, 1734435268459, 1734435268740, 1734435268915, 1734435269273, 1734435269521, 1734435269689, 1734435269955, 1734435270137, 1734435270536, 1734435271135, 1734435271627, 1734435271650, 1734435272126, 1734435272146, 1734435272387, 1734435272612, 1734435272643, 1734435272979, 1734435273178, 1734435273296, 1734435273327, 1734435273327, 1734435273364, 1734435273365, 1734435273404, 1734435273418, 1734435273436, 1734435273923, 1734435274169, 1734435274317, 1734435274514, 1734435274933, 1734435275187, 1734435275679, 1734435275722, 1734435275984, 1734435276061, 1734435276538, 1734435276539, 1734435276833, 1734435277089, 1734435277346, 1734435277382, 1734435277861, 1734435278258, 1734435278525, 1734435278565, 1734435279128, 1734435279213, 1734435279231, 1734435279519, 1734435279857, 1734435280105, 1734435280523, 1734435280712, 1734435281134, 1734435281253, 1734435281466, 1734435281889, 1734435282012, 1734435282227, 1734435282242, 1734435282558, 1734435282880, 1734435283035, 1734435283408, 1734435283606, 1734435283782, 1734435283782, 1734435283995, 1734435284105, 1734435284429, 1734435284665, 1734435284843, 1734435284946, 1734435285373, 1734435285486, 1734435285628, 1734435286197, 1734435286484, 1734435286832, 1734435287254, 1734435287446, 1734435287631, 1734435287710, 1734435287909, 1734435288104, 1734435288253, 1734435288762, 1734435288981, 1734435289159, 1734435289357, 1734435289553, 1734435289803, 1734435290013, 1734435290146, 1734435290638, 1734435291034, 1734435291259, 1734435291418, 1734435291438, 1734435291785, 1734435291846, 1734435291973, 1734435292041, 1734435292076, 1734435292076, 1734435292351, 1734435292582, 1734435292727, 1734435293094, 1734435293094, 1734435293145, 1734435293209, 1734435293209, 1734435293415, 1734435293634, 1734435293707, 1734435293983, 1734435294101, 1734435294273, 1734435294445, 1734435294678, 1734435294833, 1734435295142, 1734435295445, 1734435295867, 1734435296381, 1734435296708, 1734435296879, 1734435297048, 1734435297094, 1734435297225, 1734435297490, 1734435297654, 1734435297905, 1734435298099, 1734435298384, 1734435298563, 1734435298711, 1734435298734, 1734435298947, 1734435299082, 1734435299431, 1734435299639, 1734435300103, 1734435300285, 1734435300516, 1734435300676, 1734435300799, 1734435301157, 1734435301260, 1734435301537, 1734435301768, 1734435302103, 1734435302104, 1734435302487, 1734435302541, 1734435302726, 1734435302869, 1734435303072, 1734435303139, 1734435303164, 1734435303601, 1734435303774, 1734435304137, 1734435304504, 1734435304772, 1734435304968, 1734435305176, 1734435305431, 1734435305708, 1734435305934, 1734435306086, 1734435306166, 1734435306843, 1734435307000, 1734435307306, 1734435307679, 1734435308137, 1734435308368, 1734435308570, 1734435308813, 1734435309040, 1734435309302, 1734435309448, 1734435309561, 1734435309857, 1734435310062, 1734435310359, 1734435310547, 1734435310781, 1734435310922, 1734435310993, 1734435311381, 1734435311699, 1734435311772, 
end timestamps: 1734435240945, 1734435241163, 1734435241380, 1734435241585, 1734435241788, 1734435241990, 1734435242187, 1734435242380, 1734435242570, 1734435242787, 1734435242980, 1734435243181, 1734435243378, 1734435243571, 1734435243787, 1734435244034, 1734435244236, 1734435244445, 1734435244647, 1734435244842, 1734435245044, 1734435245245, 1734435245480, 1734435245933, 1734435246140, 1734435246507, 1734435246778, 1734435246981, 1734435247188, 1734435247386, 1734435247981, 1734435248619, 1734435248831, 1734435249478, 1734435249725, 1734435250342, 1734435250557, 1734435250934, 1734435251157, 1734435251460, 1734435251796, 1734435252098, 1734435252353, 1734435252773, 1734435253036, 1734435253254, 1734435253785, 1734435253994, 1734435254268, 1734435254508, 1734435254731, 1734435255198, 1734435255437, 1734435255694, 1734435255970, 1734435256321, 1734435257009, 1734435257476, 1734435257707, 1734435258128, 1734435258640, 1734435258869, 1734435259123, 1734435259384, 1734435259641, 1734435259888, 1734435260130, 1734435260367, 1734435260644, 1734435261124, 1734435261357, 1734435261593, 1734435261900, 1734435262143, 1734435262382, 1734435262873, 1734435263141, 1734435263391, 1734435263656, 1734435263920, 1734435264455, 1734435264750, 1734435265066, 1734435265526, 1734435265795, 1734435266062, 1734435266319, 1734435266581, 1734435266832, 1734435267088, 1734435267350, 1734435267615, 1734435267892, 1734435268160, 1734435268448, 1734435268733, 1734435269025, 1734435269323, 1734435269607, 1734435269932, 1734435270279, 1734435270559, 1734435270836, 1734435271128, 1734435271399, 1734435271648, 1734435271878, 1734435272124, 1734435272383, 1734435272635, 1734435272872, 1734435273144, 1734435273417, 1734435273666, 1734435273916, 1734435274165, 1734435274429, 1734435274671, 1734435274925, 1734435275186, 1734435275436, 1734435275714, 1734435275977, 1734435276278, 1734435276567, 1734435276832, 1734435277087, 1734435277350, 1734435277616, 1734435277861, 1734435278114, 1734435278386, 1734435278658, 1734435278923, 1734435279201, 1734435279518, 1734435279783, 1734435280037, 1734435280284, 1734435280522, 1734435280765, 1734435280992, 1734435281226, 1734435281460, 1734435281700, 1734435281940, 1734435282191, 1734435282504, 1734435282736, 1734435282954, 1734435283169, 1734435283370, 1734435283577, 1734435283781, 1734435283990, 1734435284208, 1734435284427, 1734435284638, 1734435284884, 1734435285146, 1734435285372, 1734435285623, 1734435285837, 1734435286049, 1734435286266, 1734435286478, 1734435286685, 1734435286888, 1734435287072, 1734435287254, 1734435287441, 1734435287630, 1734435287844, 1734435288038, 1734435288245, 1734435288436, 1734435288618, 1734435288804, 1734435288977, 1734435289158, 1734435289362, 1734435289548, 1734435289728, 1734435289920, 1734435290111, 1734435290292, 1734435290472, 1734435290664, 1734435290847, 1734435291029, 1734435291219, 1734435291401, 1734435291590, 1734435291779, 1734435291976, 1734435292164, 1734435292350, 1734435292532, 1734435292712, 1734435292900, 1734435293091, 1734435293269, 1734435293454, 1734435293625, 1734435293817, 1734435293983, 1734435294166, 1734435294353, 1734435294549, 1734435294734, 1734435294921, 1734435295123, 1734435295325, 1734435295507, 1734435295690, 1734435295866, 1734435296034, 1734435296199, 1734435296360, 1734435296544, 1734435296708, 1734435296875, 1734435297050, 1734435297223, 1734435297389, 1734435297564, 1734435297738, 1734435297905, 1734435298070, 1734435298293, 1734435298552, 1734435298730, 1734435298898, 1734435299078, 1734435299255, 1734435299440, 1734435299621, 1734435299831, 1734435300305, 1734435300485, 1734435300702, 1734435300882, 1734435301077, 1734435301357, 1734435301536, 1734435301725, 1734435301959, 1734435302281, 1734435302665, 1734435302854, 1734435303040, 1734435303240, 1734435303414, 1734435303593, 1734435303773, 1734435303948, 1734435304148, 1734435304325, 1734435304686, 1734435304959, 1734435305153, 1734435305372, 1734435305647, 1734435305930, 1734435306148, 1734435306375, 1734435306625, 1734435307084, 1734435307302, 1734435307542, 1734435307937, 1734435308346, 1734435308565, 1734435308757, 1734435308992, 1734435309229, 1734435309484, 1734435309666, 1734435309851, 1734435310045, 1734435310251, 1734435310542, 1734435310819, 1734435311009, 1734435311192, 1734435311377, 1734435311595, 1734435311879, 1734435312051, 
Plugin Incoming Benchmark | start
size of start timestamps: 229
size of end timestamps: 229
latency: 235, 210, 199, 155, 390, 124, 199, 16, 1, 0, 253, 414, 252, 247, 251, 436, 496, 467, 482, 634, 464, 476, 405, 622, 1215, 1204, 1669, 1734, 2157, 2156, 2303, 2307, 2377, 2528, 2549, 2637, 2830, 2882, 2903, 3048, 3050, 3280, 3145, 2921, 3149, 2942, 3103, 3096, 3183, 3320, 3742, 3628, 3691, 3853, 3899, 3689, 3701, 3683, 3650, 3810, 3520, 3586, 3628, 3864, 3439, 3654, 3723, 3730, 3274, 3515, 3488, 3518, 3525, 3261, 3518, 3582, 3562, 3610, 3626, 3187, 3043, 2835, 2371, 2311, 2221, 2636, 2384, 2139, 2004, 1509, 1480, 1542, 1626, 1388, 1654, 1358, 1700, 1629, 1910, 1960, 1524, 1289, 1011, 990, 994, 1100, 1053, 1539, 1876, 2058, 1618, 1511, 1303, 1325, 1135, 1370, 1103, 1143, 1289, 1324, 1169, 1170, 948, 1268, 961, 1229, 1180, 1004, 863, 911, 790, 1181, 1295, 912, 873, 746, 1048, 1219, 1054, 1074, 845, 738, 947, 841, 737, 1054, 1112, 993, 1060, 1036, 1014, 883, 837, 845, 751, 1050, 1068, 908, 915, 924, 643, 657, 596, 1305, 1334, 942, 775, 752, 752, 1148, 1314, 743, 431, 513, 425, 572, 647, 462, 514, 479, 595, 685, 743, 1070, 1211, 1196, 1088, 964, 932, 1027, 778, 795, 710, 821, 658, 495, 565, 905, 847, 664, 704, 573, 513, 672, 377, 697, 566, 375, 569, 260, 192, 203, 177, 188, 178, 264, 353, 434, 306, 216, 753, 687, 680, 832, 834, 829, 828, 873, 906, 
start timestamps: 1734435241058, 1734435241299, 1734435241709, 1734435241910, 1734435242188, 1734435242582, 1734435242782, 1734435242981, 1734435243188, 1734435243572, 1734435243788, 1734435243997, 1734435244202, 1734435244397, 1734435244643, 1734435244852, 1734435245245, 1734435245480, 1734435245741, 1734435245949, 1734435246318, 1734435246512, 1734435246778, 1734435246981, 1734435247180, 1734435247386, 1734435247597, 1734435247777, 1734435247980, 1734435248192, 1734435248396, 1734435248644, 1734435248860, 1734435249065, 1734435249267, 1734435249480, 1734435249725, 1734435249930, 1734435250138, 1734435250351, 1734435250561, 1734435250771, 1734435251158, 1734435251383, 1734435251591, 1734435251798, 1734435252101, 1734435252353, 1734435252556, 1734435252778, 1734435253036, 1734435253399, 1734435253786, 1734435254049, 1734435254511, 1734435254738, 1734435254960, 1734435255206, 1734435255496, 1734435255735, 1734435256322, 1734435256549, 1734435256775, 1734435257027, 1734435257476, 1734435257708, 1734435257940, 1734435258168, 1734435258870, 1734435259124, 1734435259391, 1734435259628, 1734435259876, 1734435260396, 1734435260662, 1734435260915, 1734435261241, 1734435261658, 1734435261906, 1734435262383, 1734435262618, 1734435262865, 1734435263654, 1734435263921, 1734435264197, 1734435264460, 1734435264751, 1734435265012, 1734435265270, 1734435265765, 1734435266144, 1734435266412, 1734435266833, 1734435267352, 1734435267619, 1734435268163, 1734435268437, 1734435268907, 1734435269225, 1734435269667, 1734435270126, 1734435270837, 1734435271135, 1734435271397, 1734435271649, 1734435271879, 1734435272125, 1734435272384, 1734435272638, 1734435272875, 1734435273569, 1734435274168, 1734435274419, 1734435274659, 1734435274926, 1734435275168, 1734435275436, 1734435275690, 1734435276057, 1734435276537, 1734435277089, 1734435277355, 1734435277617, 1734435277860, 1734435278252, 1734435278628, 1734435278925, 1734435279519, 1734435279849, 1734435280224, 1734435280463, 1734435280708, 1734435280996, 1734435281646, 1734435282007, 1734435282289, 1734435282558, 1734435282776, 1734435283375, 1734435283591, 1734435283998, 1734435284208, 1734435284426, 1734435284645, 1734435284891, 1734435285143, 1734435285372, 1734435285839, 1734435286194, 1734435286410, 1734435286617, 1734435286827, 1734435287072, 1734435287259, 1734435287502, 1734435287712, 1734435287913, 1734435288251, 1734435288442, 1734435288629, 1734435289160, 1734435289356, 1734435289550, 1734435289729, 1734435289925, 1734435290476, 1734435290663, 1734435291033, 1734435291221, 1734435291434, 1734435291780, 1734435292351, 1734435292714, 1734435292902, 1734435293209, 1734435293411, 1734435293626, 1734435293983, 1734435294164, 1734435294354, 1734435294547, 1734435294760, 1734435295124, 1734435295311, 1734435295497, 1734435295683, 1734435295960, 1734435296130, 1734435296293, 1734435296463, 1734435296876, 1734435297110, 1734435297389, 1734435297563, 1734435297905, 1734435298216, 1734435298382, 1734435298734, 1734435299256, 1734435299621, 1734435299812, 1734435300103, 1734435300286, 1734435300485, 1734435300883, 1734435301071, 1734435301537, 1734435301729, 1734435301918, 1734435302281, 1734435302535, 1734435302869, 1734435303424, 1734435303949, 1734435304327, 1734435304508, 1734435304823, 1734435305274, 1734435305628, 1734435305870, 1734435306090, 1734435306313, 1734435306626, 1734435306847, 1734435307303, 1734435307539, 1734435307742, 1734435307940, 1734435308134, 
end timestamps: 1734435241293, 1734435241509, 1734435241908, 1734435242065, 1734435242578, 1734435242706, 1734435242981, 1734435242997, 1734435243189, 1734435243572, 1734435244041, 1734435244411, 1734435244454, 1734435244644, 1734435244894, 1734435245288, 1734435245741, 1734435245947, 1734435246223, 1734435246583, 1734435246782, 1734435246988, 1734435247183, 1734435247603, 1734435248395, 1734435248590, 1734435249266, 1734435249511, 1734435250137, 1734435250348, 1734435250699, 1734435250951, 1734435251237, 1734435251593, 1734435251816, 1734435252117, 1734435252555, 1734435252812, 1734435253041, 1734435253399, 1734435253611, 1734435254051, 1734435254303, 1734435254304, 1734435254740, 1734435254740, 1734435255204, 1734435255449, 1734435255739, 1734435256098, 1734435256778, 1734435257027, 1734435257477, 1734435257902, 1734435258410, 1734435258427, 1734435258661, 1734435258889, 1734435259146, 1734435259545, 1734435259842, 1734435260135, 1734435260403, 1734435260891, 1734435260915, 1734435261362, 1734435261663, 1734435261898, 1734435262144, 1734435262639, 1734435262879, 1734435263146, 1734435263401, 1734435263657, 1734435264180, 1734435264497, 1734435264803, 1734435265268, 1734435265532, 1734435265570, 1734435265661, 1734435265700, 1734435266025, 1734435266232, 1734435266418, 1734435267096, 1734435267135, 1734435267151, 1734435267274, 1734435267274, 1734435267624, 1734435267954, 1734435268459, 1734435268740, 1734435269273, 1734435269521, 1734435270137, 1734435270536, 1734435271135, 1734435271627, 1734435271650, 1734435272126, 1734435272146, 1734435272387, 1734435272643, 1734435272979, 1734435273178, 1734435273923, 1734435274514, 1734435274933, 1734435275187, 1734435275679, 1734435275722, 1734435275984, 1734435276061, 1734435276538, 1734435276539, 1734435276833, 1734435277346, 1734435277861, 1734435278258, 1734435278525, 1734435278565, 1734435279128, 1734435279213, 1734435279857, 1734435280105, 1734435280523, 1734435280712, 1734435281135, 1734435281253, 1734435281889, 1734435282291, 1734435282558, 1734435282880, 1734435283035, 1734435283606, 1734435283995, 1734435284429, 1734435284665, 1734435284843, 1734435284946, 1734435285373, 1734435285486, 1734435285628, 1734435286197, 1734435286484, 1734435286832, 1734435287254, 1734435287446, 1734435287631, 1734435287710, 1734435287909, 1734435288104, 1734435288253, 1734435288762, 1734435288981, 1734435289159, 1734435289357, 1734435289553, 1734435289803, 1734435290013, 1734435290146, 1734435291034, 1734435291259, 1734435291418, 1734435291438, 1734435291785, 1734435291973, 1734435292582, 1734435293094, 1734435293094, 1734435293145, 1734435293415, 1734435293634, 1734435293983, 1734435294273, 1734435294445, 1734435294678, 1734435294833, 1734435295142, 1734435295445, 1734435295867, 1734435296381, 1734435296708, 1734435296879, 1734435297048, 1734435297094, 1734435297225, 1734435297490, 1734435297654, 1734435297905, 1734435298099, 1734435298384, 1734435298563, 1734435298711, 1734435298947, 1734435299639, 1734435300103, 1734435300285, 1734435300516, 1734435300676, 1734435300799, 1734435301157, 1734435301260, 1734435301768, 1734435302103, 1734435302104, 1734435302487, 1734435302541, 1734435302727, 1734435303072, 1734435303601, 1734435304137, 1734435304505, 1734435304772, 1734435305176, 1734435305708, 1734435305934, 1734435306086, 1734435306843, 1734435307000, 1734435307306, 1734435307679, 1734435308137, 1734435308368, 1734435308570, 1734435308813, 1734435309040, 
