
**********************************************************
ConnectDAWs File Logger | only the ConnectionManagerThread will write to this file to avoid blocking calls inside the audio thread.
Log started: 17 Dec 2024 12:13:53pm

Network Benchmark | start
size of start timestamps: 234
size of end timestamps: 234
latency: 14441, 14364, 14334, 14415, 14433, 14329, 14291, 14330, 14326, 14303, 14286, 14405, 14402, 14425, 14402, 14763, 14740, 14692, 14637, 14692, 14686, 14665, 14599, 14559, 14556, 14551, 14580, 14639, 14652, 14594, 14568, 14561, 14505, 14464, 14423, 14378, 14361, 14343, 14302, 14287, 14274, 14198, 14079, 14021, 13893, 13753, 13560, 13376, 13168, 12966, 12774, 12606, 12558, 12515, 12420, 12199, 12136, 11896, 11739, 11524, 11294, 11100, 10867, 10721, 10566, 10443, 10276, 10129, 9933, 9726, 9652, 9466, 9260, 9120, 9098, 8912, 8709, 8537, 7921, 7771, 7585, 7461, 7356, 7211, 7311, 7181, 7070, 6958, 6822, 6674, 6138, 5997, 5783, 5619, 5473, 5383, 5277, 5433, 5389, 5230, 5022, 4796, 4590, 3834, 3626, 3471, 3336, 3254, 3349, 3279, 3187, 3063, 2946, 2813, 1897, 1770, 1647, 1517, 1418, 1298, 1168, 1042, 920, 803, 686, 575, 472, 328, 313, 338, 290, 193, -38, -209, -361, -490, -276, -441, -597, -627, -781, -1338, -1418, -1543, -1802, -2024, -2291, -2500, -2687, -2814, -2956, -3068, -3173, -3306, -3413, -3870, -4019, -4154, -4273, -4412, -4483, -4533, -4641, -4734, -4767, -4855, -4947, -5033, -5123, -5231, -5341, -5451, -5576, -5697, -6146, -6249, -6393, -6536, -6662, -6805, -6922, -7035, -7145, -7245, -7355, -7463, -7569, -7674, -7768, -7876, -7959, -8058, -8186, -8278, -8372, -8457, -8532, -8608, -8528, -8607, -8673, -8772, -8870, -8989, -9108, -9239, -9179, -9258, -9345, -9425, -9513, -9876, -9958, -10050, -10152, -10239, -10347, -10425, -10526, -10646, -10769, -10920, -11050, -11180, -11277, -11408, -11860, -12003, -12184, -12312, -12453, -12630, -12776, -12916, 
start timestamps: 1734433946117, 1734433946578, 1734433946998, 1734433947427, 1734433947837, 1734433948304, 1734433948724, 1734433949125, 1734433949540, 1734433949966, 1734433950397, 1734433950790, 1734433951214, 1734433951626, 1734433952061, 1734433952475, 1734433952913, 1734433953371, 1734433953832, 1734433954277, 1734433954715, 1734433955145, 1734433955631, 1734433956086, 1734433956529, 1734433956965, 1734433957419, 1734433957888, 1734433958355, 1734433958830, 1734433959284, 1734433959734, 1734433960194, 1734433960662, 1734433961131, 1734433961603, 1734433962052, 1734433962511, 1734433962978, 1734433963448, 1734433963895, 1734433964359, 1734433964822, 1734433965284, 1734433965767, 1734433966252, 1734433966792, 1734433967313, 1734433967849, 1734433968391, 1734433968925, 1734433969440, 1734433969945, 1734433970442, 1734433970956, 1734433971532, 1734433972077, 1734433972676, 1734433973281, 1734433973820, 1734433974362, 1734433974897, 1734433975457, 1734433975930, 1734433976406, 1734433976919, 1734433977405, 1734433977871, 1734433978372, 1734433978926, 1734433979393, 1734433979884, 1734433980387, 1734433980887, 1734433981407, 1734433981894, 1734433982379, 1734433982822, 1734433983736, 1734433984177, 1734433984638, 1734433985050, 1734433985478, 1734433985908, 1734433986360, 1734433986771, 1734433987193, 1734433987622, 1734433988051, 1734433988482, 1734433989340, 1734433989764, 1734433990262, 1734433990719, 1734433991153, 1734433991590, 1734433992018, 1734433992456, 1734433992900, 1734433993342, 1734433993802, 1734433994274, 1734433994741, 1734433995742, 1734433996196, 1734433996591, 1734433996968, 1734433997341, 1734433997721, 1734433998082, 1734433998441, 1734433998835, 1734433999207, 1734433999591, 1734434000749, 1734434001132, 1734434001509, 1734434001886, 1734434002258, 1734434002626, 1734434003002, 1734434003412, 1734434003789, 1734434004169, 1734434004541, 1734434004929, 1734434005298, 1734434005694, 1734434006064, 1734434006442, 1734434006821, 1734434007207, 1734434007707, 1734434008186, 1734434008649, 1734434009068, 1734434009471, 1734434009900, 1734434010334, 1734434010748, 1734434011196, 1734434012091, 1734434012496, 1734434012922, 1734434013444, 1734434013913, 1734434014427, 1734434014913, 1734434015348, 1734434015708, 1734434016089, 1734434016463, 1734434016817, 1734434017196, 1734434017547, 1734434018239, 1734434018613, 1734434018974, 1734434019321, 1734434019665, 1734434019993, 1734434020306, 1734434020623, 1734434020936, 1734434021265, 1734434021602, 1734434021933, 1734434022257, 1734434022591, 1734434022970, 1734434023302, 1734434023646, 1734434024000, 1734434024346, 1734434025017, 1734434025352, 1734434025703, 1734434026050, 1734434026383, 1734434026735, 1734434027051, 1734434027361, 1734434027667, 1734434027978, 1734434028295, 1734434028602, 1734434028905, 1734434029217, 1734434029523, 1734434029809, 1734434030083, 1734434030363, 1734434030671, 1734434030943, 1734434031221, 1734434031495, 1734434031772, 1734434032043, 1734434032321, 1734434032601, 1734434032881, 1734434033175, 1734434033458, 1734434033758, 1734434034063, 1734434034380, 1734434034675, 1734434034952, 1734434035226, 1734434035505, 1734434035775, 1734434036334, 1734434036607, 1734434036879, 1734434037163, 1734434037437, 1734434037728, 1734434038001, 1734434038283, 1734434038569, 1734434038864, 1734434039179, 1734434039476, 1734434039779, 1734434040075, 1734434040375, 1734434040995, 1734434041310, 1734434041673, 1734434042004, 1734434042311, 1734434042662, 1734434042991, 1734434043294, 
end timestamps: 1734433960558, 1734433960942, 1734433961332, 1734433961842, 1734433962270, 1734433962633, 1734433963015, 1734433963455, 1734433963866, 1734433964269, 1734433964683, 1734433965195, 1734433965616, 1734433966051, 1734433966463, 1734433967238, 1734433967653, 1734433968063, 1734433968469, 1734433968969, 1734433969401, 1734433969810, 1734433970230, 1734433970645, 1734433971085, 1734433971516, 1734433971999, 1734433972527, 1734433973007, 1734433973424, 1734433973852, 1734433974295, 1734433974699, 1734433975126, 1734433975554, 1734433975981, 1734433976413, 1734433976854, 1734433977280, 1734433977735, 1734433978169, 1734433978557, 1734433978901, 1734433979305, 1734433979660, 1734433980005, 1734433980352, 1734433980689, 1734433981017, 1734433981357, 1734433981699, 1734433982046, 1734433982503, 1734433982957, 1734433983376, 1734433983731, 1734433984213, 1734433984572, 1734433985020, 1734433985344, 1734433985656, 1734433985997, 1734433986324, 1734433986651, 1734433986972, 1734433987362, 1734433987681, 1734433988000, 1734433988305, 1734433988652, 1734433989045, 1734433989350, 1734433989647, 1734433990007, 1734433990505, 1734433990806, 1734433991088, 1734433991359, 1734433991657, 1734433991948, 1734433992223, 1734433992511, 1734433992834, 1734433993119, 1734433993671, 1734433993952, 1734433994263, 1734433994580, 1734433994873, 1734433995156, 1734433995478, 1734433995761, 1734433996045, 1734433996338, 1734433996626, 1734433996973, 1734433997295, 1734433997889, 1734433998289, 1734433998572, 1734433998824, 1734433999070, 1734433999331, 1734433999576, 1734433999822, 1734434000062, 1734434000304, 1734434000595, 1734434001070, 1734434001361, 1734434001628, 1734434001898, 1734434002153, 1734434002404, 1734434002646, 1734434002902, 1734434003156, 1734434003403, 1734434003676, 1734434003924, 1734434004170, 1734434004454, 1734434004709, 1734434004972, 1734434005227, 1734434005504, 1734434005770, 1734434006022, 1734434006377, 1734434006780, 1734434007111, 1734434007400, 1734434007669, 1734434007977, 1734434008288, 1734434008578, 1734434009195, 1734434009459, 1734434009737, 1734434010121, 1734434010415, 1734434010753, 1734434011078, 1734434011379, 1734434011642, 1734434011889, 1734434012136, 1734434012413, 1734434012661, 1734434012894, 1734434013133, 1734434013395, 1734434013644, 1734434013890, 1734434014134, 1734434014369, 1734434014594, 1734434014820, 1734434015048, 1734434015253, 1734434015510, 1734434015773, 1734434015982, 1734434016202, 1734434016498, 1734434016747, 1734434016986, 1734434017224, 1734434017468, 1734434017739, 1734434017961, 1734434018195, 1734434018424, 1734434018649, 1734434018871, 1734434019103, 1734434019310, 1734434019514, 1734434019721, 1734434019930, 1734434020129, 1734434020326, 1734434020522, 1734434020733, 1734434020940, 1734434021139, 1734434021336, 1734434021543, 1734434021755, 1734434021933, 1734434022124, 1734434022305, 1734434022485, 1734434022665, 1734434022849, 1734434023038, 1734434023240, 1734434023435, 1734434023793, 1734434023994, 1734434024208, 1734434024403, 1734434024588, 1734434024769, 1734434024955, 1734434025141, 1734434025496, 1734434025694, 1734434025881, 1734434026080, 1734434026262, 1734434026458, 1734434026649, 1734434026829, 1734434027011, 1734434027198, 1734434027381, 1734434027576, 1734434027757, 1734434027923, 1734434028095, 1734434028259, 1734434028426, 1734434028599, 1734434028798, 1734434028967, 1734434029135, 1734434029307, 1734434029489, 1734434029692, 1734434029858, 1734434030032, 1734434030215, 1734434030378, 
Plugin Outgoing Benchmark | start
size of start timestamps: 272
size of end timestamps: 258
latency: 384, 383, 609, 528, 952, 1341, 1723, 2018, 2317, 2642, 2970, 3383, 3775, 4127, 4463, 4831, 4314, 4681, 5061, 4995, 4696, 4805, 5160, 5164, 4894, 5115, 4887, 5262, 4512, 4358, 4744, 5048, 4908, 5318, 5181, 5343, 5336, 5355, 5615, 5590, 5401, 5566, 5276, 5349, 5269, 4839, 5218, 5200, 5126, 4616, 4792, 4763, 4679, 4686, 4649, 4869, 4891, 4531, 4828, 4806, 5172, 4880, 4872, 5149, 5185, 4824, 4750, 4782, 4943, 4836, 4751, 4765, 4664, 4480, 4185, 4476, 4510, 4477, 4516, 4256, 4399, 4372, 4226, 3993, 4273, 4182, 4032, 3790, 4058, 4067, 4023, 3807, 3774, 4049, 4049, 3557, 3762, 3934, 3912, 3827, 3622, 3877, 4279, 3974, 3919, 3751, 4024, 3534, 3460, 3400, 3642, 3924, 4141, 4092, 3779, 3715, 3941, 3852, 3583, 3559, 3807, 3542, 3357, 3332, 3583, 3815, 3624, 3613, 3860, 3831, 3816, 3854, 3865, 3798, 3898, 4194, 4023, 4027, 3814, 4058, 4339, 4137, 4473, 4290, 4545, 4697, 4928, 5010, 4660, 4632, 4863, 4721, 4748, 4440, 4670, 4485, 4212, 4436, 4408, 4381, 4335, 3946, 3979, 4206, 4250, 4170, 3879, 3861, 3910, 4025, 4073, 3869, 3882, 3982, 3817, 3675, 3873, 3888, 3616, 3816, 3980, 3827, 4033, 3986, 4187, 4155, 4119, 4125, 4006, 3957, 3714, 3858, 3829, 3735, 3590, 3698, 3474, 3147, 2967, 2737, 2521, 2501, 2669, 2843, 2712, 2464, 2464, 2451, 2629, 2284, 2101, 2101, 2137, 2081, 1903, 1956, 1897, 2070, 1858, 1863, 1838, 1953, 1881, 1676, 1850, 1945, 1867, 1961, 1977, 1609, 1775, 1767, 1733, 1820, 1751, 2109, 2306, 2474, 2641, 2367, 2515, 2509, 2343, 1970, 1786, 1725, 1718, 1671, 1716, 1726, 1682, 1642, 1784, 1928, 2061, 2209, 2340, 2440, 
start timestamps: 1734433960085, 1734433960558, 1734433960715, 1734433961284, 1734433961345, 1734433961345, 1734433961387, 1734433961475, 1734433961566, 1734433961638, 1734433961695, 1734433961786, 1734433961837, 1734433961894, 1734433961973, 1734433962035, 1734433963025, 1734433963074, 1734433963132, 1734433963599, 1734433964425, 1734433964723, 1734433964784, 1734433965211, 1734433965939, 1734433966130, 1734433966796, 1734433966885, 1734433968075, 1734433968712, 1734433968740, 1734433968843, 1734433969411, 1734433969412, 1734433969982, 1734433970241, 1734433970679, 1734433971093, 1734433971284, 1734433971768, 1734433972406, 1734433972589, 1734433973230, 1734433973486, 1734433973934, 1734433974713, 1734433974798, 1734433975169, 1734433975586, 1734433976425, 1734433976583, 1734433976963, 1734433977520, 1734433977898, 1734433978292, 1734433978512, 1734433978846, 1734433979576, 1734433979668, 1734433980076, 1734433980076, 1734433980699, 1734433981042, 1734433981087, 1734433981385, 1734433982056, 1734433982517, 1734433982804, 1734433982968, 1734433983388, 1734433983764, 1734433984161, 1734433984584, 1734433985072, 1734433985663, 1734433985735, 1734433985998, 1734433986332, 1734433986572, 1734433987102, 1734433987276, 1734433987588, 1734433988008, 1734433988524, 1734433988563, 1734433988933, 1734433989361, 1734433989883, 1734433989897, 1734433990213, 1734433990587, 1734433991090, 1734433991408, 1734433991446, 1734433991735, 1734433992512, 1734433992597, 1734433992727, 1734433993070, 1734433993455, 1734433993961, 1734433994006, 1734433994007, 1734433994589, 1734433994898, 1734433995309, 1734433995310, 1734433996046, 1734433996360, 1734433996660, 1734433996661, 1734433996661, 1734433996688, 1734433996983, 1734433997584, 1734433997914, 1734433997962, 1734433998303, 1734433998819, 1734433999087, 1734433999104, 1734433999629, 1734434000068, 1734434000346, 1734434000347, 1734434000367, 1734434000837, 1734434001107, 1734434001107, 1734434001382, 1734434001679, 1734434001908, 1734434002162, 1734434002630, 1734434002877, 1734434002926, 1734434003393, 1734434003653, 1734434004171, 1734434004224, 1734434004224, 1734434004715, 1734434004715, 1734434005166, 1734434005221, 1734434005454, 1734434005513, 1734434005771, 1734434006431, 1734434006777, 1734434006797, 1734434007192, 1734434007421, 1734434008000, 1734434008017, 1734434008436, 1734434008959, 1734434008976, 1734434009255, 1734434009518, 1734434009805, 1734434010423, 1734434010633, 1734434010633, 1734434010815, 1734434011109, 1734434011643, 1734434011908, 1734434012075, 1734434012180, 1734434012446, 1734434012906, 1734434013138, 1734434013266, 1734434013666, 1734434014085, 1734434014107, 1734434014319, 1734434014820, 1734434014841, 1734434014895, 1734434015282, 1734434015282, 1734434015531, 1734434015532, 1734434015774, 1734434016010, 1734434016206, 1734434016521, 1734434016777, 1734434017230, 1734434017282, 1734434017508, 1734434017831, 1734434018184, 1734434018255, 1734434018656, 1734434019164, 1734434019521, 1734434019931, 1734434020333, 1734434020542, 1734434020561, 1734434020573, 1734434020894, 1734434021339, 1734434021534, 1734434021759, 1734434021775, 1734434022306, 1734434022669, 1734434022855, 1734434023002, 1734434023237, 1734434023607, 1734434023764, 1734434024002, 1734434024014, 1734434024405, 1734434024593, 1734434024802, 1734434024884, 1734434025140, 1734434025532, 1734434025539, 1734434025642, 1734434025901, 1734434025969, 1734434026120, 1734434026653, 1734434026665, 1734434026843, 1734434027067, 1734434027150, 1734434027386, 1734434027411, 1734434027411, 1734434027411, 1734434027465, 1734434027908, 1734434027931, 1734434028099, 1734434028440, 1734434028971, 1734434029320, 1734434029550, 1734434029720, 1734434029939, 1734434030058, 1734434030206, 1734434030408, 1734434030612, 1734434030634, 1734434030649, 1734434030678, 1734434030690, 1734434030718, 1734434030792, 1734434030868, 1734434030880, 1734434030903, 1734434030932, 1734434030955, 1734434031137, 1734434031283, 1734434031459, 1734434031611, 1734434032133, 1734434032257, 1734434032578, 1734434032809, 1734434033078, 
end timestamps: 1734433960469, 1734433960941, 1734433961324, 1734433961812, 1734433962297, 1734433962686, 1734433963110, 1734433963493, 1734433963883, 1734433964280, 1734433964665, 1734433965169, 1734433965612, 1734433966021, 1734433966436, 1734433966866, 1734433967339, 1734433967755, 1734433968193, 1734433968594, 1734433969121, 1734433969528, 1734433969944, 1734433970375, 1734433970833, 1734433971245, 1734433971683, 1734433972147, 1734433972587, 1734433973070, 1734433973484, 1734433973891, 1734433974319, 1734433974730, 1734433975163, 1734433975584, 1734433976015, 1734433976448, 1734433976899, 1734433977358, 1734433977807, 1734433978155, 1734433978506, 1734433978835, 1734433979203, 1734433979552, 1734433980016, 1734433980369, 1734433980712, 1734433981041, 1734433981375, 1734433981726, 1734433982199, 1734433982584, 1734433982941, 1734433983381, 1734433983737, 1734433984107, 1734433984496, 1734433984882, 1734433985248, 1734433985579, 1734433985914, 1734433986236, 1734433986570, 1734433986880, 1734433987267, 1734433987586, 1734433987911, 1734433988224, 1734433988515, 1734433988926, 1734433989248, 1734433989552, 1734433989848, 1734433990211, 1734433990508, 1734433990809, 1734433991088, 1734433991358, 1734433991675, 1734433991960, 1734433992234, 1734433992517, 1734433992836, 1734433993115, 1734433993393, 1734433993673, 1734433993955, 1734433994280, 1734433994610, 1734433994897, 1734433995182, 1734433995495, 1734433995784, 1734433996069, 1734433996359, 1734433996661, 1734433996982, 1734433997282, 1734433997583, 1734433997883, 1734433998286, 1734433998563, 1734433998817, 1734433999060, 1734433999334, 1734433999580, 1734433999820, 1734434000060, 1734434000303, 1734434000585, 1734434000829, 1734434001075, 1734434001363, 1734434001629, 1734434001903, 1734434002155, 1734434002402, 1734434002646, 1734434002911, 1734434003171, 1734434003425, 1734434003678, 1734434003930, 1734434004182, 1734434004461, 1734434004720, 1734434004967, 1734434005213, 1734434005495, 1734434005762, 1734434006027, 1734434006428, 1734434006775, 1734434007120, 1734434007416, 1734434007680, 1734434007985, 1734434008282, 1734434008563, 1734434008852, 1734434009188, 1734434009456, 1734434009766, 1734434010151, 1734434010441, 1734434010781, 1734434011091, 1734434011409, 1734434011660, 1734434011913, 1734434012169, 1734434012440, 1734434012687, 1734434012921, 1734434013171, 1734434013412, 1734434013663, 1734434013899, 1734434014140, 1734434014369, 1734434014612, 1734434014839, 1734434015065, 1734434015279, 1734434015522, 1734434015769, 1734434015985, 1734434016205, 1734434016519, 1734434016775, 1734434017020, 1734434017248, 1734434017483, 1734434017760, 1734434017980, 1734434018207, 1734434018436, 1734434018657, 1734434018875, 1734434019109, 1734434019315, 1734434019517, 1734434019719, 1734434019929, 1734434020129, 1734434020331, 1734434020527, 1734434020734, 1734434020944, 1734434021140, 1734434021337, 1734434021566, 1734434021774, 1734434021953, 1734434022130, 1734434022311, 1734434022488, 1734434022668, 1734434022854, 1734434023043, 1734434023230, 1734434023416, 1734434023606, 1734434023803, 1734434023998, 1734434024210, 1734434024404, 1734434024590, 1734434024770, 1734434024956, 1734434025139, 1734434025318, 1734434025510, 1734434025720, 1734434025899, 1734434026084, 1734434026263, 1734434026456, 1734434026640, 1734434026837, 1734434027021, 1734434027208, 1734434027389, 1734434027587, 1734434027768, 1734434027930, 1734434028097, 1734434028262, 1734434028440, 1734434028610, 1734434028800, 1734434028970, 1734434029137, 1734434029520, 1734434029717, 1734434029885, 1734434030106, 1734434030275, 1734434030446, 1734434030608, 1734434030783, 1734434030941, 1734434031106, 1734434031275, 1734434031438, 1734434031610, 1734434031774, 1734434031932, 1734434032090, 1734434032254, 1734434032418, 1734434032577, 1734434032739, 1734434032899, 1734434033058, 1734434033232, 
Plugin Incoming Benchmark | start
size of start timestamps: 234
size of end timestamps: 240
latency: 406, 723, 401, -8, 49, 752, 421, 114, 135, 555, 443, 98, 12, 315, 77, 34, 29, 418, 643, 267, 19, 5, -402, -252, -409, -410, -449, -416, -493, -422, -204, -369, -366, 8, -337, -391, -399, 8, -274, -426, -426, -305, -270, -59, -224, -87, -340, -341, 6, 22, -274, -318, 9, -390, -444, -412, -350, -453, -334, -440, -274, 3, -265, -329, -323, -318, -264, -97, 4, 214, -93, -389, -302, -289, -330, -295, -221, 0, 47, -213, -289, -270, -4, -239, -324, -219, 7, -261, -318, -286, -265, -172, -277, -3, 19, 31, -321, -922, -908, -708, -660, -524, -255, -247, -477, -194, 5, 42, -482, -705, -527, -526, -519, -477, -497, -487, -274, -281, -518, -286, -275, -2, -233, -488, -260, -513, -340, -551, -571, -867, -1011, -683, -626, -884, -788, -870, -850, -1179, -1029, -782, -869, -901, -994, -659, -749, -1010, -1133, -1029, -1037, -1020, -991, -955, -952, -759, -754, -981, -969, -930, -736, -731, -436, -672, -879, -936, -923, -984, -975, -983, -1021, -970, -964, -972, -965, -951, -894, -692, -851, -656, -354, -205, 0, 203, 212, 37, -162, -48, 197, 196, 214, 18, 361, 542, 548, 513, 569, 755, 724, 756, 407, 602, 596, 592, 480, 549, 761, 581, 323, 391, 265, 220, 571, 401, 382, 416, 318, 374, 211, 28, -167, -294, -22, -167, -163, 12, 360, 520, 581, 583, 629, 538, 512, 546, 562, 417, 
start timestamps: 1734433960152, 1734433960561, 1734433960944, 1734433961353, 1734433961845, 1734433962273, 1734433962653, 1734433963018, 1734433963464, 1734433963870, 1734433964280, 1734433964686, 1734433965199, 1734433965624, 1734433966053, 1734433966762, 1734433967242, 1734433967657, 1734433968069, 1734433968473, 1734433968972, 1734433969406, 1734433969814, 1734433970234, 1734433970650, 1734433971089, 1734433971542, 1734433972004, 1734433972532, 1734433973011, 1734433973434, 1734433973855, 1734433974300, 1734433974705, 1734433975135, 1734433975560, 1734433975985, 1734433976417, 1734433976857, 1734433977283, 1734433977740, 1734433978203, 1734433978562, 1734433978905, 1734433979309, 1734433979663, 1734433980008, 1734433980355, 1734433980693, 1734433981020, 1734433981361, 1734433981703, 1734433982047, 1734433982507, 1734433982961, 1734433983380, 1734433983738, 1734433984217, 1734433984575, 1734433985024, 1734433985346, 1734433985660, 1734433986000, 1734433986327, 1734433986655, 1734433986977, 1734433987366, 1734433987685, 1734433988004, 1734433988310, 1734433988656, 1734433989051, 1734433989353, 1734433989650, 1734433990213, 1734433990508, 1734433990808, 1734433991090, 1734433991361, 1734433991659, 1734433991952, 1734433992226, 1734433992516, 1734433992836, 1734433993394, 1734433993674, 1734433993954, 1734433994267, 1734433994589, 1734433994875, 1734433995163, 1734433995481, 1734433995765, 1734433996049, 1734433996341, 1734433996629, 1734433996982, 1734433997583, 1734433997891, 1734433998292, 1734433998574, 1734433998827, 1734433999074, 1734433999334, 1734433999581, 1734433999823, 1734434000063, 1734434000304, 1734434000829, 1734434001072, 1734434001364, 1734434001633, 1734434001901, 1734434002156, 1734434002405, 1734434002649, 1734434002904, 1734434003158, 1734434003425, 1734434003679, 1734434003928, 1734434004173, 1734434004457, 1734434004712, 1734434004975, 1734434005228, 1734434005506, 1734434005772, 1734434006025, 1734434006380, 1734434006782, 1734434007114, 1734434007403, 1734434007681, 1734434007980, 1734434008291, 1734434008853, 1734434009196, 1734434009465, 1734434009741, 1734434010124, 1734434010419, 1734434010758, 1734434011082, 1734434011382, 1734434011643, 1734434011892, 1734434012139, 1734434012417, 1734434012663, 1734434012899, 1734434013135, 1734434013398, 1734434013665, 1734434013892, 1734434014135, 1734434014372, 1734434014596, 1734434014821, 1734434015050, 1734434015256, 1734434015513, 1734434015774, 1734434015984, 1734434016205, 1734434016499, 1734434016749, 1734434016993, 1734434017227, 1734434017471, 1734434017741, 1734434017965, 1734434018195, 1734434018427, 1734434018650, 1734434018876, 1734434019106, 1734434019312, 1734434019518, 1734434019726, 1734434019931, 1734434020130, 1734434020330, 1734434020524, 1734434020735, 1734434020942, 1734434021142, 1734434021338, 1734434021545, 1734434021757, 1734434021945, 1734434022127, 1734434022307, 1734434022489, 1734434022668, 1734434022852, 1734434023040, 1734434023246, 1734434023607, 1734434023803, 1734434023997, 1734434024210, 1734434024404, 1734434024591, 1734434024771, 1734434024958, 1734434025319, 1734434025510, 1734434025704, 1734434025900, 1734434026082, 1734434026264, 1734434026461, 1734434026651, 1734434026832, 1734434027012, 1734434027200, 1734434027383, 1734434027578, 1734434027759, 1734434027930, 1734434028098, 1734434028262, 1734434028428, 1734434028611, 1734434028800, 1734434028969, 1734434029137, 1734434029310, 1734434029520, 1734434029694, 1734434029862, 1734434030051, 1734434030217, 
end timestamps: 1734433960558, 1734433961284, 1734433961345, 1734433961345, 1734433961894, 1734433963025, 1734433963074, 1734433963132, 1734433963599, 1734433964425, 1734433964723, 1734433964784, 1734433965211, 1734433965939, 1734433966130, 1734433966796, 1734433967271, 1734433968075, 1734433968712, 1734433968740, 1734433968991, 1734433969411, 1734433969412, 1734433969982, 1734433970241, 1734433970679, 1734433971093, 1734433971588, 1734433972039, 1734433972589, 1734433973230, 1734433973486, 1734433973934, 1734433974713, 1734433974798, 1734433975169, 1734433975586, 1734433976425, 1734433976583, 1734433976857, 1734433977314, 1734433977898, 1734433978292, 1734433978846, 1734433979085, 1734433979576, 1734433979668, 1734433980014, 1734433980699, 1734433981042, 1734433981087, 1734433981385, 1734433982056, 1734433982117, 1734433982517, 1734433982968, 1734433983388, 1734433983764, 1734433984241, 1734433984584, 1734433985072, 1734433985663, 1734433985735, 1734433985998, 1734433986332, 1734433986659, 1734433987102, 1734433987588, 1734433988008, 1734433988524, 1734433988563, 1734433988662, 1734433989051, 1734433989361, 1734433989883, 1734433990213, 1734433990587, 1734433991090, 1734433991408, 1734433991446, 1734433991663, 1734433991956, 1734433992512, 1734433992597, 1734433993070, 1734433993455, 1734433993961, 1734433994006, 1734433994271, 1734433994589, 1734433994898, 1734433995309, 1734433995488, 1734433996046, 1734433996360, 1734433996660, 1734433996661, 1734433996661, 1734433996983, 1734433997584, 1734433997914, 1734433998303, 1734433998819, 1734433999087, 1734433999104, 1734433999629, 1734434000068, 1734434000346, 1734434000347, 1734434000367, 1734434000837, 1734434001107, 1734434001382, 1734434001679, 1734434001908, 1734434002162, 1734434002630, 1734434002877, 1734434002907, 1734434003393, 1734434003653, 1734434004171, 1734434004224, 1734434004224, 1734434004715, 1734434004715, 1734434005166, 1734434005221, 1734434005454, 1734434005513, 1734434005771, 1734434006431, 1734434006777, 1734434006797, 1734434007192, 1734434007421, 1734434008003, 1734434008017, 1734434008436, 1734434008959, 1734434009255, 1734434009518, 1734434009764, 1734434010423, 1734434010633, 1734434010633, 1734434010759, 1734434011110, 1734434011380, 1734434011643, 1734434011908, 1734434012180, 1734434012446, 1734434012906, 1734434013138, 1734434013154, 1734434013403, 1734434013666, 1734434014085, 1734434014319, 1734434014820, 1734434014841, 1734434014895, 1734434015048, 1734434015282, 1734434015515, 1734434015774, 1734434016010, 1734434016206, 1734434016501, 1734434016777, 1734434016993, 1734434017230, 1734434017476, 1734434017756, 1734434018184, 1734434018255, 1734434018656, 1734434019164, 1734434019521, 1734434019931, 1734434020333, 1734434020542, 1734434020561, 1734434020573, 1734434020894, 1734434021339, 1734434021534, 1734434021759, 1734434021775, 1734434022306, 1734434022669, 1734434022855, 1734434023002, 1734434023237, 1734434023607, 1734434023764, 1734434024002, 1734434024014, 1734434024405, 1734434024593, 1734434024802, 1734434024884, 1734434025140, 1734434025532, 1734434025539, 1734434025642, 1734434025901, 1734434025969, 1734434026120, 1734434026653, 1734434026665, 1734434026843, 1734434027067, 1734434027150, 1734434027386, 1734434027411, 1734434027411, 1734434027411, 1734434027465, 1734434027908, 1734434027931, 1734434028099, 1734434028440, 1734434028971, 1734434029320, 1734434029550, 1734434029720, 1734434029939, 1734434030058, 1734434030206, 1734434030408, 1734434030613, 1734434030634, 1734434030649, 1734434030678, 1734434030690, 1734434030718, 1734434030792, 1734434030868, 
