
**********************************************************
ConnectDAWs File Logger | only the ConnectionManagerThread will write to this file to avoid blocking calls inside the audio thread.
Log started: 17 Dec 2024 12:01:11pm

Network Benchmark | start
size of start timestamps: 170
size of end timestamps: 170
latency: -1707, -1678, -1040, -1043, -1042, -1006, -914, -863, -775, -705, -640, -617, -601, -702, -684, -796, -763, -790, -762, -646, -530, -527, -252, -92, 90, 287, 427, 545, 468, 645, 711, 736, 1009, 1211, 1301, 1343, 1441, 1527, 1607, 1769, 1805, 2084, 2105, 2141, 2221, 2312, 2341, 2376, 2542, 3203, 3186, 3207, 3197, 3228, 3268, 3599, 3891, 4047, 4154, 4291, 4822, 4880, 5085, 5270, 5372, 4886, 4810, 4810, 4787, 5011, 5131, 5229, 5516, 5567, 5563, 5652, 5704, 5682, 5448, 5550, 5581, 5726, 6003, 6243, 6253, 6361, 6434, 6590, 6758, 6887, 6929, 7067, 7147, 7139, 7214, 7397, 7700, 7875, 7517, 7566, 7554, 7604, 7701, 7806, 7568, 7912, 8084, 8144, 8288, 8360, 8397, 7975, 8000, 7993, 8058, 8105, 8184, 8301, 8447, 8472, 8538, 8525, 8551, 8620, 8667, 8716, 8766, 8775, 8860, 8900, 8958, 8990, 8952, 8859, 8903, 8999, 9058, 9029, 8922, 8960, 8981, 8981, 9043, 9138, 9218, 9372, 9477, 9564, 9654, 9759, 9850, 9906, 9990, 10019, 10004, 10113, 10177, 10269, 10271, 10409, 10438, 10480, 10498, 10496, 10439, 10513, 10492, 10480, 10577, 10609, 
start timestamps: 1734433182441, 1734433182897, 1734433183352, 1734433183819, 1734433184305, 1734433184727, 1734433185149, 1734433185664, 1734433186240, 1734433186806, 1734433187335, 1734433187931, 1734433188511, 1734433189168, 1734433189763, 1734433190337, 1734433190801, 1734433191275, 1734433191751, 1734433192214, 1734433192720, 1734433193345, 1734433193920, 1734433194390, 1734433194856, 1734433195396, 1734433195923, 1734433196475, 1734433197187, 1734433197792, 1734433198351, 1734433198978, 1734433199508, 1734433200068, 1734433200689, 1734433201383, 1734433202000, 1734433202616, 1734433203168, 1734433203737, 1734433204252, 1734433204780, 1734433205294, 1734433205826, 1734433206316, 1734433206797, 1734433207290, 1734433207828, 1734433208323, 1734433208856, 1734433209424, 1734433209956, 1734433210505, 1734433210988, 1734433211533, 1734433211958, 1734433212375, 1734433212838, 1734433213383, 1734433213929, 1734433214406, 1734433214998, 1734433215494, 1734433215978, 1734433216488, 1734433217512, 1734433218102, 1734433218671, 1734433219207, 1734433219627, 1734433220174, 1734433220633, 1734433221082, 1734433221542, 1734433222040, 1734433222524, 1734433223011, 1734433223568, 1734433224423, 1734433224860, 1734433225306, 1734433225697, 1734433226168, 1734433226603, 1734433227093, 1734433227509, 1734433227951, 1734433228351, 1734433228779, 1734433229222, 1734433229695, 1734433230120, 1734433230568, 1734433231118, 1734433231640, 1734433232078, 1734433232503, 1734433232904, 1734433233717, 1734433234135, 1734433234604, 1734433235000, 1734433235379, 1734433235770, 1734433236516, 1734433236873, 1734433237255, 1734433237646, 1734433238008, 1734433238344, 1734433238722, 1734433239538, 1734433239913, 1734433240300, 1734433240676, 1734433241038, 1734433241425, 1734433241789, 1734433242144, 1734433242526, 1734433242872, 1734433243240, 1734433243579, 1734433243902, 1734433244235, 1734433244559, 1734433244889, 1734433245223, 1734433245543, 1734433245859, 1734433246161, 1734433246447, 1734433246808, 1734433247235, 1734433247567, 1734433247831, 1734433248142, 1734433248480, 1734433248879, 1734433249182, 1734433249479, 1734433249798, 1734433250057, 1734433250335, 1734433250620, 1734433250899, 1734433251198, 1734433251483, 1734433251764, 1734433252017, 1734433252288, 1734433252551, 1734433252813, 1734433253128, 1734433253424, 1734433253669, 1734433253918, 1734433254178, 1734433254482, 1734433254742, 1734433255005, 1734433255298, 1734433255565, 1734433255812, 1734433256140, 1734433256455, 1734433256752, 1734433257024, 1734433257246, 1734433257489, 
end timestamps: 1734433180734, 1734433181219, 1734433182312, 1734433182776, 1734433183263, 1734433183721, 1734433184235, 1734433184801, 1734433185465, 1734433186101, 1734433186695, 1734433187314, 1734433187910, 1734433188466, 1734433189079, 1734433189541, 1734433190038, 1734433190485, 1734433190989, 1734433191568, 1734433192190, 1734433192818, 1734433193668, 1734433194298, 1734433194946, 1734433195683, 1734433196350, 1734433197020, 1734433197655, 1734433198437, 1734433199062, 1734433199714, 1734433200517, 1734433201279, 1734433201990, 1734433202726, 1734433203441, 1734433204143, 1734433204775, 1734433205506, 1734433206057, 1734433206864, 1734433207399, 1734433207967, 1734433208537, 1734433209109, 1734433209631, 1734433210204, 1734433210865, 1734433212059, 1734433212610, 1734433213163, 1734433213702, 1734433214216, 1734433214801, 1734433215557, 1734433216266, 1734433216885, 1734433217537, 1734433218220, 1734433219228, 1734433219878, 1734433220579, 1734433221248, 1734433221860, 1734433222398, 1734433222912, 1734433223481, 1734433223994, 1734433224638, 1734433225305, 1734433225862, 1734433226598, 1734433227109, 1734433227603, 1734433228176, 1734433228715, 1734433229250, 1734433229871, 1734433230410, 1734433230887, 1734433231423, 1734433232171, 1734433232846, 1734433233346, 1734433233870, 1734433234385, 1734433234941, 1734433235537, 1734433236109, 1734433236624, 1734433237187, 1734433237715, 1734433238257, 1734433238854, 1734433239475, 1734433240203, 1734433240779, 1734433241234, 1734433241701, 1734433242158, 1734433242604, 1734433243080, 1734433243576, 1734433244084, 1734433244785, 1734433245339, 1734433245790, 1734433246296, 1734433246704, 1734433247119, 1734433247513, 1734433247913, 1734433248293, 1734433248734, 1734433249143, 1734433249609, 1734433250090, 1734433250591, 1734433250998, 1734433251410, 1734433251765, 1734433252130, 1734433252522, 1734433252902, 1734433253275, 1734433253655, 1734433253998, 1734433254403, 1734433254759, 1734433255119, 1734433255437, 1734433255760, 1734433256094, 1734433256470, 1734433256830, 1734433257200, 1734433257509, 1734433257801, 1734433258142, 1734433258460, 1734433258779, 1734433259100, 1734433259473, 1734433259838, 1734433260271, 1734433260675, 1734433261047, 1734433261418, 1734433261776, 1734433262138, 1734433262457, 1734433262803, 1734433263147, 1734433263428, 1734433263782, 1734433264095, 1734433264447, 1734433264753, 1734433265151, 1734433265443, 1734433265778, 1734433266063, 1734433266308, 1734433266579, 1734433266968, 1734433267244, 1734433267504, 1734433267823, 1734433268098, 
Plugin Outgoing Benchmark | start
size of start timestamps: 206
size of end timestamps: 188
latency: 471, 528, 741, 500, 521, 531, 482, 566, 976, 1064, 1665, 1880, 2194, 2659, 3050, 3054, 2504, 2529, 2615, 3050, 3544, 4091, 4512, 5064, 5498, 6061, 6458, 6599, 6754, 6414, 6589, 6718, 7307, 7349, 7351, 7309, 7908, 7391, 7987, 8016, 8224, 7864, 8086, 7762, 7587, 7461, 7272, 7607, 7258, 7249, 7811, 7833, 7616, 7541, 7312, 7308, 7224, 6695, 6331, 6835, 6914, 6995, 7500, 7694, 7747, 7916, 8071, 7923, 8298, 7776, 7922, 7465, 7588, 7526, 7385, 7096, 7528, 7438, 7286, 7110, 6431, 6490, 6366, 6447, 6933, 7009, 7367, 7575, 7323, 7549, 7091, 7200, 7730, 7721, 7521, 7943, 7913, 7854, 7566, 7416, 7583, 7531, 7442, 7346, 7504, 7196, 6987, 6903, 7184, 7124, 7133, 6997, 7190, 6977, 6773, 6570, 6304, 5866, 6231, 6635, 6639, 6518, 6586, 6646, 6528, 6605, 6044, 6284, 6158, 5438, 5518, 5790, 5794, 5794, 6245, 6362, 6404, 6449, 6204, 6174, 6114, 6044, 6072, 6019, 5647, 5959, 5888, 5789, 5423, 5617, 6001, 5991, 5798, 5802, 5848, 5875, 5859, 5759, 5830, 5774, 5805, 5832, 5653, 5633, 5605, 5899, 5826, 5751, 5603, 5555, 5467, 5389, 5331, 5306, 5232, 5142, 5103, 4992, 4990, 4952, 5139, 5034, 4925, 4968, 4917, 4851, 4922, 4891, 
start timestamps: 1734433180225, 1734433180748, 1734433181009, 1734433181759, 1734433182268, 1734433182729, 1734433183322, 1734433184090, 1734433184250, 1734433184804, 1734433184836, 1734433185230, 1734433185547, 1734433185635, 1734433185882, 1734433186410, 1734433187455, 1734433187915, 1734433188326, 1734433188386, 1734433188450, 1734433188509, 1734433188571, 1734433188571, 1734433188632, 1734433188692, 1734433188964, 1734433189547, 1734433190064, 1734433190998, 1734433191408, 1734433191944, 1734433192029, 1734433192632, 1734433193377, 1734433194117, 1734433194226, 1734433195571, 1734433195595, 1734433196395, 1734433196828, 1734433197798, 1734433198143, 1734433199077, 1734433199838, 1734433200556, 1734433201314, 1734433201533, 1734433202430, 1734433203020, 1734433203021, 1734433203602, 1734433204414, 1734433205054, 1734433205824, 1734433206272, 1734433206874, 1734433207981, 1734433208942, 1734433209016, 1734433209642, 1734433210225, 1734433210350, 1734433210837, 1734433211496, 1734433212060, 1734433212626, 1734433213530, 1734433213692, 1734433214679, 1734433214994, 1734433215965, 1734433216308, 1734433216924, 1734433217604, 1734433218413, 1734433218533, 1734433219290, 1734433219998, 1734433220700, 1734433221862, 1734433222276, 1734433222922, 1734433223421, 1734433223512, 1734433224121, 1734433224492, 1734433225008, 1734433225831, 1734433226064, 1734433227030, 1734433227379, 1734433227379, 1734433228034, 1734433228745, 1734433228799, 1734433229330, 1734433229899, 1734433230674, 1734433231449, 1734433231903, 1734433232591, 1734433233350, 1734433233874, 1734433234125, 1734433234886, 1734433235571, 1734433236111, 1734433236271, 1734433236768, 1734433237290, 1734433237987, 1734433238253, 1734433238893, 1734433239531, 1734433240129, 1734433240797, 1734433241632, 1734433241680, 1734433241680, 1734433242123, 1734433242678, 1734433243027, 1734433243458, 1734433244122, 1734433244449, 1734433245356, 1734433245457, 1734433245922, 1734433247044, 1734433247339, 1734433247510, 1734433247924, 1734433248317, 1734433248317, 1734433248591, 1734433248921, 1734433249202, 1734433249785, 1734433250150, 1734433250652, 1734433251065, 1734433251409, 1734433251768, 1734433252483, 1734433252532, 1734433252903, 1734433253336, 1734433254006, 1734433254211, 1734433254211, 1734433254604, 1734433255153, 1734433255448, 1734433255766, 1734433256094, 1734433256420, 1734433256854, 1734433257132, 1734433257521, 1734433257825, 1734433258133, 1734433258617, 1734433258936, 1734433259430, 1734433259451, 1734433259844, 1734433260219, 1734433260619, 1734433260974, 1734433261419, 1734433261785, 1734433262144, 1734433262458, 1734433262772, 1734433263153, 1734433263445, 1734433263789, 1734433264097, 1734433264463, 1734433264690, 1734433265058, 1734433265448, 1734433265672, 1734433265978, 1734433266308, 1734433266540, 1734433266905, 1734433267207, 1734433267582, 1734433267835, 1734433268106, 1734433268573, 1734433268828, 1734433268828, 1734433269157, 1734433269442, 1734433269939, 1734433270151, 1734433270392, 1734433270714, 1734433270714, 1734433270915, 1734433271188, 1734433271611, 1734433271810, 
end timestamps: 1734433180696, 1734433181276, 1734433181750, 1734433182259, 1734433182789, 1734433183260, 1734433183804, 1734433184656, 1734433185226, 1734433185868, 1734433186501, 1734433187110, 1734433187741, 1734433188294, 1734433188932, 1734433189464, 1734433189959, 1734433190444, 1734433190941, 1734433191436, 1734433191994, 1734433192600, 1734433193083, 1734433193635, 1734433194130, 1734433194753, 1734433195422, 1734433196146, 1734433196818, 1734433197412, 1734433197997, 1734433198662, 1734433199336, 1734433199981, 1734433200728, 1734433201426, 1734433202134, 1734433202962, 1734433203582, 1734433204411, 1734433205052, 1734433205662, 1734433206229, 1734433206839, 1734433207425, 1734433208017, 1734433208586, 1734433209140, 1734433209688, 1734433210269, 1734433210832, 1734433211435, 1734433212030, 1734433212595, 1734433213136, 1734433213580, 1734433214098, 1734433214676, 1734433215273, 1734433215851, 1734433216556, 1734433217220, 1734433217850, 1734433218531, 1734433219243, 1734433219976, 1734433220697, 1734433221453, 1734433221990, 1734433222455, 1734433222916, 1734433223430, 1734433223896, 1734433224450, 1734433224989, 1734433225509, 1734433226061, 1734433226728, 1734433227284, 1734433227810, 1734433228293, 1734433228766, 1734433229288, 1734433229868, 1734433230445, 1734433231130, 1734433231859, 1734433232583, 1734433233154, 1734433233613, 1734433234121, 1734433234579, 1734433235109, 1734433235755, 1734433236266, 1734433236742, 1734433237243, 1734433237753, 1734433238240, 1734433238865, 1734433239486, 1734433240122, 1734433240792, 1734433241220, 1734433241629, 1734433242082, 1734433242558, 1734433243014, 1734433243455, 1734433243892, 1734433244423, 1734433244984, 1734433245443, 1734433245870, 1734433246304, 1734433246699, 1734433247101, 1734433247498, 1734433247911, 1734433248315, 1734433248762, 1734433249196, 1734433249613, 1734433250104, 1734433250650, 1734433251054, 1734433251400, 1734433251741, 1734433252080, 1734433252482, 1734433252857, 1734433253300, 1734433253718, 1734433254111, 1734433254562, 1734433254953, 1734433255325, 1734433255651, 1734433255989, 1734433256324, 1734433256766, 1734433257109, 1734433257481, 1734433257787, 1734433258130, 1734433258491, 1734433258791, 1734433259125, 1734433259429, 1734433259828, 1734433260212, 1734433260595, 1734433260951, 1734433261250, 1734433261614, 1734433261969, 1734433262279, 1734433262613, 1734433262962, 1734433263295, 1734433263630, 1734433263965, 1734433264270, 1734433264569, 1734433265035, 1734433265350, 1734433265670, 1734433265970, 1734433266222, 1734433266529, 1734433266886, 1734433267174, 1734433267475, 1734433267764, 1734433268004, 1734433268295, 1734433268548, 1734433268781, 1734433269087, 1734433269415, 1734433269829, 1734433270092, 1734433270373, 1734433270640, 1734433270895, 1734433271159, 1734433271462, 1734433271796, 
Plugin Incoming Benchmark | start
size of start timestamps: 170
size of end timestamps: 172
latency: 532, 1020, 977, 1006, 1312, 983, 1078, 598, 743, 941, 1349, 1217, 1009, 596, 1077, 981, 1452, 1361, 1457, 1031, 706, 1183, 1032, 1065, 1265, 1444, 777, 683, 773, 693, 637, 768, 741, 790, 750, 820, 873, 735, 698, 978, 764, 643, 535, 579, 972, 1085, 1114, 717, 1288, 623, 563, 916, 1511, 1286, 1722, 1348, 1254, 1336, 1525, 905, 830, 768, 818, 792, 606, 1058, 1021, 593, 609, 908, 630, 735, 550, 778, 268, 423, 562, 67, 57, 21, 14, 11, 21, 28, -1, 2, 1, 1, 1, 2, -8, 63, 46, -2, 46, 1, 6, 40, 13, 396, 410, 19, 65, 330, 30, 35, 18, 1, 50, 739, 634, 386, 410, 402, 16, -149, -280, -413, -308, -501, -396, -350, -319, -367, -49, -374, -360, -325, -333, -403, -159, -355, -287, -318, -333, -271, 20, -72, -269, -284, -336, -298, -165, -169, -46, -347, -429, -389, -382, -3, 5, 2, -6, -33, -246, -279, -340, -317, 12, -262, -389, 2, -153, -268, -3, -63, -369, -182, -216, -243, 
start timestamps: 1734433180216, 1734433180739, 1734433181752, 1734433182316, 1734433182778, 1734433183267, 1734433183726, 1734433184238, 1734433184804, 1734433185469, 1734433186106, 1734433186698, 1734433187317, 1734433187913, 1734433188470, 1734433189083, 1734433189546, 1734433190047, 1734433190487, 1734433190998, 1734433191572, 1734433192194, 1734433193085, 1734433193673, 1734433194306, 1734433194951, 1734433195686, 1734433196354, 1734433197025, 1734433197755, 1734433198440, 1734433199070, 1734433199815, 1734433200524, 1734433201282, 1734433202000, 1734433202729, 1734433203444, 1734433204150, 1734433204846, 1734433205508, 1734433206231, 1734433206866, 1734433207402, 1734433207970, 1734433208557, 1734433209111, 1734433209633, 1734433210208, 1734433211437, 1734433212063, 1734433212614, 1734433213168, 1734433213708, 1734433214243, 1734433214960, 1734433215670, 1734433216268, 1734433216888, 1734433217594, 1734433218400, 1734433219230, 1734433219882, 1734433220586, 1734433221256, 1734433221864, 1734433222400, 1734433222919, 1734433223512, 1734433224100, 1734433224729, 1734433225329, 1734433226063, 1734433226601, 1734433227111, 1734433227611, 1734433228183, 1734433228732, 1734433229273, 1734433229878, 1734433230414, 1734433230893, 1734433231428, 1734433232175, 1734433232857, 1734433233348, 1734433233873, 1734433234396, 1734433234960, 1734433235569, 1734433236119, 1734433236705, 1734433237244, 1734433237721, 1734433238259, 1734433238857, 1734433239477, 1734433240206, 1734433240784, 1734433241236, 1734433241713, 1734433242163, 1734433242613, 1734433243128, 1734433243671, 1734433244087, 1734433244789, 1734433245355, 1734433245872, 1734433246305, 1734433246705, 1734433247124, 1734433247514, 1734433247915, 1734433248301, 1734433248740, 1734433249201, 1734433249615, 1734433250093, 1734433250594, 1734433251000, 1734433251415, 1734433251770, 1734433252135, 1734433252532, 1734433252906, 1734433253286, 1734433253661, 1734433254003, 1734433254409, 1734433254763, 1734433255122, 1734433255440, 1734433255766, 1734433256099, 1734433256475, 1734433256834, 1734433257204, 1734433257511, 1734433257805, 1734433258161, 1734433258463, 1734433258782, 1734433259105, 1734433259476, 1734433259840, 1734433260273, 1734433260677, 1734433261066, 1734433261422, 1734433261780, 1734433262142, 1734433262464, 1734433262805, 1734433263150, 1734433263432, 1734433263785, 1734433264106, 1734433264451, 1734433264754, 1734433265153, 1734433265446, 1734433265781, 1734433266065, 1734433266311, 1734433266603, 1734433266972, 1734433267246, 1734433267582, 1734433267825, 
end timestamps: 1734433180748, 1734433181759, 1734433182729, 1734433183322, 1734433184090, 1734433184250, 1734433184804, 1734433184836, 1734433185547, 1734433186410, 1734433187455, 1734433187915, 1734433188326, 1734433188509, 1734433189547, 1734433190064, 1734433190998, 1734433191408, 1734433191944, 1734433192029, 1734433192278, 1734433193377, 1734433194117, 1734433194738, 1734433195571, 1734433196395, 1734433196463, 1734433197037, 1734433197798, 1734433198448, 1734433199077, 1734433199838, 1734433200556, 1734433201314, 1734433202032, 1734433202820, 1734433203602, 1734433204179, 1734433204848, 1734433205824, 1734433206272, 1734433206874, 1734433207401, 1734433207981, 1734433208942, 1734433209642, 1734433210225, 1734433210350, 1734433211496, 1734433212060, 1734433212626, 1734433213530, 1734433214679, 1734433214994, 1734433215965, 1734433216308, 1734433216924, 1734433217604, 1734433218413, 1734433218499, 1734433219230, 1734433219998, 1734433220700, 1734433221378, 1734433221862, 1734433222922, 1734433223421, 1734433223512, 1734433224121, 1734433225008, 1734433225359, 1734433226064, 1734433226613, 1734433227379, 1734433227379, 1734433228034, 1734433228745, 1734433228799, 1734433229330, 1734433229899, 1734433230428, 1734433230904, 1734433231449, 1734433232203, 1734433232856, 1734433233350, 1734433233874, 1734433234397, 1734433234961, 1734433235571, 1734433236111, 1734433236768, 1734433237290, 1734433237719, 1734433238305, 1734433238858, 1734433239483, 1734433240246, 1734433240797, 1734433241632, 1734433242123, 1734433242182, 1734433242678, 1734433243458, 1734433243701, 1734433244122, 1734433244807, 1734433245356, 1734433245922, 1734433247044, 1734433247339, 1734433247510, 1734433247924, 1734433248317, 1734433248317, 1734433248591, 1734433248921, 1734433249202, 1734433249785, 1734433250093, 1734433250604, 1734433251065, 1734433251451, 1734433251768, 1734433252483, 1734433252532, 1734433252926, 1734433253336, 1734433253670, 1734433254006, 1734433254604, 1734433254767, 1734433255153, 1734433255448, 1734433255766, 1734433256204, 1734433256854, 1734433257132, 1734433257242, 1734433257521, 1734433257825, 1734433258165, 1734433258617, 1734433258936, 1734433259430, 1734433259493, 1734433259844, 1734433260288, 1734433260684, 1734433261419, 1734433261785, 1734433262144, 1734433262458, 1734433262772, 1734433262904, 1734433263153, 1734433263445, 1734433263789, 1734433264463, 1734433264492, 1734433264764, 1734433265448, 1734433265628, 1734433265797, 1734433266308, 1734433266540, 1734433266603, 1734433267064, 1734433267366, 1734433267582, 1734433267835, 1734433268106, 
