
**********************************************************
ConnectDAWs File Logger | only the ConnectionManagerThread will write to this file to avoid blocking calls inside the audio thread.
Log started: 17 Dec 2024 12:22:08pm

Network Benchmark | start
size of start timestamps: 248
size of end timestamps: 248
latency: 12158, 11922, 11705, 11475, 11265, 11039, 10812, 10603, 10422, 10202, 9811, 9240, 9087, 8781, 8043, 8001, 7815, 7625, 7428, 7247, 7047, 6863, 6662, 6198, 6005, 5809, 5528, 5344, 5140, 4834, 4746, 4501, 4356, 4146, 3993, 3775, 3572, 3430, 3210, 3067, 2885, 2744, 2314, 2138, 1923, 1942, 1338, 1143, 929, 758, 602, 467, 256, 190, 18, -96, -256, -400, -550, -687, -836, -1010, -1145, -1287, -1403, -1563, -1719, -1900, -2050, -2211, -2396, -2534, -2674, -2822, -3001, -3134, -3319, -3517, -3711, -3964, -4274, -4433, -4616, -4768, -4869, -5044, -5193, -5346, -5490, -5645, -5815, -5940, -6078, -6226, -6381, -6473, -6657, -6838, -6962, -7088, -7238, -7376, -7519, -7654, -7762, -7865, -8008, -8158, -8261, -8433, -8559, -8636, -8744, -8849, -9033, -9216, -9274, -9424, -9618, -9725, -9851, -9974, -10081, -10153, -10274, -10405, -10531, -10643, -10755, -10874, -11266, -11322, -11403, -11571, -11698, -11808, -11940, -12078, -12201, -12305, -12448, -12566, -12660, -12734, -12857, -13005, -13107, -13216, -13321, -13427, -13545, -13651, -13779, -13877, -13990, -14070, -14173, -14434, -14563, -14679, -14791, -14881, -15084, -15185, -15269, -15394, -15510, -15615, -15689, -15803, -15939, -16055, -16171, -16253, -16335, -16419, -16490, -16560, -16653, -16744, -16831, -16937, -17063, -17168, -17278, -17392, -17610, -17780, -17848, -18162, -18280, -18379, -18443, -18538, -18621, -18720, -18832, -18892, -19160, -19227, -19383, -19502, -19657, -19757, -19858, -19950, -20062, -20171, -20260, -20322, -20428, -20496, -20600, -20715, -20810, -20909, -21006, -21134, -21242, -21338, -21413, -21509, -21606, -21708, -21810, -21893, -21991, -22119, -22216, -22304, -22412, -22519, -22612, -22661, -22716, -22933, -23016, -23047, -23149, -23229, -23290, -23344, -23415, -23484, -23545, -23612, -23682, -23728, 
start timestamps: 1734434453962, 1734434454459, 1734434454934, 1734434455439, 1734434455919, 1734434456494, 1734434456986, 1734434457481, 1734434457963, 1734434458479, 1734434459440, 1734434460966, 1734434461445, 1734434462088, 1734434463906, 1734434464368, 1734434464833, 1734434465307, 1734434465803, 1734434466279, 1734434466759, 1734434467230, 1734434467719, 1734434468642, 1734434469347, 1734434469829, 1734434470423, 1734434470981, 1734434471460, 1734434472300, 1734434472721, 1734434473271, 1734434473716, 1734434474204, 1734434474651, 1734434475149, 1734434475616, 1734434476055, 1734434476558, 1734434477033, 1734434477505, 1734434477980, 1734434478959, 1734434479427, 1734434479935, 1734434480599, 1734434481458, 1734434481916, 1734434482387, 1734434482818, 1734434483246, 1734434483680, 1734434484155, 1734434484567, 1734434484993, 1734434485365, 1734434485773, 1734434486150, 1734434486527, 1734434486897, 1734434487269, 1734434487667, 1734434488042, 1734434488419, 1734434488800, 1734434489200, 1734434489595, 1734434490012, 1734434490409, 1734434490800, 1734434491211, 1734434491580, 1734434491967, 1734434492366, 1734434492807, 1734434493241, 1734434493685, 1734434494126, 1734434494567, 1734434495068, 1734434496258, 1734434496673, 1734434497129, 1734434497536, 1734434497924, 1734434498333, 1734434498734, 1734434499112, 1734434499493, 1734434499888, 1734434500275, 1734434500644, 1734434501011, 1734434501389, 1734434501781, 1734434502164, 1734434502554, 1734434502948, 1734434503288, 1734434503635, 1734434503993, 1734434504340, 1734434504685, 1734434505027, 1734434505354, 1734434505682, 1734434506046, 1734434506417, 1734434506775, 1734434507171, 1734434507564, 1734434507922, 1734434508273, 1734434508609, 1734434508984, 1734434509369, 1734434509671, 1734434510019, 1734434510406, 1734434510707, 1734434511017, 1734434511330, 1734434511637, 1734434511940, 1734434512257, 1734434512576, 1734434512898, 1734434513205, 1734434513520, 1734434513832, 1734434514423, 1734434514743, 1734434515072, 1734434515454, 1734434515782, 1734434516110, 1734434516442, 1734434516769, 1734434517094, 1734434517402, 1734434517726, 1734434518036, 1734434518321, 1734434518599, 1734434518896, 1734434519210, 1734434519478, 1734434519753, 1734434520022, 1734434520296, 1734434520582, 1734434520856, 1734434521154, 1734434521433, 1734434521724, 1734434522003, 1734434522284, 1734434522719, 1734434523013, 1734434523292, 1734434523578, 1734434523850, 1734434524213, 1734434524485, 1734434524752, 1734434525039, 1734434525325, 1734434525596, 1734434525873, 1734434526167, 1734434526475, 1734434526769, 1734434527059, 1734434527317, 1734434527568, 1734434527820, 1734434528060, 1734434528313, 1734434528580, 1734434528846, 1734434529117, 1734434529411, 1734434529705, 1734434529976, 1734434530256, 1734434530522, 1734434530905, 1734434531229, 1734434531518, 1734434532312, 1734434532617, 1734434532874, 1734434533115, 1734434533369, 1734434533621, 1734434533880, 1734434534145, 1734434534392, 1734434534906, 1734434535171, 1734434535482, 1734434535784, 1734434536103, 1734434536372, 1734434536641, 1734434536916, 1734434537193, 1734434537477, 1734434537747, 1734434538040, 1734434538319, 1734434538589, 1734434538865, 1734434539151, 1734434539421, 1734434539689, 1734434539956, 1734434540252, 1734434540532, 1734434540806, 1734434541100, 1734434541370, 1734434541652, 1734434541939, 1734434542215, 1734434542492, 1734434542769, 1734434543089, 1734434543369, 1734434543646, 1734434543936, 1734434544223, 1734434544493, 1734434544744, 1734434545017, 1734434545538, 1734434545839, 1734434546109, 1734434546423, 1734434546726, 1734434546996, 1734434547264, 1734434547543, 1734434547813, 1734434548074, 1734434548335, 1734434548595, 1734434548837, 
end timestamps: 1734434466120, 1734434466381, 1734434466639, 1734434466914, 1734434467184, 1734434467533, 1734434467798, 1734434468084, 1734434468385, 1734434468681, 1734434469251, 1734434470206, 1734434470532, 1734434470869, 1734434471949, 1734434472369, 1734434472648, 1734434472932, 1734434473231, 1734434473526, 1734434473806, 1734434474093, 1734434474381, 1734434474840, 1734434475352, 1734434475638, 1734434475951, 1734434476325, 1734434476600, 1734434477134, 1734434477467, 1734434477772, 1734434478072, 1734434478350, 1734434478644, 1734434478924, 1734434479188, 1734434479485, 1734434479768, 1734434480100, 1734434480390, 1734434480724, 1734434481273, 1734434481565, 1734434481858, 1734434482541, 1734434482796, 1734434483059, 1734434483316, 1734434483576, 1734434483848, 1734434484147, 1734434484411, 1734434484757, 1734434485011, 1734434485269, 1734434485517, 1734434485750, 1734434485977, 1734434486210, 1734434486433, 1734434486657, 1734434486897, 1734434487132, 1734434487397, 1734434487637, 1734434487876, 1734434488112, 1734434488359, 1734434488589, 1734434488815, 1734434489046, 1734434489293, 1734434489544, 1734434489806, 1734434490107, 1734434490366, 1734434490609, 1734434490856, 1734434491104, 1734434491984, 1734434492240, 1734434492513, 1734434492768, 1734434493055, 1734434493289, 1734434493541, 1734434493766, 1734434494003, 1734434494243, 1734434494460, 1734434494704, 1734434494933, 1734434495163, 1734434495400, 1734434495691, 1734434495897, 1734434496110, 1734434496326, 1734434496547, 1734434496755, 1734434496964, 1734434497166, 1734434497373, 1734434497592, 1734434497817, 1734434498038, 1734434498259, 1734434498514, 1734434498738, 1734434499005, 1734434499286, 1734434499529, 1734434499760, 1734434499951, 1734434500153, 1734434500397, 1734434500595, 1734434500788, 1734434500982, 1734434501166, 1734434501356, 1734434501556, 1734434501787, 1734434501983, 1734434502171, 1734434502367, 1734434502562, 1734434502765, 1734434502958, 1734434503157, 1734434503421, 1734434503669, 1734434503883, 1734434504084, 1734434504302, 1734434504502, 1734434504691, 1734434504893, 1734434505097, 1734434505278, 1734434505470, 1734434505661, 1734434505865, 1734434506039, 1734434506205, 1734434506371, 1734434506537, 1734434506701, 1734434506869, 1734434507037, 1734434507205, 1734434507375, 1734434507556, 1734434507734, 1734434507933, 1734434508111, 1734434508285, 1734434508450, 1734434508613, 1734434508787, 1734434508969, 1734434509129, 1734434509300, 1734434509483, 1734434509645, 1734434509815, 1734434509981, 1734434510184, 1734434510364, 1734434510536, 1734434510714, 1734434510888, 1734434511064, 1734434511233, 1734434511401, 1734434511570, 1734434511753, 1734434511927, 1734434512102, 1734434512286, 1734434512474, 1734434512642, 1734434512808, 1734434512978, 1734434513130, 1734434513295, 1734434513449, 1734434513670, 1734434514150, 1734434514337, 1734434514495, 1734434514672, 1734434514831, 1734434515000, 1734434515160, 1734434515313, 1734434515500, 1734434515746, 1734434515944, 1734434516099, 1734434516282, 1734434516446, 1734434516615, 1734434516783, 1734434516966, 1734434517131, 1734434517306, 1734434517487, 1734434517718, 1734434517891, 1734434518093, 1734434518265, 1734434518436, 1734434518611, 1734434518780, 1734434518950, 1734434519118, 1734434519290, 1734434519468, 1734434519687, 1734434519861, 1734434520046, 1734434520231, 1734434520405, 1734434520599, 1734434520778, 1734434520970, 1734434521153, 1734434521342, 1734434521524, 1734434521704, 1734434521881, 1734434522083, 1734434522301, 1734434522605, 1734434522823, 1734434523062, 1734434523274, 1734434523497, 1734434523706, 1734434523920, 1734434524128, 1734434524329, 1734434524529, 1734434524723, 1734434524913, 1734434525109, 
Plugin Outgoing Benchmark | start
size of start timestamps: 300
size of end timestamps: 281
latency: 261, 274, 478, 278, 267, 277, 534, 536, 804, 817, 870, 1166, 930, 1211, 1487, 1799, 1882, 1875, 2009, 2256, 2464, 2522, 2708, 2815, 3004, 3156, 3413, 3509, 3438, 3448, 3395, 3412, 3406, 3116, 2827, 2828, 2811, 2806, 2778, 2657, 2925, 3114, 3100, 2944, 2899, 2995, 2683, 2918, 3097, 3035, 3069, 3026, 3061, 2830, 3057, 2816, 2786, 2751, 2717, 2753, 2581, 2719, 2776, 2693, 2523, 2780, 2931, 2898, 2907, 2629, 2359, 2289, 2487, 2449, 2078, 2052, 2032, 1795, 1783, 1660, 1658, 1593, 1405, 1394, 1660, 1575, 1361, 1394, 1287, 1445, 1306, 1540, 1583, 1685, 1649, 1315, 1449, 1568, 1820, 2022, 2214, 2423, 2638, 2871, 3078, 3195, 3372, 3355, 3082, 3129, 3134, 2950, 2919, 2898, 2760, 2827, 2895, 3001, 2839, 3058, 2995, 2934, 3032, 3060, 2887, 2993, 3067, 3324, 3366, 3319, 3106, 3096, 3090, 3232, 3355, 3320, 3121, 3118, 3050, 3026, 2927, 3015, 2652, 2790, 2714, 2812, 2898, 2856, 2952, 2878, 2825, 2881, 2869, 2884, 2832, 2833, 2832, 2892, 2861, 2842, 2707, 2874, 2879, 2989, 2942, 2869, 2901, 2856, 2807, 2768, 2768, 2631, 2689, 2650, 2697, 2696, 2686, 2571, 2527, 2536, 2566, 2562, 2522, 2565, 2568, 2699, 2691, 2646, 2684, 2534, 2659, 2676, 2756, 2706, 2694, 2717, 2639, 2529, 2666, 2708, 2868, 2842, 2831, 2822, 2810, 2812, 2805, 2898, 2710, 2751, 2764, 2754, 2721, 2778, 2519, 2583, 2514, 2594, 2737, 2749, 2626, 2730, 2739, 2634, 2745, 2750, 2633, 2765, 2639, 2629, 2655, 2820, 2825, 2748, 2555, 2387, 2213, 2212, 2036, 1976, 1958, 1942, 1869, 1882, 1891, 1809, 1834, 1846, 1697, 1723, 1681, 1717, 1728, 1571, 1607, 1636, 1600, 1647, 1688, 1695, 1720, 1705, 1756, 1917, 2109, 2119, 2094, 2129, 1975, 1979, 1957, 1951, 1990, 1966, 1981, 1944, 2052, 2236, 2464, 2670, 2834, 
start timestamps: 1734434465825, 1734434466127, 1734434466187, 1734434466650, 1734434466935, 1734434467232, 1734434467248, 1734434467520, 1734434467534, 1734434467808, 1734434468095, 1734434468095, 1734434468649, 1734434468692, 1734434468733, 1734434468754, 1734434468975, 1734434469289, 1734434469484, 1734434469533, 1734434469607, 1734434469839, 1734434469935, 1734434470107, 1734434470205, 1734434470339, 1734434470370, 1734434470555, 1734434470903, 1734434471188, 1734434471527, 1734434471797, 1734434472087, 1734434472654, 1734434473216, 1734434473504, 1734434473796, 1734434474086, 1734434474418, 1734434474846, 1734434474846, 1734434474929, 1734434475216, 1734434475647, 1734434475975, 1734434476133, 1734434476712, 1734434476751, 1734434476863, 1734434477206, 1734434477473, 1734434477831, 1734434478082, 1734434478598, 1734434478657, 1734434479195, 1734434479491, 1734434479789, 1734434480078, 1734434480299, 1734434480730, 1734434480853, 1734434481065, 1734434481436, 1734434481867, 1734434481909, 1734434482012, 1734434482302, 1734434482547, 1734434483059, 1734434483556, 1734434483855, 1734434483890, 1734434484155, 1734434484757, 1734434485018, 1734434485276, 1734434485755, 1734434486006, 1734434486367, 1734434486605, 1734434486904, 1734434487315, 1734434487551, 1734434487551, 1734434487882, 1734434488360, 1734434488595, 1734434488967, 1734434489058, 1734434489459, 1734434489569, 1734434489826, 1734434489975, 1734434490263, 1734434490857, 1734434490992, 1734434491132, 1734434491162, 1734434491203, 1734434491250, 1734434491268, 1734434491283, 1734434491300, 1734434491321, 1734434491431, 1734434491486, 1734434491738, 1734434492245, 1734434492429, 1734434492665, 1734434493063, 1734434493307, 1734434493549, 1734434493893, 1734434494044, 1734434494176, 1734434494274, 1734434494639, 1734434494652, 1734434494940, 1734434495222, 1734434495371, 1734434495565, 1734434495963, 1734434496116, 1734434496270, 1734434496270, 1734434496452, 1734434496761, 1734434497173, 1734434497378, 1734434497599, 1734434497649, 1734434497719, 1734434497945, 1734434498334, 1734434498532, 1734434498792, 1734434499013, 1734434499293, 1734434499398, 1734434499956, 1734434500014, 1734434500286, 1734434500386, 1734434500532, 1734434500793, 1734434500896, 1734434501172, 1734434501447, 1734434501590, 1734434501792, 1734434501984, 1734434502226, 1734434502413, 1734434502600, 1734434502727, 1734434502965, 1734434503162, 1734434503461, 1734434503461, 1734434503619, 1734434503675, 1734434503890, 1734434504125, 1734434504273, 1734434504487, 1734434504707, 1734434504920, 1734434505102, 1734434505427, 1734434505544, 1734434505754, 1734434505871, 1734434506045, 1734434506219, 1734434506498, 1734434506704, 1734434506873, 1734434507007, 1734434507175, 1734434507386, 1734434507532, 1734434507703, 1734434507748, 1734434507938, 1734434508156, 1734434508290, 1734434508618, 1734434508661, 1734434508807, 1734434508911, 1734434509143, 1734434509326, 1734434509488, 1734434509743, 1734434510039, 1734434510068, 1734434510197, 1734434510197, 1734434510369, 1734434510542, 1734434510719, 1734434510893, 1734434511067, 1734434511238, 1734434511325, 1734434511668, 1734434511784, 1734434511936, 1734434512106, 1734434512306, 1734434512401, 1734434512814, 1734434512910, 1734434513143, 1734434513224, 1734434513238, 1734434513392, 1734434513673, 1734434513725, 1734434513882, 1734434514165, 1734434514228, 1734434514389, 1734434514673, 1734434514706, 1734434515004, 1734434515184, 1734434515333, 1734434515344, 1734434515509, 1734434515749, 1734434516114, 1734434516451, 1734434516799, 1734434516971, 1734434517319, 1734434517546, 1734434517733, 1734434517919, 1734434518169, 1734434518351, 1734434518514, 1734434518785, 1734434518956, 1734434519137, 1734434519472, 1734434519688, 1734434519922, 1734434520059, 1734434520237, 1734434520611, 1734434520800, 1734434520976, 1734434521228, 1734434521417, 1734434521584, 1734434521788, 1734434521981, 1734434522201, 1734434522383, 1734434522416, 1734434522416, 1734434522613, 1734434522830, 1734434523090, 1734434523491, 1734434523693, 1734434523929, 1734434524136, 1734434524313, 1734434524544, 1734434524732, 1734434525009, 1734434525115, 1734434525141, 1734434525159, 1734434525202, 1734434525261, 1734434525290, 1734434525306, 1734434525334, 1734434525360, 1734434525380, 1734434525511, 1734434525674, 1734434525940, 1734434526106, 1734434526312, 1734434526551, 1734434526735, 1734434526991, 1734434527187, 1734434527385, 1734434527673, 1734434527888, 1734434527888, 1734434528133, 
end timestamps: 1734434466086, 1734434466401, 1734434466665, 1734434466928, 1734434467202, 1734434467509, 1734434467782, 1734434468056, 1734434468338, 1734434468625, 1734434468965, 1734434469261, 1734434469579, 1734434469903, 1734434470220, 1734434470553, 1734434470857, 1734434471164, 1734434471493, 1734434471789, 1734434472071, 1734434472361, 1734434472643, 1734434472922, 1734434473209, 1734434473495, 1734434473783, 1734434474064, 1734434474341, 1734434474636, 1734434474922, 1734434475209, 1734434475493, 1734434475770, 1734434476043, 1734434476332, 1734434476607, 1734434476892, 1734434477196, 1734434477503, 1734434477771, 1734434478043, 1734434478316, 1734434478591, 1734434478874, 1734434479128, 1734434479395, 1734434479669, 1734434479960, 1734434480241, 1734434480542, 1734434480857, 1734434481143, 1734434481428, 1734434481714, 1734434482011, 1734434482277, 1734434482540, 1734434482795, 1734434483052, 1734434483311, 1734434483572, 1734434483841, 1734434484129, 1734434484390, 1734434484689, 1734434484943, 1734434485200, 1734434485454, 1734434485688, 1734434485915, 1734434486144, 1734434486377, 1734434486604, 1734434486835, 1734434487070, 1734434487308, 1734434487550, 1734434487789, 1734434488027, 1734434488263, 1734434488497, 1734434488720, 1734434488945, 1734434489211, 1734434489457, 1734434489721, 1734434489989, 1734434490254, 1734434490503, 1734434490765, 1734434491109, 1734434491409, 1734434491660, 1734434491912, 1734434492172, 1734434492441, 1734434492700, 1734434492982, 1734434493225, 1734434493464, 1734434493691, 1734434493921, 1734434494171, 1734434494399, 1734434494626, 1734434494858, 1734434495093, 1734434495327, 1734434495558, 1734434495799, 1734434496013, 1734434496226, 1734434496447, 1734434496653, 1734434496871, 1734434497071, 1734434497275, 1734434497478, 1734434497710, 1734434497935, 1734434498156, 1734434498403, 1734434498625, 1734434498850, 1734434499109, 1734434499337, 1734434499594, 1734434499818, 1734434500080, 1734434500279, 1734434500474, 1734434500689, 1734434500881, 1734434501074, 1734434501265, 1734434501455, 1734434501650, 1734434501842, 1734434502039, 1734434502220, 1734434502413, 1734434502608, 1734434502804, 1734434503000, 1734434503198, 1734434503430, 1734434503649, 1734434503848, 1734434504050, 1734434504272, 1734434504471, 1734434504661, 1734434504868, 1734434505058, 1734434505246, 1734434505432, 1734434505619, 1734434505826, 1734434506004, 1734434506168, 1734434506335, 1734434506498, 1734434506664, 1734434506832, 1734434506994, 1734434507174, 1734434507343, 1734434507514, 1734434507688, 1734434507870, 1734434508058, 1734434508233, 1734434508404, 1734434508568, 1734434508741, 1734434508905, 1734434509069, 1734434509231, 1734434509409, 1734434509573, 1734434509737, 1734434509908, 1734434510097, 1734434510271, 1734434510447, 1734434510629, 1734434510802, 1734434510974, 1734434511152, 1734434511320, 1734434511483, 1734434511667, 1734434511849, 1734434512020, 1734434512205, 1734434512382, 1734434512568, 1734434512734, 1734434512905, 1734434513065, 1734434513211, 1734434513373, 1734434513541, 1734434513703, 1734434513879, 1734434514043, 1734434514223, 1734434514378, 1734434514535, 1734434514700, 1734434514860, 1734434515027, 1734434515179, 1734434515333, 1734434515493, 1734434515657, 1734434515818, 1734434515975, 1734434516141, 1734434516299, 1734434516455, 1734434516621, 1734434516799, 1734434516973, 1734434517139, 1734434517306, 1734434517471, 1734434517643, 1734434517813, 1734434517988, 1734434518164, 1734434518334, 1734434518497, 1734434518669, 1734434518838, 1734434519012, 1734434519183, 1734434519355, 1734434519522, 1734434519691, 1734434519861, 1734434520038, 1734434520233, 1734434520405, 1734434520594, 1734434520790, 1734434520983, 1734434521169, 1734434521411, 1734434521603, 1734434521776, 1734434521965, 1734434522182, 1734434522407, 1734434522612, 1734434522828, 1734434523064, 1734434523272, 1734434523483, 1734434523701, 1734434523906, 1734434524139, 1734434524333, 1734434524525, 1734434524732, 1734434524924, 1734434525219, 1734434525466, 1734434525672, 1734434525886, 1734434526087, 1734434526303, 1734434526510, 1734434526713, 1734434526953, 1734434527167, 1734434527377, 1734434527623, 1734434527872, 1734434528095, 
Plugin Incoming Benchmark | start
size of start timestamps: 248
size of end timestamps: 256
latency: 264, 528, 547, 572, 324, 283, 270, 286, -13, 259, -274, -613, 125, -20, -772, 20, 283, 565, 564, 561, 557, 603, 747, 284, -136, -155, -1, -76, -194, -141, -401, -298, -318, -248, -284, -59, -281, -16, -3, -27, -26, -95, -256, -436, -144, -414, -634, -251, -2, 238, 273, 38, 0, 238, 257, 264, 484, 487, 615, 626, 692, 879, 892, 651, 720, 960, 955, 1085, 944, 1098, 976, 1008, 926, 963, 1305, 1169, 1012, 793, 593, 387, -467, -703, -945, -270, -341, -393, -229, -237, -221, -112, -202, -295, -432, -301, -225, -225, -322, -340, -153, -212, -280, -489, -628, -615, -615, -421, -442, -443, -613, -575, -643, -675, -760, -739, -750, -660, -200, -390, -312, -407, -452, -568, -564, -417, -569, -537, -583, -577, -581, -541, -549, -599, -492, -509, -424, -625, -686, -830, -804, -771, -612, -775, -764, -743, -766, -616, -663, -619, -668, -659, -652, -542, -504, -513, -552, -562, -550, -582, -584, -706, -678, -647, -682, -518, -651, -678, -600, -676, -657, -705, -623, -506, -649, -693, -870, -866, -862, -854, -862, -863, -866, -841, -809, -860, -874, -875, -829, -818, -705, -1073, -1033, -1117, -1116, -1150, -1166, -837, -821, -1003, -1082, -1096, -1101, -1104, -1108, -1116, -1110, -1040, -855, -689, -519, -575, -401, -368, -365, -352, -270, -263, -268, -168, -168, -161, -46, -3, 49, 3, 3, 205, 198, 184, 255, 260, 240, 262, 274, 313, 297, 14, -199, -213, -239, -192, -8, -19, 3, 6, -19, 13, 4, 94, 
start timestamps: 1734434465863, 1734434466122, 1734434466388, 1734434466660, 1734434466924, 1734434467251, 1734434467538, 1734434467809, 1734434468108, 1734434468390, 1734434468966, 1734434469902, 1734434470214, 1734434470575, 1734434471675, 1734434472067, 1734434472371, 1734434472651, 1734434472940, 1734434473235, 1734434473529, 1734434473815, 1734434474099, 1734434474562, 1734434475065, 1734434475371, 1734434475648, 1734434476051, 1734434476327, 1734434476853, 1734434477152, 1734434477504, 1734434477791, 1734434478079, 1734434478366, 1734434478657, 1734434478938, 1734434479211, 1734434479494, 1734434479816, 1734434480104, 1734434480394, 1734434480986, 1734434481289, 1734434481580, 1734434482281, 1734434482543, 1734434482798, 1734434483061, 1734434483318, 1734434483582, 1734434483852, 1734434484155, 1734434484519, 1734434484761, 1734434485012, 1734434485272, 1734434485519, 1734434485752, 1734434485979, 1734434486212, 1734434486436, 1734434486659, 1734434486900, 1734434487162, 1734434487400, 1734434487640, 1734434487882, 1734434488114, 1734434488361, 1734434488593, 1734434488818, 1734434489049, 1734434489300, 1734434489552, 1734434489823, 1734434490120, 1734434490369, 1734434490611, 1734434490863, 1734434491735, 1734434491986, 1734434492245, 1734434492515, 1734434492770, 1734434493058, 1734434493292, 1734434493544, 1734434493770, 1734434494005, 1734434494246, 1734434494471, 1734434494706, 1734434494940, 1734434495165, 1734434495447, 1734434495693, 1734434495905, 1734434496116, 1734434496328, 1734434496550, 1734434496759, 1734434496970, 1734434497168, 1734434497376, 1734434497594, 1734434497820, 1734434498042, 1734434498262, 1734434498520, 1734434498741, 1734434499009, 1734434499292, 1734434499531, 1734434499763, 1734434499953, 1734434500156, 1734434500404, 1734434500598, 1734434500793, 1734434500984, 1734434501169, 1734434501357, 1734434501589, 1734434501789, 1734434501984, 1734434502173, 1734434502369, 1734434502565, 1734434502767, 1734434502962, 1734434503199, 1734434503457, 1734434503671, 1734434503885, 1734434504086, 1734434504305, 1734434504505, 1734434504694, 1734434504896, 1734434505099, 1734434505281, 1734434505471, 1734434505663, 1734434505868, 1734434506043, 1734434506207, 1734434506373, 1734434506539, 1734434506704, 1734434506871, 1734434507040, 1734434507208, 1734434507386, 1734434507559, 1734434507737, 1734434507936, 1734434508114, 1734434508287, 1734434508454, 1734434508616, 1734434508803, 1734434508972, 1734434509136, 1734434509312, 1734434509485, 1734434509648, 1734434509819, 1734434509983, 1734434510193, 1734434510366, 1734434510545, 1734434510717, 1734434510890, 1734434511067, 1734434511235, 1734434511404, 1734434511573, 1734434511755, 1734434511930, 1734434512104, 1734434512297, 1734434512477, 1734434512644, 1734434512810, 1734434512981, 1734434513135, 1734434513297, 1734434513519, 1734434513983, 1734434514177, 1734434514341, 1734434514508, 1734434514674, 1734434514839, 1734434515002, 1734434515162, 1734434515344, 1734434515590, 1734434515769, 1734434515946, 1734434516108, 1734434516292, 1734434516449, 1734434516619, 1734434516789, 1734434516969, 1734434517140, 1734434517318, 1734434517546, 1734434517720, 1734434517914, 1734434518098, 1734434518271, 1734434518439, 1734434518614, 1734434518782, 1734434518953, 1734434519124, 1734434519298, 1734434519518, 1734434519691, 1734434519873, 1734434520056, 1734434520234, 1734434520406, 1734434520602, 1734434520792, 1734434520973, 1734434521157, 1734434521344, 1734434521526, 1734434521707, 1734434521888, 1734434522086, 1734434522402, 1734434522615, 1734434522826, 1734434523069, 1734434523282, 1734434523499, 1734434523712, 1734434523926, 1734434524130, 1734434524332, 1734434524531, 1734434524728, 1734434524915, 
end timestamps: 1734434466127, 1734434466650, 1734434466935, 1734434467232, 1734434467248, 1734434467534, 1734434467808, 1734434468095, 1734434468095, 1734434468649, 1734434468692, 1734434469289, 1734434470339, 1734434470555, 1734434470903, 1734434472087, 1734434472654, 1734434473216, 1734434473504, 1734434473796, 1734434474086, 1734434474418, 1734434474846, 1734434474846, 1734434474929, 1734434475216, 1734434475647, 1734434475975, 1734434476133, 1734434476712, 1734434476751, 1734434477206, 1734434477473, 1734434477831, 1734434478082, 1734434478598, 1734434478657, 1734434479195, 1734434479491, 1734434479789, 1734434480078, 1734434480299, 1734434480730, 1734434480853, 1734434481436, 1734434481867, 1734434481909, 1734434482547, 1734434483059, 1734434483556, 1734434483855, 1734434483890, 1734434484155, 1734434484757, 1734434485018, 1734434485276, 1734434485756, 1734434486006, 1734434486367, 1734434486605, 1734434486904, 1734434487315, 1734434487551, 1734434487551, 1734434487882, 1734434488360, 1734434488595, 1734434488967, 1734434489058, 1734434489459, 1734434489569, 1734434489826, 1734434489975, 1734434490263, 1734434490857, 1734434490992, 1734434491132, 1734434491162, 1734434491204, 1734434491250, 1734434491268, 1734434491283, 1734434491300, 1734434492245, 1734434492429, 1734434492665, 1734434493063, 1734434493307, 1734434493549, 1734434493893, 1734434494044, 1734434494176, 1734434494274, 1734434494639, 1734434494940, 1734434495222, 1734434495371, 1734434495565, 1734434495963, 1734434496116, 1734434496270, 1734434496270, 1734434496342, 1734434496553, 1734434496761, 1734434497173, 1734434497378, 1734434497599, 1734434497649, 1734434497945, 1734434498098, 1734434498334, 1734434498532, 1734434498792, 1734434499013, 1734434499293, 1734434499956, 1734434500014, 1734434500286, 1734434500386, 1734434500532, 1734434500601, 1734434500793, 1734434501172, 1734434501220, 1734434501447, 1734434501590, 1734434501792, 1734434501984, 1734434502226, 1734434502413, 1734434502600, 1734434502965, 1734434503162, 1734434503461, 1734434503461, 1734434503619, 1734434503675, 1734434503890, 1734434504125, 1734434504487, 1734434504506, 1734434504707, 1734434504920, 1734434505102, 1734434505427, 1734434505544, 1734434505754, 1734434505871, 1734434506045, 1734434506219, 1734434506498, 1734434506704, 1734434506873, 1734434507007, 1734434507175, 1734434507386, 1734434507532, 1734434507703, 1734434507748, 1734434507938, 1734434508156, 1734434508290, 1734434508618, 1734434508661, 1734434508807, 1734434509048, 1734434509143, 1734434509326, 1734434509488, 1734434509743, 1734434510039, 1734434510068, 1734434510197, 1734434510197, 1734434510369, 1734434510542, 1734434510719, 1734434510893, 1734434511067, 1734434511238, 1734434511456, 1734434511668, 1734434511784, 1734434511936, 1734434512106, 1734434512306, 1734434512479, 1734434512814, 1734434512910, 1734434513144, 1734434513224, 1734434513392, 1734434513524, 1734434513673, 1734434514165, 1734434514341, 1734434514341, 1734434514508, 1734434514673, 1734434514845, 1734434515004, 1734434515184, 1734434515333, 1734434515509, 1734434515749, 1734434516114, 1734434516451, 1734434516799, 1734434516971, 1734434517319, 1734434517546, 1734434517733, 1734434517919, 1734434518169, 1734434518351, 1734434518514, 1734434518785, 1734434518956, 1734434519137, 1734434519472, 1734434519688, 1734434519922, 1734434520059, 1734434520237, 1734434520611, 1734434520800, 1734434520976, 1734434521228, 1734434521417, 1734434521584, 1734434521788, 1734434521981, 1734434522201, 1734434522383, 1734434522416, 1734434522416, 1734434522613, 1734434522830, 1734434523090, 1734434523491, 1734434523693, 1734434523929, 1734434524136, 1734434524313, 1734434524544, 1734434524732, 1734434525009, 1734434525115, 1734434525141, 1734434525159, 1734434525202, 1734434525261, 1734434525290, 1734434525306, 1734434525334, 
