
**********************************************************
ConnectDAWs File Logger | only the ConnectionManagerThread will write to this file to avoid blocking calls inside the audio thread.
Log started: 17 Dec 2024 12:05:23pm

Network Benchmark | start
size of start timestamps: 181
size of end timestamps: 181
latency: -7363, -7336, -7312, -7323, -7372, -7379, -7320, -7101, -6842, -6617, -6327, -6167, -6028, -6060, -5881, -5907, -5873, -5842, -5709, -5710, -5714, -5782, -5974, -5920, -5916, -5756, -5744, -5753, -5694, -5592, -5668, -5659, -5705, -5661, -5733, -5793, -5754, -5844, -5769, -5720, -5459, -4849, -4783, -4837, -4713, -4692, -5260, -5173, -4930, -4920, -4977, -4964, -4924, -4881, -4694, -4775, -5280, -5301, -5302, -5264, -5250, -5220, -5229, -5037, -5029, -5009, -4952, -4969, -4800, -4490, -4321, -4162, -4021, -3921, -3922, -4377, -4415, -4272, -4111, -4110, -4172, -3734, -3675, -3680, -3652, -3625, -3415, -3822, -3873, -3555, -3449, -3316, -3163, -3245, -3281, -3284, -3340, -3299, -3266, -3052, -2876, -2469, -2422, -2199, -1989, -2048, -2571, -2542, -2353, -2191, -2141, -2082, -2156, -2267, -2279, -2123, -2583, -2536, -2470, -2414, -2449, -2409, -2504, -2558, -2611, -2544, -2535, -2579, -2560, -2527, -2433, -2258, -1980, -1803, -1731, -1702, -1694, -1497, -1358, -1297, -1040, -1034, -1005, -1002, -865, -727, -683, -756, -748, -665, -951, -794, -498, -496, -428, -406, -395, -309, -174, -128, -107, 17, 39, 74, 225, 292, -155, -201, -237, -240, -249, -288, -286, -264, -359, -307, -290, -217, -156, -79, -37, 
start timestamps: 1734433432234, 1734433432735, 1734433433151, 1734433433638, 1734433434105, 1734433434605, 1734433435139, 1734433435526, 1734433435943, 1734433436405, 1734433436867, 1734433437386, 1734433437895, 1734433438450, 1734433438943, 1734433439472, 1734433439946, 1734433440408, 1734433440887, 1734433441359, 1734433441873, 1734433442400, 1734433443036, 1734433443527, 1734433443984, 1734433444490, 1734433445027, 1734433445566, 1734433446140, 1734433446599, 1734433447153, 1734433447600, 1734433448115, 1734433448600, 1734433449180, 1734433449754, 1734433450233, 1734433450829, 1734433451307, 1734433451803, 1734433452426, 1734433452943, 1734433453531, 1734433454073, 1734433454548, 1734433455080, 1734433456162, 1734433456682, 1734433457179, 1734433457670, 1734433458277, 1734433458842, 1734433459363, 1734433459917, 1734433460394, 1734433460955, 1734433461948, 1734433462446, 1734433462961, 1734433463463, 1734433463944, 1734433464432, 1734433464935, 1734433465395, 1734433466009, 1734433466471, 1734433466998, 1734433467576, 1734433468022, 1734433468471, 1734433469087, 1734433469540, 1734433470099, 1734433470556, 1734433471039, 1734433472012, 1734433472572, 1734433473047, 1734433473499, 1734433473972, 1734433474579, 1734433475032, 1734433475496, 1734433475996, 1734433476531, 1734433476984, 1734433477454, 1734433478387, 1734433478912, 1734433479319, 1734433479727, 1734433480118, 1734433480527, 1734433481088, 1734433481595, 1734433482130, 1734433482716, 1734433483166, 1734433483624, 1734433484038, 1734433484474, 1734433484902, 1734433485348, 1734433485813, 1734433486266, 1734433486808, 1734433487840, 1734433488308, 1734433488752, 1734433489186, 1734433489750, 1734433490305, 1734433490782, 1734433491293, 1734433491705, 1734433492077, 1734433492914, 1734433493368, 1734433493731, 1734433494094, 1734433494586, 1734433494961, 1734433495456, 1734433495963, 1734433496468, 1734433496893, 1734433497262, 1734433497754, 1734433498147, 1734433498546, 1734433498895, 1734433499236, 1734433499583, 1734433499929, 1734433500328, 1734433500683, 1734433501117, 1734433501464, 1734433501845, 1734433502259, 1734433502591, 1734433502920, 1734433503252, 1734433503606, 1734433503936, 1734433504273, 1734433504680, 1734433505132, 1734433505471, 1734433505815, 1734433506497, 1734433506809, 1734433507171, 1734433507549, 1734433507893, 1734433508254, 1734433508649, 1734433508984, 1734433509384, 1734433509827, 1734433510270, 1734433510604, 1734433511006, 1734433511382, 1734433511748, 1734433512121, 1734433512969, 1734433513351, 1734433513747, 1734433514115, 1734433514487, 1734433514949, 1734433515381, 1734433515728, 1734433516177, 1734433516494, 1734433516858, 1734433517215, 1734433517534, 1734433517841, 1734433518145, 
end timestamps: 1734433424871, 1734433425399, 1734433425839, 1734433426315, 1734433426733, 1734433427226, 1734433427819, 1734433428425, 1734433429101, 1734433429788, 1734433430540, 1734433431219, 1734433431867, 1734433432390, 1734433433062, 1734433433565, 1734433434073, 1734433434566, 1734433435178, 1734433435649, 1734433436159, 1734433436618, 1734433437062, 1734433437607, 1734433438068, 1734433438734, 1734433439283, 1734433439813, 1734433440446, 1734433441007, 1734433441485, 1734433441941, 1734433442410, 1734433442939, 1734433443447, 1734433443961, 1734433444479, 1734433444985, 1734433445538, 1734433446083, 1734433446967, 1734433448094, 1734433448748, 1734433449236, 1734433449835, 1734433450388, 1734433450902, 1734433451509, 1734433452249, 1734433452750, 1734433453300, 1734433453878, 1734433454439, 1734433455036, 1734433455700, 1734433456180, 1734433456668, 1734433457145, 1734433457659, 1734433458199, 1734433458694, 1734433459212, 1734433459706, 1734433460358, 1734433460980, 1734433461462, 1734433462046, 1734433462607, 1734433463222, 1734433463981, 1734433464766, 1734433465378, 1734433466078, 1734433466635, 1734433467117, 1734433467635, 1734433468157, 1734433468775, 1734433469388, 1734433469862, 1734433470407, 1734433471298, 1734433471821, 1734433472316, 1734433472879, 1734433473359, 1734433474039, 1734433474565, 1734433475039, 1734433475764, 1734433476278, 1734433476802, 1734433477364, 1734433477843, 1734433478314, 1734433478846, 1734433479376, 1734433479867, 1734433480358, 1734433480986, 1734433481598, 1734433482433, 1734433482926, 1734433483614, 1734433484277, 1734433484760, 1734433485269, 1734433485766, 1734433486399, 1734433486995, 1734433487609, 1734433488223, 1734433488626, 1734433489026, 1734433489426, 1734433489954, 1734433490331, 1734433490832, 1734433491261, 1734433491680, 1734433492137, 1734433492552, 1734433492952, 1734433493405, 1734433493857, 1734433494349, 1734433494727, 1734433495175, 1734433495587, 1734433496019, 1734433496462, 1734433496978, 1734433497603, 1734433498126, 1734433498597, 1734433498981, 1734433499423, 1734433499967, 1734433500487, 1734433500962, 1734433501551, 1734433501886, 1734433502247, 1734433502604, 1734433503071, 1734433503546, 1734433503997, 1734433504376, 1734433504723, 1734433505150, 1734433505546, 1734433506015, 1734433506673, 1734433507053, 1734433507465, 1734433507848, 1734433508254, 1734433508675, 1734433509210, 1734433509699, 1734433510163, 1734433510621, 1734433511045, 1734433511456, 1734433511973, 1734433512413, 1734433512814, 1734433513150, 1734433513510, 1734433513875, 1734433514238, 1734433514661, 1734433515095, 1734433515464, 1734433515818, 1734433516187, 1734433516568, 1734433516998, 1734433517378, 1734433517762, 1734433518108, 
Plugin Outgoing Benchmark | start
size of start timestamps: 213
size of end timestamps: 198
latency: 549, 868, 934, 1024, 885, 1138, 1582, 1874, 2013, 2044, 2491, 3141, 3815, 4405, 4851, 5459, 5942, 6437, 6464, 6080, 5963, 6334, 6336, 6238, 5406, 5813, 6060, 5699, 5401, 5617, 6036, 6029, 5566, 5644, 5655, 5930, 5887, 5656, 5797, 5450, 5688, 6323, 6765, 6906, 7047, 6942, 6492, 5971, 6089, 6607, 6840, 6941, 6504, 5861, 5891, 5359, 5787, 5713, 5667, 5546, 4984, 5410, 5716, 5758, 5781, 6471, 6021, 6491, 5670, 5985, 6587, 6813, 6978, 7125, 7106, 7183, 7222, 6628, 6726, 6970, 7206, 7154, 7098, 6973, 6783, 6357, 6237, 6600, 5903, 5836, 5413, 4887, 4522, 4044, 3744, 4013, 3760, 3806, 4297, 4870, 4616, 4899, 5111, 4851, 4827, 4955, 4198, 3725, 4194, 4422, 4915, 5153, 5763, 6174, 6579, 6588, 6111, 6077, 6050, 5966, 5850, 6121, 6377, 6284, 6313, 6090, 6215, 6152, 5710, 5591, 5550, 5184, 5130, 5134, 5107, 5148, 5114, 5463, 5016, 4572, 4526, 5055, 5196, 5493, 5507, 5112, 5077, 5155, 4760, 4758, 4959, 4703, 5101, 5042, 4779, 4812, 4811, 4986, 5317, 5521, 4943, 4959, 4822, 4949, 5021, 5382, 5164, 5606, 5327, 5362, 5374, 5021, 5009, 5002, 4921, 4532, 4053, 4143, 3838, 4198, 3839, 3847, 3845, 4012, 4327, 4366, 4207, 4272, 4342, 4256, 4285, 4356, 3951, 3645, 3801, 3833, 4207, 4480, 
start timestamps: 1734433424159, 1734433424253, 1734433424625, 1734433424966, 1734433425544, 1734433425805, 1734433426039, 1734433426377, 1734433426734, 1734433427250, 1734433427283, 1734433427339, 1734433427398, 1734433427488, 1734433427589, 1734433427624, 1734433427648, 1734433427734, 1734433428269, 1734433429147, 1734433429772, 1734433429921, 1734433430534, 1734433431248, 1734433432528, 1734433432753, 1734433433086, 1734433433922, 1734433434740, 1734433435107, 1734433435259, 1734433435738, 1734433436720, 1734433437134, 1734433437623, 1734433438080, 1734433438594, 1734433439293, 1734433439623, 1734433440460, 1734433441021, 1734433441335, 1734433441955, 1734433442423, 1734433442864, 1734433443460, 1734433444500, 1734433445552, 1734433445960, 1734433446017, 1734433446291, 1734433446724, 1734433447658, 1734433448786, 1734433449366, 1734433450401, 1734433450456, 1734433450996, 1734433451526, 1734433452262, 1734433453313, 1734433453407, 1734433453720, 1734433454176, 1734433454700, 1734433454701, 1734433455709, 1734433455806, 1734433457156, 1734433457485, 1734433457672, 1734433458214, 1734433458770, 1734433459225, 1734433459723, 1734433460149, 1734433460623, 1734433461744, 1734433462312, 1734433462649, 1734433462932, 1734433463517, 1734433464321, 1734433465058, 1734433465760, 1734433466706, 1734433467341, 1734433467647, 1734433468785, 1734433469315, 1734433470214, 1734433471326, 1734433472308, 1734433473376, 1734433474215, 1734433474403, 1734433475154, 1734433475631, 1734433475779, 1734433475780, 1734433476532, 1734433476961, 1734433477438, 1734433478329, 1734433478917, 1734433479411, 1734433480654, 1734433481609, 1734433481678, 1734433481942, 1734433481942, 1734433482295, 1734433482327, 1734433482360, 1734433482447, 1734433482940, 1734433483812, 1734433484319, 1734433484798, 1734433485302, 1734433485826, 1734433486211, 1734433486367, 1734433486895, 1734433487461, 1734433488236, 1734433488537, 1734433489060, 1734433489872, 1734433490372, 1734433490893, 1734433491680, 1734433492154, 1734433492565, 1734433493042, 1734433493416, 1734433493890, 1734433493917, 1734433494754, 1734433495596, 1734433496029, 1734433496029, 1734433496312, 1734433496446, 1734433496882, 1734433497702, 1734433498154, 1734433498609, 1734433499398, 1734433499802, 1734433499978, 1734433500661, 1734433500662, 1734433501185, 1734433501903, 1734433502248, 1734433502619, 1734433502826, 1734433502869, 1734433503031, 1734433503999, 1734433504378, 1734433504953, 1734433505218, 1734433505557, 1734433505615, 1734433506230, 1734433506305, 1734433507066, 1734433507474, 1734433507858, 1734433508563, 1734433508955, 1734433509326, 1734433509808, 1734433510593, 1734433511438, 1734433511785, 1734433512445, 1734433512446, 1734433513175, 1734433513520, 1734433513872, 1734433514017, 1734433514017, 1734433514339, 1734433514831, 1734433515148, 1734433515471, 1734433515895, 1734433516218, 1734433516648, 1734433517423, 1734433518039, 1734433518207, 1734433518602, 1734433518620, 1734433518642, 1734433518673, 1734433518698, 1734433518805, 1734433519238, 1734433519431, 1734433519858, 1734433520152, 1734433520510, 1734433521032, 1734433521375, 1734433521685, 1734433522014, 1734433522530, 1734433522850, 1734433523130, 
end timestamps: 1734433424708, 1734433425121, 1734433425559, 1734433425990, 1734433426429, 1734433426943, 1734433427621, 1734433428251, 1734433428747, 1734433429294, 1734433429774, 1734433430480, 1734433431213, 1734433431893, 1734433432440, 1734433433083, 1734433433590, 1734433434171, 1734433434733, 1734433435227, 1734433435735, 1734433436255, 1734433436870, 1734433437486, 1734433437934, 1734433438566, 1734433439146, 1734433439621, 1734433440141, 1734433440724, 1734433441295, 1734433441767, 1734433442286, 1734433442778, 1734433443278, 1734433444010, 1734433444481, 1734433444949, 1734433445420, 1734433445910, 1734433446709, 1734433447658, 1734433448720, 1734433449329, 1734433449911, 1734433450402, 1734433450992, 1734433451523, 1734433452049, 1734433452624, 1734433453131, 1734433453665, 1734433454162, 1734433454647, 1734433455257, 1734433455760, 1734433456243, 1734433456709, 1734433457193, 1734433457808, 1734433458297, 1734433458817, 1734433459436, 1734433459934, 1734433460481, 1734433461172, 1734433461730, 1734433462297, 1734433462826, 1734433463470, 1734433464259, 1734433465027, 1734433465748, 1734433466350, 1734433466829, 1734433467332, 1734433467845, 1734433468372, 1734433469038, 1734433469619, 1734433470138, 1734433470671, 1734433471419, 1734433472031, 1734433472543, 1734433473063, 1734433473578, 1734433474247, 1734433474688, 1734433475151, 1734433475627, 1734433476213, 1734433476830, 1734433477420, 1734433477959, 1734433478416, 1734433478914, 1734433479437, 1734433480076, 1734433480650, 1734433481148, 1734433481860, 1734433482549, 1734433483180, 1734433483744, 1734433484366, 1734433484852, 1734433485334, 1734433485872, 1734433486364, 1734433486857, 1734433487448, 1734433488090, 1734433488534, 1734433489026, 1734433489528, 1734433489923, 1734433490396, 1734433490848, 1734433491268, 1734433491676, 1734433492332, 1734433492744, 1734433493179, 1734433493774, 1734433494326, 1734433494752, 1734433495212, 1734433495582, 1734433495963, 1734433496443, 1734433496864, 1734433497284, 1734433497699, 1734433498149, 1734433498564, 1734433499004, 1734433499380, 1734433499770, 1734433500168, 1734433500555, 1734433501084, 1734433501508, 1734433501939, 1734433502389, 1734433502814, 1734433503231, 1734433503764, 1734433504158, 1734433504560, 1734433504937, 1734433505364, 1734433505763, 1734433506227, 1734433506682, 1734433507060, 1734433507430, 1734433507812, 1734433508186, 1734433508552, 1734433508942, 1734433509337, 1734433509775, 1734433510167, 1734433510578, 1734433510997, 1734433511394, 1734433511911, 1734433512393, 1734433512836, 1734433513232, 1734433513584, 1734433513964, 1734433514328, 1734433514729, 1734433515125, 1734433515491, 1734433515928, 1734433516283, 1734433516644, 1734433517014, 1734433517367, 1734433517717, 1734433518029, 1734433518344, 1734433518705, 1734433519038, 1734433519420, 1734433519813, 1734433520151, 1734433520503, 1734433521004, 1734433521374, 1734433521684, 1734433522008, 1734433522435, 1734433522827, 1734433523122, 
Plugin Incoming Benchmark | start
size of start timestamps: 181
size of end timestamps: 186
latency: 621, 655, 637, 516, 931, 546, 581, 639, 717, 794, 815, 705, 663, 657, 692, 837, 566, 663, 688, 551, 1067, 971, 573, 557, 467, 669, 556, 1167, 1203, 664, 944, 934, 917, 563, 484, 525, 535, 1067, 961, 749, 881, -3, 9, 33, 40, 561, 63, 85, 11, 5, 559, 105, 289, 253, -341, 5, -378, 483, 335, 9, 0, 70, -429, -491, -637, -363, -372, -355, -299, -577, -751, -698, -547, -645, -482, -413, -298, -515, 2, -76, 348, 720, 998, 1548, 1895, 1519, 1791, 1584, 1210, 628, 761, 676, 632, 961, 1067, 1093, 1804, 2230, 1806, 1580, 950, 692, -109, -569, -1175, -1342, -951, -957, -976, -1102, -1174, -715, -1127, -402, -492, -469, -84, 38, 56, 410, 473, 424, 485, 459, 479, 56, 399, 863, 852, 439, 286, -19, -266, 1, 4, 8, 412, 226, 6, 170, -523, -368, 15, -4, 10, -247, -681, -971, -1273, -727, -775, -605, -1011, -1126, -1446, -1239, -787, -782, -820, -749, -821, -842, -824, -454, -21, -190, 26, -370, 18, 6, -15, -226, -714, -761, -635, -678, -722, -750, -782, -733, -341, 
start timestamps: 1734433424345, 1734433424889, 1734433425402, 1734433425861, 1734433426319, 1734433426737, 1734433427269, 1734433427823, 1734433428430, 1734433429127, 1734433429792, 1734433430543, 1734433431222, 1734433431871, 1734433432394, 1734433433085, 1734433433569, 1734433434077, 1734433434571, 1734433435187, 1734433435653, 1734433436163, 1734433436622, 1734433437066, 1734433437613, 1734433438071, 1734433438737, 1734433439293, 1734433439818, 1734433440452, 1734433441011, 1734433441489, 1734433441947, 1734433442414, 1734433442976, 1734433443452, 1734433443965, 1734433444485, 1734433444999, 1734433445542, 1734433446087, 1734433446971, 1734433448097, 1734433448753, 1734433449239, 1734433449840, 1734433450393, 1734433450911, 1734433451515, 1734433452257, 1734433452754, 1734433453302, 1734433453887, 1734433454447, 1734433455042, 1734433455704, 1734433456184, 1734433456673, 1734433457150, 1734433457663, 1734433458214, 1734433458700, 1734433459219, 1734433459716, 1734433460360, 1734433460986, 1734433461468, 1734433462099, 1734433462611, 1734433463226, 1734433463985, 1734433464771, 1734433465381, 1734433466081, 1734433466640, 1734433467119, 1734433467639, 1734433468162, 1734433468783, 1734433469391, 1734433469866, 1734433470606, 1734433471310, 1734433471828, 1734433472320, 1734433472884, 1734433473363, 1734433474047, 1734433474570, 1734433475152, 1734433475771, 1734433476285, 1734433476806, 1734433477368, 1734433477850, 1734433478318, 1734433478850, 1734433479379, 1734433479872, 1734433480362, 1734433480992, 1734433481603, 1734433482436, 1734433482929, 1734433483622, 1734433484282, 1734433484763, 1734433485276, 1734433485774, 1734433486404, 1734433487000, 1734433487610, 1734433488228, 1734433488638, 1734433489029, 1734433489529, 1734433489956, 1734433490334, 1734433490837, 1734433491270, 1734433491681, 1734433492141, 1734433492557, 1734433492957, 1734433493411, 1734433493861, 1734433494355, 1734433494733, 1734433495177, 1734433495590, 1734433496026, 1734433496465, 1734433497148, 1734433497701, 1734433498150, 1734433498601, 1734433498986, 1734433499576, 1734433499972, 1734433500491, 1734433501185, 1734433501553, 1734433501888, 1734433502252, 1734433502609, 1734433503073, 1734433503550, 1734433504002, 1734433504379, 1734433504726, 1734433505153, 1734433505558, 1734433506229, 1734433506683, 1734433507061, 1734433507469, 1734433507853, 1734433508256, 1734433508678, 1734433509312, 1734433509776, 1734433510168, 1734433510632, 1734433511047, 1734433511459, 1734433511975, 1734433512419, 1734433512816, 1734433513157, 1734433513514, 1734433513887, 1734433514243, 1734433514731, 1734433515100, 1734433515466, 1734433515826, 1734433516193, 1734433516645, 1734433517000, 1734433517381, 1734433517764, 
end timestamps: 1734433424966, 1734433425544, 1734433426039, 1734433426377, 1734433427250, 1734433427283, 1734433427850, 1734433428462, 1734433429147, 1734433429921, 1734433430607, 1734433431248, 1734433431885, 1734433432528, 1734433433086, 1734433433922, 1734433434135, 1734433434740, 1734433435259, 1734433435738, 1734433436720, 1734433437134, 1734433437195, 1734433437623, 1734433438080, 1734433438740, 1734433439293, 1734433440460, 1734433441021, 1734433441116, 1734433441955, 1734433442423, 1734433442864, 1734433442977, 1734433443460, 1734433443977, 1734433444500, 1734433445552, 1734433445960, 1734433446291, 1734433446968, 1734433446968, 1734433448106, 1734433448786, 1734433449279, 1734433450401, 1734433450456, 1734433450996, 1734433451526, 1734433452262, 1734433453313, 1734433453407, 1734433454176, 1734433454700, 1734433454701, 1734433455709, 1734433455806, 1734433457156, 1734433457485, 1734433457672, 1734433458214, 1734433458770, 1734433458790, 1734433459225, 1734433459723, 1734433460623, 1734433461096, 1734433461744, 1734433462312, 1734433462649, 1734433463234, 1734433464073, 1734433464834, 1734433465436, 1734433466158, 1734433466706, 1734433467341, 1734433467647, 1734433468785, 1734433469315, 1734433470214, 1734433471326, 1734433472308, 1734433473376, 1734433474215, 1734433474403, 1734433475154, 1734433475631, 1734433475780, 1734433475780, 1734433476532, 1734433476961, 1734433477438, 1734433478329, 1734433478917, 1734433479411, 1734433480654, 1734433481609, 1734433481678, 1734433481942, 1734433481942, 1734433482295, 1734433482327, 1734433482360, 1734433482447, 1734433482940, 1734433483812, 1734433484319, 1734433484798, 1734433485302, 1734433485826, 1734433486895, 1734433487101, 1734433488236, 1734433488537, 1734433489060, 1734433489872, 1734433490372, 1734433490893, 1734433491680, 1734433492154, 1734433492565, 1734433493042, 1734433493416, 1734433493890, 1734433493917, 1734433494754, 1734433495596, 1734433496029, 1734433496029, 1734433496312, 1734433496446, 1734433496882, 1734433497702, 1734433498154, 1734433498609, 1734433499398, 1734433499802, 1734433499978, 1734433500661, 1734433500662, 1734433501185, 1734433501903, 1734433502248, 1734433502619, 1734433502826, 1734433502869, 1734433503031, 1734433503106, 1734433503999, 1734433504378, 1734433504953, 1734433505218, 1734433505557, 1734433505615, 1734433506230, 1734433507066, 1734433507474, 1734433507858, 1734433508563, 1734433508955, 1734433509326, 1734433509808, 1734433510593, 1734433511438, 1734433511785, 1734433512445, 1734433512446, 1734433513175, 1734433513520, 1734433513872, 1734433514017, 1734433514017, 1734433514339, 1734433514831, 1734433515148, 1734433515471, 1734433515895, 1734433516218, 1734433516648, 1734433517423, 1734433518039, 1734433518207, 1734433518602, 1734433518620, 1734433518642, 
