
**********************************************************
ConnectDAWs File Logger | only the ConnectionManagerThread will write to this file to avoid blocking calls inside the audio thread.
Log started: 17 Dec 2024 11:54:24am

Network Benchmark | start
size of start timestamps: 166
size of end timestamps: 166
latency: -31209, -30781, -30738, -30855, -30971, -30884, -30797, -30699, -30605, -30509, -30378, -30298, -29906, -29782, -29665, -29431, -29178, -29301, -28908, -28936, -28760, -28695, -28675, -28498, -28372, -28148, -27951, -27701, -27550, -27490, -27355, -27264, -27167, -27183, -27044, -26818, -27000, -26859, -26673, -26597, -26570, -26292, -26176, -26020, -25800, -25603, -25499, -25375, -25167, -25020, -24867, -24708, -24520, -24367, -24257, -24184, -23866, -23661, -23523, -23241, -22814, -22704, -22532, -22231, -22072, -21925, -21620, -21422, -21257, -21034, -20851, -20639, -20429, -20242, -20063, -19836, -19643, -19487, -19314, -19082, -18904, -18713, -18352, -18313, -18135, -17832, -17720, -17567, -17440, -17230, -17076, -16862, -16502, -16287, -16097, -16829, -16643, -16423, -16284, -16096, -15911, -15647, -15393, -15234, -15087, -14666, -14515, -14416, -14295, -14180, -14051, -13919, -13771, -13642, -13473, -13323, -13167, -12662, -12515, -12355, -12206, -12062, -11810, -11801, -11638, -11800, -11634, -11486, -11357, -11413, -11201, -11052, -10879, -10296, -10184, -10290, -10129, -10045, -9918, -9855, -9755, -9633, -9511, -9347, -9232, -9134, -9020, -8828, -8709, -8579, -8458, -8343, -8197, -8082, -7953, -7791, -7666, -7251, -7149, -7047, -6939, -6889, -6784, -6684, -6576, -6430, 
start timestamps: 1734432806861, 1734432807301, 1734432807725, 1734432808312, 1734432808952, 1734432809386, 1734432809768, 1734432810159, 1734432810544, 1734432810937, 1734432811320, 1734432811699, 1734432812533, 1734432812929, 1734432813306, 1734432813724, 1734432814142, 1734432814846, 1734432815406, 1734432815908, 1734432816303, 1734432816694, 1734432817150, 1734432817519, 1734432817915, 1734432818307, 1734432818693, 1734432819088, 1734432819486, 1734432819917, 1734432820302, 1734432820681, 1734432821058, 1734432821591, 1734432821960, 1734432822312, 1734432822997, 1734432823347, 1734432823695, 1734432824155, 1734432824632, 1734432825216, 1734432825606, 1734432825957, 1734432826312, 1734432826652, 1734432827415, 1734432827782, 1734432828155, 1734432828559, 1734432828943, 1734432829314, 1734432829706, 1734432830095, 1734432830471, 1734432830901, 1734432831261, 1734432831651, 1734432832049, 1734432832399, 1734432832777, 1734432833142, 1734432833447, 1734432833758, 1734432834080, 1734432834395, 1734432834708, 1734432835009, 1734432835306, 1734432835611, 1734432835925, 1734432836229, 1734432836533, 1734432836881, 1734432837196, 1734432837499, 1734432837811, 1734432838123, 1734432838428, 1734432838730, 1734432839048, 1734432839345, 1734432839650, 1734432840168, 1734432840493, 1734432840854, 1734432841216, 1734432841569, 1734432841902, 1734432842208, 1734432842513, 1734432842796, 1734432843082, 1734432843394, 1734432843695, 1734432844919, 1734432845240, 1734432845555, 1734432845872, 1734432846181, 1734432846472, 1734432846770, 1734432847084, 1734432847403, 1734432847721, 1734432848073, 1734432848383, 1734432848721, 1734432849021, 1734432849349, 1734432849660, 1734432849948, 1734432850260, 1734432850569, 1734432850881, 1734432851185, 1734432851500, 1734432851788, 1734432852065, 1734432852342, 1734432852623, 1734432852901, 1734432853526, 1734432853939, 1734432854211, 1734432854794, 1734432855068, 1734432855359, 1734432855635, 1734432856173, 1734432856432, 1734432856721, 1734432856999, 1734432857282, 1734432857605, 1734432858083, 1734432858356, 1734432858663, 1734432858949, 1734432859219, 1734432859484, 1734432859700, 1734432859938, 1734432860158, 1734432860389, 1734432860636, 1734432860871, 1734432861096, 1734432861321, 1734432861556, 1734432861779, 1734432861997, 1734432862207, 1734432862425, 1734432862646, 1734432862864, 1734432863081, 1734432863306, 1734432863546, 1734432863777, 1734432864001, 1734432864275, 1734432864513, 1734432864748, 1734432864976, 1734432865208, 
end timestamps: 1734432775652, 1734432776520, 1734432776987, 1734432777457, 1734432777981, 1734432778502, 1734432778971, 1734432779460, 1734432779939, 1734432780428, 1734432780942, 1734432781401, 1734432782627, 1734432783147, 1734432783641, 1734432784293, 1734432784964, 1734432785545, 1734432786498, 1734432786972, 1734432787543, 1734432787999, 1734432788475, 1734432789021, 1734432789543, 1734432790159, 1734432790742, 1734432791387, 1734432791936, 1734432792427, 1734432792947, 1734432793417, 1734432793891, 1734432794408, 1734432794916, 1734432795494, 1734432795997, 1734432796488, 1734432797022, 1734432797558, 1734432798062, 1734432798924, 1734432799430, 1734432799937, 1734432800512, 1734432801049, 1734432801916, 1734432802407, 1734432802988, 1734432803539, 1734432804076, 1734432804606, 1734432805186, 1734432805728, 1734432806214, 1734432806717, 1734432807395, 1734432807990, 1734432808526, 1734432809158, 1734432809963, 1734432810438, 1734432810915, 1734432811527, 1734432812008, 1734432812470, 1734432813088, 1734432813587, 1734432814049, 1734432814577, 1734432815074, 1734432815590, 1734432816104, 1734432816639, 1734432817133, 1734432817663, 1734432818168, 1734432818636, 1734432819114, 1734432819648, 1734432820144, 1734432820632, 1734432821298, 1734432821855, 1734432822358, 1734432823022, 1734432823496, 1734432824002, 1734432824462, 1734432824978, 1734432825437, 1734432825934, 1734432826580, 1734432827107, 1734432827598, 1734432828090, 1734432828597, 1734432829132, 1734432829588, 1734432830085, 1734432830561, 1734432831123, 1734432831691, 1734432832169, 1734432832634, 1734432833407, 1734432833868, 1734432834305, 1734432834726, 1734432835169, 1734432835609, 1734432836029, 1734432836489, 1734432836927, 1734432837408, 1734432837862, 1734432838333, 1734432839126, 1734432839550, 1734432839987, 1734432840417, 1734432840839, 1734432841716, 1734432842138, 1734432842573, 1734432842994, 1734432843434, 1734432843873, 1734432844278, 1734432844760, 1734432845231, 1734432845669, 1734432846120, 1734432846986, 1734432847421, 1734432847793, 1734432848227, 1734432848618, 1734432849031, 1734432849364, 1734432849729, 1734432850067, 1734432850427, 1734432850811, 1734432851157, 1734432851502, 1734432851851, 1734432852268, 1734432852612, 1734432852977, 1734432853321, 1734432853654, 1734432854010, 1734432854343, 1734432854693, 1734432855073, 1734432855415, 1734432856055, 1734432856397, 1734432856730, 1734432857062, 1734432857386, 1734432857729, 1734432858064, 1734432858400, 1734432858778, 
Plugin Outgoing Benchmark | start
size of start timestamps: 212
size of end timestamps: 196
latency: 466, 479, 634, 534, 583, 555, 972, 1365, 1375, 917, 1358, 1450, 1513, 1847, 1838, 2309, 2670, 3168, 3026, 2922, 2886, 3191, 2874, 3504, 3963, 4420, 4848, 5301, 5712, 5695, 5667, 5470, 5501, 5164, 5573, 5433, 5548, 5031, 5225, 4967, 5371, 5616, 5427, 4469, 4407, 4474, 4962, 4495, 4785, 5374, 5801, 5857, 6002, 6003, 6171, 6181, 6111, 5711, 6134, 6284, 6270, 6193, 6275, 6356, 5620, 5974, 5930, 5834, 5774, 6308, 6410, 5918, 5717, 5699, 5958, 6101, 6115, 5128, 5600, 6033, 5594, 6036, 6331, 5446, 5845, 5963, 6247, 5830, 6273, 5846, 5381, 6028, 6428, 6493, 6325, 6276, 6220, 6240, 6328, 6243, 6200, 6462, 6956, 6571, 6808, 6868, 6858, 6884, 6809, 6950, 6600, 6704, 6997, 7011, 7013, 6955, 6241, 6601, 6512, 6447, 6870, 6850, 6999, 7012, 6668, 6555, 6513, 6517, 6399, 5980, 6360, 6482, 6494, 6508, 6255, 6162, 5988, 6398, 6417, 6400, 6401, 6458, 6404, 6456, 6466, 6976, 7032, 6620, 6998, 6975, 6828, 6366, 6704, 6637, 6188, 6491, 6387, 6318, 6235, 6236, 6040, 5916, 5457, 5398, 5612, 5565, 5659, 5507, 5655, 5620, 5592, 5925, 5894, 5552, 5547, 5717, 5440, 5751, 5111, 5432, 5677, 5307, 5618, 5307, 5199, 4869, 4833, 4464, 4113, 4099, 4078, 4174, 4301, 4374, 4574, 4549, 
start timestamps: 1734432774711, 1734432775187, 1734432775526, 1734432776169, 1734432776998, 1734432777501, 1734432777542, 1734432777605, 1734432778073, 1734432779015, 1734432779041, 1734432779452, 1734432779901, 1734432780029, 1734432780518, 1734432780519, 1734432780639, 1734432780639, 1734432781414, 1734432782168, 1734432782672, 1734432782842, 1734432783651, 1734432783711, 1734432783783, 1734432783784, 1734432783848, 1734432783881, 1734432783954, 1734432784472, 1734432785109, 1734432786014, 1734432786516, 1734432787329, 1734432787376, 1734432788011, 1734432788369, 1734432789363, 1734432789671, 1734432790497, 1734432790566, 1734432790803, 1734432791488, 1734432792960, 1734432793527, 1734432793954, 1734432793954, 1734432794903, 1734432795109, 1734432795111, 1734432795185, 1734432795651, 1734432796011, 1734432796501, 1734432796951, 1734432797447, 1734432798021, 1734432798931, 1734432799062, 1734432799447, 1734432799942, 1734432800522, 1734432801004, 1734432801512, 1734432802793, 1734432803048, 1734432803577, 1734432804143, 1734432804686, 1734432804840, 1734432805260, 1734432806221, 1734432806876, 1734432807411, 1734432807674, 1734432808003, 1734432808516, 1734432809976, 1734432809976, 1734432810016, 1734432810929, 1734432811012, 1734432811194, 1734432812597, 1734432812689, 1734432813035, 1734432813264, 1734432814161, 1734432814187, 1734432815119, 1734432816040, 1734432816040, 1734432816111, 1734432816525, 1734432817194, 1734432817689, 1734432818194, 1734432818649, 1734432819012, 1734432819554, 1734432820173, 1734432820474, 1734432820474, 1734432821341, 1734432821597, 1734432822089, 1734432822578, 1734432823035, 1734432823575, 1734432823978, 1734432824892, 1734432825286, 1734432825450, 1734432825893, 1734432826418, 1734432826951, 1734432828097, 1734432828140, 1734432828652, 1734432829151, 1734432829151, 1734432829642, 1734432829935, 1734432830394, 1734432831158, 1734432831703, 1734432832175, 1734432832623, 1734432833156, 1734432834000, 1734432834048, 1734432834341, 1734432834749, 1734432835205, 1734432835863, 1734432836392, 1734432836987, 1734432837014, 1734432837426, 1734432837836, 1734432838291, 1734432838698, 1734432839185, 1734432839586, 1734432840061, 1734432840062, 1734432840429, 1734432841257, 1734432841325, 1734432841716, 1734432842208, 1734432843005, 1734432843035, 1734432843445, 1734432844249, 1734432844327, 1734432844775, 1734432845188, 1734432845611, 1734432846044, 1734432846582, 1734432847047, 1734432847839, 1734432848237, 1734432848395, 1734432848801, 1734432849039, 1734432849554, 1734432849742, 1734432850110, 1734432850470, 1734432850471, 1734432850840, 1734432851510, 1734432851849, 1734432852021, 1734432852616, 1734432852643, 1734432853666, 1734432853669, 1734432853716, 1734432854379, 1734432854404, 1734432855010, 1734432855410, 1734432856064, 1734432856407, 1734432857073, 1734432857741, 1734432858066, 1734432858397, 1734432858610, 1734432858784, 1734432859006, 1734432859109, 1734432859437, 1734432859467, 1734432859772, 1734432860023, 1734432860304, 1734432860616, 1734432860616, 1734432861165, 1734432861322, 1734432861545, 1734432862143, 1734432862188, 1734432862479, 1734432862784, 1734432863283, 1734432863388, 1734432863954, 
end timestamps: 1734432775177, 1734432775666, 1734432776160, 1734432776703, 1734432777581, 1734432778056, 1734432778514, 1734432778970, 1734432779448, 1734432779932, 1734432780399, 1734432780902, 1734432781414, 1734432781876, 1734432782356, 1734432782828, 1734432783309, 1734432783807, 1734432784440, 1734432785090, 1734432785558, 1734432786033, 1734432786525, 1734432787215, 1734432787746, 1734432788204, 1734432788696, 1734432789182, 1734432789666, 1734432790167, 1734432790776, 1734432791484, 1734432792017, 1734432792493, 1734432792949, 1734432793444, 1734432793917, 1734432794394, 1734432794896, 1734432795464, 1734432795937, 1734432796419, 1734432796915, 1734432797429, 1734432797934, 1734432798428, 1734432798916, 1734432799398, 1734432799894, 1734432800485, 1734432800986, 1734432801508, 1734432802013, 1734432802504, 1734432803122, 1734432803628, 1734432804132, 1734432804642, 1734432805196, 1734432805731, 1734432806212, 1734432806715, 1734432807279, 1734432807868, 1734432808413, 1734432809022, 1734432809507, 1734432809977, 1734432810460, 1734432811148, 1734432811670, 1734432812139, 1734432812593, 1734432813110, 1734432813632, 1734432814104, 1734432814631, 1734432815104, 1734432815576, 1734432816049, 1734432816523, 1734432817048, 1734432817525, 1734432818043, 1734432818534, 1734432818998, 1734432819511, 1734432819991, 1734432820460, 1734432820965, 1734432821421, 1734432822068, 1734432822539, 1734432823018, 1734432823519, 1734432823965, 1734432824414, 1734432824889, 1734432825340, 1734432825797, 1734432826373, 1734432826936, 1734432827430, 1734432827912, 1734432828405, 1734432828957, 1734432829436, 1734432829919, 1734432830384, 1734432830928, 1734432831492, 1734432831990, 1734432832447, 1734432832904, 1734432833431, 1734432833906, 1734432834338, 1734432834741, 1734432835164, 1734432835598, 1734432836021, 1734432836492, 1734432836934, 1734432837406, 1734432837826, 1734432838258, 1734432838688, 1734432839140, 1734432839555, 1734432839980, 1734432840408, 1734432840823, 1734432841243, 1734432841713, 1734432842118, 1734432842554, 1734432842975, 1734432843412, 1734432843843, 1734432844236, 1734432844692, 1734432845156, 1734432845589, 1734432846042, 1734432846527, 1734432847038, 1734432847461, 1734432847877, 1734432848323, 1734432848691, 1734432849036, 1734432849371, 1734432849739, 1734432850082, 1734432850437, 1734432850818, 1734432851162, 1734432851506, 1734432851846, 1734432852280, 1734432852622, 1734432852963, 1734432853296, 1734432853635, 1734432854007, 1734432854366, 1734432854698, 1734432855061, 1734432855397, 1734432855730, 1734432856062, 1734432856396, 1734432856734, 1734432857062, 1734432857396, 1734432857738, 1734432858056, 1734432858394, 1734432858777, 1734432859101, 1734432859393, 1734432859686, 1734432860022, 1734432860317, 1734432860609, 1734432860933, 1734432861240, 1734432861537, 1734432861854, 1734432862165, 1734432862475, 1734432862784, 1734432863085, 1734432863380, 1734432863683, 1734432863986, 
Plugin Incoming Benchmark | start
size of start timestamps: 166
size of end timestamps: 172
latency: 991, 948, 978, 551, 593, 978, 530, 926, 567, 544, 983, 1223, 496, 988, 561, 658, 813, 923, 493, 826, 1028, 824, 666, 855, 647, 829, 636, 697, 557, 1013, 1033, 1003, 535, 985, 696, 186, 134, 1, 9, 0, 36, -250, -23, 1, 0, 3, 92, 12, 370, 14, 34, 42, 43, 70, 488, 655, 548, 259, 7, 373, 467, 9, -428, 8, -519, -445, 3, -402, -327, -460, -425, -517, -477, -71, -531, -404, -493, -498, -446, -469, -357, 15, -350, -829, -1031, -1200, -1161, -942, -973, -955, -984, -548, -726, -1137, -1078, -989, -859, -545, -1014, -945, -939, -1442, -1492, -1300, -1551, -1751, -1707, -1699, -1151, -1332, -1174, -1270, -1282, -1286, -1068, -1028, -904, -1676, -1704, -1661, -1293, -1245, -1659, -1657, -2078, -2146, -1750, -1721, -1667, -1320, -1739, -1789, -1425, -2195, -2214, -1813, -1751, -1709, -1694, -1194, -1532, -1494, -1282, -1399, -1260, -1420, -1394, -1382, -1800, -1775, -1475, -1474, -1634, -1736, -1733, -1031, -1406, -2015, -1684, -1996, -1726, -1654, -1333, -1331, -994, -661, 
start timestamps: 1734432775178, 1734432776050, 1734432776523, 1734432776991, 1734432777480, 1734432778037, 1734432778511, 1734432778975, 1734432779462, 1734432779974, 1734432780431, 1734432780945, 1734432782176, 1734432782663, 1734432783150, 1734432783643, 1734432784296, 1734432785091, 1734432786023, 1734432786503, 1734432786983, 1734432787545, 1734432788003, 1734432788508, 1734432789024, 1734432789668, 1734432790167, 1734432790745, 1734432791390, 1734432791947, 1734432792494, 1734432792951, 1734432793419, 1734432793918, 1734432794413, 1734432794925, 1734432795517, 1734432796010, 1734432796492, 1734432797064, 1734432797568, 1734432798448, 1734432798954, 1734432799446, 1734432799942, 1734432800519, 1734432801420, 1734432801920, 1734432802423, 1734432803034, 1734432803543, 1734432804101, 1734432804643, 1734432805190, 1734432805733, 1734432806221, 1734432806863, 1734432807415, 1734432807996, 1734432808529, 1734432809509, 1734432809967, 1734432810444, 1734432810921, 1734432811531, 1734432812018, 1734432812594, 1734432813091, 1734432813591, 1734432814059, 1734432814586, 1734432815105, 1734432815596, 1734432816111, 1734432816642, 1734432817188, 1734432817687, 1734432818187, 1734432818640, 1734432819118, 1734432819659, 1734432820158, 1734432820824, 1734432821303, 1734432821859, 1734432822541, 1734432823026, 1734432823520, 1734432824008, 1734432824530, 1734432824993, 1734432825440, 1734432826012, 1734432826587, 1734432827120, 1734432827614, 1734432828098, 1734432828642, 1734432829154, 1734432829597, 1734432830090, 1734432830593, 1734432831134, 1734432831694, 1734432832173, 1734432832909, 1734432833410, 1734432833874, 1734432834307, 1734432834742, 1734432835174, 1734432835611, 1734432836031, 1734432836491, 1734432836931, 1734432837420, 1734432837891, 1734432838690, 1734432839130, 1734432839552, 1734432839991, 1734432840430, 1734432841245, 1734432841718, 1734432842140, 1734432842575, 1734432843007, 1734432843437, 1734432843875, 1734432844325, 1734432844774, 1734432845234, 1734432845674, 1734432846522, 1734432846989, 1734432847424, 1734432847795, 1734432848231, 1734432848691, 1734432849033, 1734432849372, 1734432849732, 1734432850083, 1734432850438, 1734432850814, 1734432851162, 1734432851504, 1734432851852, 1734432852271, 1734432852615, 1734432852985, 1734432853323, 1734432853655, 1734432854013, 1734432854349, 1734432854697, 1734432855075, 1734432855731, 1734432856063, 1734432856400, 1734432856736, 1734432857064, 1734432857397, 1734432857738, 1734432858067, 1734432858402, 
end timestamps: 1734432776169, 1734432776998, 1734432777501, 1734432777542, 1734432778073, 1734432779015, 1734432779041, 1734432779901, 1734432780029, 1734432780518, 1734432781414, 1734432782168, 1734432782672, 1734432783651, 1734432783711, 1734432784301, 1734432785109, 1734432786014, 1734432786516, 1734432787329, 1734432788011, 1734432788369, 1734432788669, 1734432789363, 1734432789671, 1734432790497, 1734432790803, 1734432791442, 1734432791947, 1734432792960, 1734432793527, 1734432793954, 1734432793954, 1734432794903, 1734432795109, 1734432795111, 1734432795651, 1734432796011, 1734432796501, 1734432797064, 1734432797604, 1734432798198, 1734432798931, 1734432799447, 1734432799942, 1734432800522, 1734432801512, 1734432801932, 1734432802793, 1734432803048, 1734432803577, 1734432804143, 1734432804686, 1734432805260, 1734432806221, 1734432806876, 1734432807411, 1734432807674, 1734432808003, 1734432808902, 1734432809976, 1734432809976, 1734432810016, 1734432810929, 1734432811012, 1734432811573, 1734432812597, 1734432812689, 1734432813264, 1734432813599, 1734432814161, 1734432814588, 1734432815119, 1734432816040, 1734432816111, 1734432816784, 1734432817194, 1734432817689, 1734432818194, 1734432818649, 1734432819302, 1734432820173, 1734432820474, 1734432820474, 1734432820828, 1734432821341, 1734432821865, 1734432822578, 1734432823035, 1734432823575, 1734432824009, 1734432824892, 1734432825286, 1734432825450, 1734432826042, 1734432826625, 1734432827239, 1734432828097, 1734432828140, 1734432828652, 1734432829151, 1734432829151, 1734432829642, 1734432830394, 1734432830622, 1734432831158, 1734432831703, 1734432832175, 1734432833156, 1734432833410, 1734432834000, 1734432834341, 1734432834749, 1734432835205, 1734432835863, 1734432836392, 1734432836987, 1734432837014, 1734432837426, 1734432837891, 1734432838698, 1734432839185, 1734432839586, 1734432840061, 1734432840062, 1734432840429, 1734432841257, 1734432841716, 1734432842208, 1734432843005, 1734432843035, 1734432843445, 1734432844249, 1734432844327, 1734432844775, 1734432845611, 1734432846044, 1734432846522, 1734432846997, 1734432847839, 1734432847840, 1734432848238, 1734432848801, 1734432849039, 1734432849554, 1734432849742, 1734432850110, 1734432850470, 1734432850471, 1734432850840, 1734432851510, 1734432851849, 1734432852021, 1734432852277, 1734432852616, 1734432853666, 1734432853669, 1734432853716, 1734432854379, 1734432854404, 1734432855010, 1734432855410, 1734432856064, 1734432856407, 1734432857073, 1734432857741, 1734432858066, 1734432858397, 1734432858610, 1734432858784, 1734432859006, 1734432859109, 
