
**********************************************************
ConnectDAWs File Logger | only the ConnectionManagerThread will write to this file to avoid blocking calls inside the audio thread.
Log started: 17 Dec 2024 12:37:42pm

Network Benchmark | start
size of start timestamps: 202
size of end timestamps: 202
latency: -36882, -36836, -36772, -36932, -36550, -36675, -36639, -36590, -36578, -36081, -36135, -36079, -36177, -36158, -35990, -35850, -35744, -35630, -35497, -35352, -35232, -34971, -34863, -34767, -34672, -34540, -34438, -34397, -34282, -34158, -33870, -33728, -33608, -33534, -33407, -33283, -33165, -33055, -32937, -32840, -32732, -32615, -32494, -32383, -32210, -32066, -31765, -31629, -31476, -31460, -31222, -31036, -30558, -30530, -30378, -30203, -30054, -29126, -28950, -28765, -28548, -28350, -28272, -28104, -27944, -28013, -27865, -27567, -26996, -26407, -26483, -26078, -26010, -25448, -25336, -25322, -24865, -24891, -24875, -24726, -24653, -24196, -24344, -24219, -24125, -23771, -23695, -23490, -23374, -23293, -23180, -22734, -22368, -22257, -21918, -21822, -21965, -21838, -21719, -21552, -21418, -21281, -21164, -21024, -20877, -21007, -19971, -19951, -19844, -19738, -19588, -19605, -19530, -19411, -19438, -19316, -19095, -18643, -18443, -18362, -17804, -17716, -17668, -17458, -17205, -17071, -16903, -16782, -16628, -16203, -15808, -15198, -15423, -14843, -14523, -14482, -14502, -14418, -14081, -13716, -13673, -13536, -13366, -12743, -12557, -12371, -12005, -11812, -11336, -11209, -10888, -10519, -10376, -10247, -10080, -9924, -9482, -9286, -8909, -8721, -8253, -8242, -8066, -7857, -7681, -7139, -6933, -6822, -6615, -6427, -6241, -6066, -5751, -5397, -4825, -4615, -4416, -4195, -3901, -3368, -3133, -2974, -2994, -2578, -2342, -1527, -1335, -1237, -1069, -1104, -896, -487, -292, 219, 223, 698, 873, 1097, 1322, 1839, 1823, 2019, 
start timestamps: 1734435389305, 1734435389566, 1734435390096, 1734435390635, 1734435390906, 1734435391351, 1734435391631, 1734435391907, 1734435392357, 1734435393159, 1734435393550, 1734435393834, 1734435394260, 1734435394614, 1734435394897, 1734435395381, 1734435395643, 1734435395895, 1734435396150, 1734435396401, 1734435396647, 1734435396897, 1734435397169, 1734435397454, 1734435397742, 1734435398034, 1734435398326, 1734435398666, 1734435398934, 1734435399192, 1734435399479, 1734435399767, 1734435400070, 1734435400374, 1734435400633, 1734435400898, 1734435401152, 1734435401414, 1734435401672, 1734435401937, 1734435402195, 1734435402449, 1734435402702, 1734435402957, 1734435403222, 1734435403480, 1734435403750, 1734435404003, 1734435404244, 1734435404695, 1734435404927, 1734435405169, 1734435405471, 1734435405836, 1734435406062, 1734435406360, 1734435406601, 1734435406822, 1734435407044, 1734435407272, 1734435407502, 1734435407743, 1734435408081, 1734435408317, 1734435408545, 1734435409009, 1734435409271, 1734435409721, 1734435410205, 1734435410720, 1734435411390, 1734435412023, 1734435412322, 1734435412829, 1734435413088, 1734435413442, 1734435413724, 1734435414105, 1734435414472, 1734435414729, 1734435415023, 1734435415271, 1734435415789, 1734435416043, 1734435416303, 1734435417234, 1734435417518, 1734435417765, 1734435418013, 1734435418307, 1734435418560, 1734435418818, 1734435419070, 1734435419331, 1734435419570, 1734435419861, 1734435420389, 1734435420658, 1734435420946, 1734435421224, 1734435421496, 1734435421764, 1734435422043, 1734435422483, 1734435422801, 1734435423344, 1734435423901, 1734435424279, 1734435424570, 1734435424870, 1734435425143, 1734435425570, 1734435425908, 1734435426186, 1734435426806, 1734435427076, 1734435427395, 1734435428180, 1734435428455, 1734435428823, 1734435429385, 1734435430017, 1734435430436, 1734435430843, 1734435431457, 1734435431770, 1734435432087, 1734435432418, 1734435432766, 1734435433280, 1734435433726, 1734435434635, 1734435435525, 1734435435909, 1734435436234, 1734435436634, 1734435437086, 1734435437715, 1734435438332, 1734435438664, 1734435439207, 1734435439528, 1734435439831, 1734435440637, 1734435440973, 1734435441248, 1734435441539, 1734435441819, 1734435442109, 1734435442445, 1734435443028, 1734435443565, 1734435443878, 1734435444186, 1734435444464, 1734435444743, 1734435445552, 1734435445844, 1734435446390, 1734435446668, 1734435446940, 1734435447397, 1734435447677, 1734435447951, 1734435448236, 1734435448602, 1734435448857, 1734435449289, 1734435449533, 1734435449776, 1734435450025, 1734435450302, 1734435450783, 1734435451175, 1734435451648, 1734435451916, 1734435452173, 1734435452427, 1734435452677, 1734435453078, 1734435453317, 1734435453570, 1734435454042, 1734435454290, 1734435454538, 1734435454940, 1734435455207, 1734435455551, 1734435455789, 1734435456263, 1734435456742, 1734435457207, 1734435457424, 1734435457666, 1734435458100, 1734435458435, 1734435458658, 1734435458878, 1734435459108, 1734435459335, 1734435459764, 1734435459989, 
end timestamps: 1734435352423, 1734435352730, 1734435353324, 1734435353703, 1734435354356, 1734435354676, 1734435354992, 1734435355317, 1734435355779, 1734435357078, 1734435357415, 1734435357755, 1734435358083, 1734435358456, 1734435358907, 1734435359531, 1734435359899, 1734435360265, 1734435360653, 1734435361049, 1734435361415, 1734435361926, 1734435362306, 1734435362687, 1734435363070, 1734435363494, 1734435363888, 1734435364269, 1734435364652, 1734435365034, 1734435365609, 1734435366039, 1734435366462, 1734435366840, 1734435367226, 1734435367615, 1734435367987, 1734435368359, 1734435368735, 1734435369097, 1734435369463, 1734435369834, 1734435370208, 1734435370574, 1734435371012, 1734435371414, 1734435371985, 1734435372374, 1734435372768, 1734435373235, 1734435373705, 1734435374133, 1734435374913, 1734435375306, 1734435375684, 1734435376157, 1734435376547, 1734435377696, 1734435378094, 1734435378507, 1734435378954, 1734435379393, 1734435379809, 1734435380213, 1734435380601, 1734435380996, 1734435381406, 1734435382154, 1734435383209, 1734435384313, 1734435384907, 1734435385945, 1734435386312, 1734435387381, 1734435387752, 1734435388120, 1734435388859, 1734435389214, 1734435389597, 1734435390003, 1734435390370, 1734435391075, 1734435391445, 1734435391824, 1734435392178, 1734435393463, 1734435393823, 1734435394275, 1734435394639, 1734435395014, 1734435395380, 1734435396084, 1734435396702, 1734435397074, 1734435397652, 1734435398039, 1734435398424, 1734435398820, 1734435399227, 1734435399672, 1734435400078, 1734435400483, 1734435400879, 1734435401459, 1734435401924, 1734435402337, 1734435403930, 1734435404328, 1734435404726, 1734435405132, 1734435405555, 1734435405965, 1734435406378, 1734435406775, 1734435407368, 1734435407760, 1734435408300, 1734435409537, 1734435410012, 1734435410461, 1734435411581, 1734435412301, 1734435412768, 1734435413385, 1734435414252, 1734435414699, 1734435415184, 1734435415636, 1734435416138, 1734435417077, 1734435417918, 1734435419437, 1734435420102, 1734435421066, 1734435421711, 1734435422152, 1734435422584, 1734435423297, 1734435424251, 1734435424948, 1734435425534, 1734435425992, 1734435426465, 1734435427894, 1734435428416, 1734435428877, 1734435429534, 1734435430007, 1734435430773, 1734435431236, 1734435432140, 1734435433046, 1734435433502, 1734435433939, 1734435434384, 1734435434819, 1734435436070, 1734435436558, 1734435437481, 1734435437947, 1734435438687, 1734435439155, 1734435439611, 1734435440094, 1734435440555, 1734435441463, 1734435441924, 1734435442467, 1734435442918, 1734435443349, 1734435443784, 1734435444236, 1734435445032, 1734435445778, 1734435446823, 1734435447301, 1734435447757, 1734435448232, 1734435448776, 1734435449710, 1734435450184, 1734435450596, 1734435451048, 1734435451712, 1734435452196, 1734435453413, 1734435453872, 1734435454314, 1734435454720, 1734435455159, 1734435455846, 1734435456720, 1734435457132, 1734435457885, 1734435458323, 1734435459133, 1734435459531, 1734435459975, 1734435460430, 1734435461174, 1734435461587, 1734435462008, 
Plugin Outgoing Benchmark | start
size of start timestamps: 242
size of end timestamps: 236
latency: 444, 496, 305, 311, 360, 323, 631, 655, 503, 434, 438, 316, 373, 586, 826, 1102, 1000, 986, 785, 1058, 1413, 1112, 1017, 1118, 1171, 1180, 1167, 1128, 1212, 1164, 1424, 1184, 874, 1155, 1518, 1709, 1707, 1701, 1680, 1548, 1842, 1727, 1789, 1502, 1489, 1383, 1380, 1383, 1110, 1171, 764, 997, 957, 1184, 846, 908, 885, 910, 816, 796, 1568, 813, 1135, 1490, 1898, 1934, 1629, 1278, 1274, 1642, 1602, 1633, 1609, 1783, 1845, 1601, 1315, 1527, 1757, 1639, 1959, 1940, 1868, 1459, 1660, 1629, 1988, 1539, 1868, 2148, 2147, 2199, 2172, 1826, 1827, 1811, 2025, 1848, 1672, 1498, 1604, 1890, 1681, 1418, 1250, 1113, 1366, 1940, 2443, 1943, 1963, 2240, 3033, 3355, 2810, 2257, 1791, 1806, 1669, 2062, 2045, 1980, 1585, 1779, 1808, 2176, 2202, 2032, 1815, 1706, 1837, 2641, 2584, 2682, 1685, 1844, 1940, 2009, 1827, 2008, 1970, 2351, 2664, 2462, 2690, 2009, 2434, 2522, 2700, 3096, 3414, 3799, 4272, 4760, 5088, 5022, 4942, 4073, 4299, 4637, 3711, 3992, 4359, 4809, 5232, 5662, 5815, 5503, 5486, 4942, 4595, 3968, 4354, 4792, 4637, 4868, 5169, 4884, 4307, 3831, 4257, 4594, 3749, 3771, 3523, 3662, 3347, 4011, 3627, 3520, 3765, 2504, 2489, 2662, 2340, 2307, 3242, 3546, 3511, 3578, 3722, 3306, 4257, 4791, 4362, 3888, 3799, 3039, 3046, 3197, 3333, 3874, 3388, 4297, 4148, 4007, 3742, 3719, 3808, 3809, 4151, 3773, 4022, 3107, 3250, 2461, 2473, 2454, 2832, 3211, 3262, 3586, 3313, 3082, 3240, 3513, 
start timestamps: 1734435351666, 1734435351923, 1734435352427, 1734435352740, 1734435353012, 1734435353385, 1734435353385, 1734435353700, 1734435354170, 1734435355001, 1734435355326, 1734435355771, 1734435356042, 1734435356145, 1734435356259, 1734435356309, 1734435356743, 1734435357085, 1734435357653, 1734435357753, 1734435357753, 1734435358450, 1734435358915, 1734435359169, 1734435359539, 1734435359910, 1734435360289, 1734435360695, 1734435360976, 1734435361423, 1734435361637, 1734435362317, 1734435363079, 1734435363178, 1734435363201, 1734435363506, 1734435363899, 1734435364336, 1734435364721, 1734435365227, 1734435365312, 1734435365799, 1734435366118, 1734435366776, 1734435367157, 1734435367625, 1734435367988, 1734435368369, 1734435369011, 1734435369409, 1734435370210, 1734435370583, 1734435371020, 1734435371191, 1734435371986, 1734435372424, 1734435372868, 1734435373244, 1734435373714, 1734435374134, 1734435374539, 1734435375685, 1734435375751, 1734435375798, 1734435375798, 1734435376167, 1734435376896, 1734435377705, 1734435378132, 1734435378186, 1734435378631, 1734435378985, 1734435379404, 1734435379623, 1734435379967, 1734435380614, 1734435381285, 1734435381497, 1734435381663, 1734435382163, 1734435382228, 1734435382609, 1734435383037, 1734435383805, 1734435383942, 1734435384324, 1734435384359, 1734435385147, 1734435385154, 1734435385229, 1734435385613, 1734435385953, 1734435386323, 1734435387024, 1734435387380, 1734435387762, 1734435387957, 1734435388496, 1734435389040, 1734435389575, 1734435389836, 1734435389963, 1734435390723, 1734435391487, 1734435392050, 1734435392559, 1734435392913, 1734435393058, 1734435393058, 1734435393918, 1734435394355, 1734435395028, 1734435395389, 1734435395935, 1734435396891, 1734435398041, 1734435398897, 1734435399302, 1734435399883, 1734435400268, 1734435400699, 1734435401142, 1734435401933, 1734435402146, 1734435402511, 1734435402576, 1734435403124, 1734435403699, 1734435404340, 1734435404879, 1734435405144, 1734435405644, 1734435406160, 1734435406465, 1734435407909, 1734435408367, 1734435408752, 1734435409108, 1734435409756, 1734435410021, 1734435410500, 1734435410564, 1734435410694, 1734435411416, 1734435411632, 1734435412770, 1734435412809, 1734435413156, 1734435413432, 1734435413536, 1734435413651, 1734435413684, 1734435413685, 1734435413721, 1734435413807, 1734435414332, 1734435414847, 1734435416142, 1734435416336, 1734435416441, 1734435417788, 1734435417955, 1734435418022, 1734435418023, 1734435418074, 1734435418084, 1734435418393, 1734435419226, 1734435419686, 1734435420688, 1734435421502, 1734435422596, 1734435422656, 1734435422657, 1734435423307, 1734435423601, 1734435423758, 1734435424501, 1734435425546, 1734435426479, 1734435426545, 1734435426658, 1734435427948, 1734435428371, 1734435429075, 1734435429558, 1734435430323, 1734435431245, 1734435432151, 1734435432743, 1734435433084, 1734435434820, 1734435435293, 1734435435580, 1734435436367, 1734435436858, 1734435436859, 1734435437009, 1734435437495, 1734435437892, 1734435438702, 1734435439623, 1734435439976, 1734435440105, 1734435441008, 1734435441934, 1734435442477, 1734435443786, 1734435444251, 1734435444575, 1734435445041, 1734435445373, 1734435446358, 1734435446702, 1734435447311, 1734435447905, 1734435448804, 1734435449258, 1734435450195, 1734435450639, 1734435451266, 1734435452068, 1734435452248, 1734435453558, 1734435453813, 1734435454999, 1734435455418, 1734435455855, 1734435455879, 1734435455912, 1734435456269, 1734435456359, 1734435457073, 1734435457703, 1734435457939, 1734435458072, 1734435458898, 1734435459532, 1734435459783, 1734435459981, 1734435459981, 1734435460015, 
end timestamps: 1734435352110, 1734435352419, 1734435352732, 1734435353051, 1734435353372, 1734435353708, 1734435354016, 1734435354355, 1734435354673, 1734435355435, 1734435355764, 1734435356087, 1734435356415, 1734435356731, 1734435357085, 1734435357411, 1734435357743, 1734435358071, 1734435358438, 1734435358811, 1734435359166, 1734435359562, 1734435359932, 1734435360287, 1734435360710, 1734435361090, 1734435361456, 1734435361823, 1734435362188, 1734435362587, 1734435363061, 1734435363501, 1734435363953, 1734435364333, 1734435364719, 1734435365215, 1734435365606, 1734435366037, 1734435366401, 1734435366775, 1734435367154, 1734435367526, 1734435367907, 1734435368278, 1734435368646, 1734435369008, 1734435369368, 1734435369752, 1734435370121, 1734435370580, 1734435370974, 1734435371580, 1734435371977, 1734435372375, 1734435372832, 1734435373332, 1734435373753, 1734435374154, 1734435374530, 1734435374930, 1734435376107, 1734435376498, 1734435376886, 1734435377288, 1734435377696, 1734435378101, 1734435378525, 1734435378983, 1734435379406, 1734435379828, 1734435380233, 1734435380618, 1734435381013, 1734435381406, 1734435381812, 1734435382215, 1734435382600, 1734435383024, 1734435383420, 1734435383802, 1734435384187, 1734435384549, 1734435384905, 1734435385264, 1734435385602, 1734435385953, 1734435386347, 1734435386686, 1734435387022, 1734435387377, 1734435387760, 1734435388152, 1734435388495, 1734435388850, 1734435389207, 1734435389573, 1734435389982, 1734435390344, 1734435390712, 1734435391073, 1734435391440, 1734435391853, 1734435392404, 1734435392905, 1734435393300, 1734435393672, 1734435394279, 1734435394998, 1734435395501, 1734435395861, 1734435396318, 1734435397268, 1734435398422, 1734435399290, 1734435399701, 1734435400298, 1734435400688, 1734435401108, 1734435401552, 1734435402330, 1734435402744, 1734435403122, 1734435403518, 1734435403925, 1734435404319, 1734435404752, 1734435405326, 1734435405731, 1734435406155, 1734435406585, 1734435406981, 1734435408285, 1734435408744, 1734435409147, 1734435409594, 1734435410211, 1734435410692, 1734435411117, 1734435411583, 1734435412029, 1734435412470, 1734435412915, 1734435413358, 1734435413878, 1734435414322, 1734435414779, 1734435415243, 1734435415678, 1734435416132, 1734435416632, 1734435417065, 1734435417483, 1734435417957, 1734435418481, 1734435418895, 1734435419354, 1734435419789, 1734435420215, 1734435420635, 1734435421078, 1734435421499, 1734435421947, 1734435422381, 1734435422832, 1734435423306, 1734435423746, 1734435424208, 1734435424729, 1734435425172, 1734435425630, 1734435426097, 1734435426564, 1734435427010, 1734435427449, 1734435427944, 1734435428469, 1734435428927, 1734435429385, 1734435429853, 1734435430310, 1734435430802, 1734435431252, 1734435431697, 1734435432142, 1734435432598, 1734435433220, 1734435433670, 1734435435256, 1734435435778, 1734435436263, 1734435436849, 1734435437324, 1734435437782, 1734435438242, 1734435438707, 1734435439165, 1734435440101, 1734435440555, 1734435441006, 1734435441470, 1734435442424, 1734435442929, 1734435444233, 1734435444896, 1734435445370, 1734435445822, 1734435446276, 1734435446825, 1734435447297, 1734435447772, 1734435448374, 1734435449247, 1734435449746, 1734435450999, 1734435451459, 1734435451912, 1734435452546, 1734435452977, 1734435454003, 1734435454448, 1734435455417, 1734435455841, 1734435456270, 1734435456665, 1734435457063, 1734435457460, 1734435457891, 1734435458309, 1734435458711, 1734435459123, 1734435459531, 1734435459945, 1734435460386, 1734435460785, 1734435461179, 1734435461585, 
Plugin Incoming Benchmark | start
size of start timestamps: 202
size of end timestamps: 202
latency: 310, 313, 371, 792, 977, 968, 1092, 1047, 709, 353, 562, 1032, 1154, 1076, 989, 742, 747, 792, 685, 734, 584, 766, 1151, 868, 503, 433, 393, 445, 447, 572, 582, 504, 665, 691, 780, 758, 750, 1020, 1046, 1472, 1482, 1554, 1347, 1773, 1845, 1853, 1658, 1727, 1750, 1706, 2387, 2010, 1266, 882, 859, 1150, 1538, 834, 487, 530, 458, 420, 226, 154, 397, 679, 489, -96, -640, -137, -231, -456, -8, -700, 375, 200, -5, 180, 336, 237, 717, 773, 971, 1105, 1085, 7, -410, -4, 77, 386, 373, 225, 572, 1337, 1628, 1647, 1841, 1842, 1877, 1852, 2259, 2064, 2024, 1522, 1569, 1749, 816, 947, 813, 911, 1020, 899, 1941, 1986, 1770, 1726, 1855, 925, 960, 548, -425, -436, -704, -178, -1012, -827, -388, -347, 445, -297, -1044, -1236, -1718, -950, -587, -218, 440, -177, -1127, -1197, -586, 8, 467, -906, -1288, -472, 11, 17, 8, 448, 451, 144, 33, 1316, 1349, 1192, 800, 765, -138, -478, -758, -810, -459, 8, -124, -902, -463, 6, 7, 864, 898, 782, 455, 51, 0, -125, 7, 127, 464, 9, 448, 450, 663, 804, 522, 581, 397, 1124, 1101, 1133, 422, -422, -461, -1102, -845, -1010, -1197, -659, -454, -1003, -1199, -1609, 
start timestamps: 1734435352117, 1734435352427, 1734435353014, 1734435353378, 1734435354024, 1734435354358, 1734435354679, 1734435354995, 1734435355436, 1734435356732, 1734435357091, 1734435357418, 1734435357761, 1734435358093, 1734435358550, 1734435359168, 1734435359542, 1734435359903, 1734435360291, 1734435360689, 1734435361053, 1734435361551, 1734435361928, 1734435362310, 1734435362698, 1734435363073, 1734435363506, 1734435363891, 1734435364274, 1734435364655, 1734435365217, 1734435365614, 1734435366111, 1734435366466, 1734435366845, 1734435367230, 1734435367619, 1734435367991, 1734435368363, 1734435368738, 1734435369101, 1734435369466, 1734435369844, 1734435370213, 1734435370579, 1734435371015, 1734435371586, 1734435371987, 1734435372384, 1734435372833, 1734435373298, 1734435373741, 1734435374532, 1734435374916, 1734435375308, 1734435375746, 1734435376167, 1734435377298, 1734435377699, 1734435378101, 1734435378527, 1734435378984, 1734435379397, 1734435379813, 1734435380217, 1734435380606, 1734435381008, 1734435381759, 1734435382804, 1734435383942, 1734435384555, 1734435385603, 1734435385961, 1734435387023, 1734435387387, 1734435387757, 1734435388501, 1734435388860, 1734435389239, 1734435389599, 1734435390006, 1734435390714, 1734435391079, 1734435391454, 1734435391828, 1734435393051, 1734435393468, 1734435393922, 1734435394278, 1734435394642, 1734435395016, 1734435395710, 1734435396319, 1734435396704, 1734435397269, 1734435397655, 1734435398042, 1734435398426, 1734435398822, 1734435399290, 1734435399674, 1734435400082, 1734435400487, 1734435401054, 1734435401555, 1734435401950, 1734435403524, 1734435403932, 1734435404331, 1734435404733, 1734435405140, 1734435405566, 1734435405968, 1734435406381, 1734435406982, 1734435407382, 1734435407901, 1734435409096, 1734435409540, 1734435410016, 1734435411119, 1734435411852, 1734435412336, 1734435412948, 1734435413821, 1734435414259, 1734435414720, 1734435415194, 1734435415697, 1734435416633, 1734435417485, 1734435419024, 1734435419673, 1734435420636, 1734435421275, 1734435421720, 1734435422156, 1734435422833, 1734435423784, 1734435424504, 1734435425087, 1734435425538, 1734435426012, 1734435427451, 1734435427946, 1734435428420, 1734435429064, 1734435429541, 1734435430315, 1734435430797, 1734435431700, 1734435432599, 1734435433051, 1734435433504, 1734435433944, 1734435434388, 1734435435567, 1734435436093, 1734435436997, 1734435437487, 1734435438253, 1734435438702, 1734435439161, 1734435439615, 1734435440100, 1734435441007, 1734435441471, 1734435441928, 1734435442470, 1734435442922, 1734435443353, 1734435443793, 1734435444586, 1734435445322, 1734435446358, 1734435446827, 1734435447304, 1734435447778, 1734435448340, 1734435449249, 1734435449747, 1734435450189, 1734435450603, 1734435451264, 1734435451726, 1734435452977, 1734435453416, 1734435453875, 1734435454317, 1734435454722, 1734435455457, 1734435456334, 1734435456730, 1734435457461, 1734435457918, 1734435458713, 1734435459136, 1734435459557, 1734435459986, 1734435460786, 1734435461180, 1734435461590, 
end timestamps: 1734435352427, 1734435352740, 1734435353385, 1734435354170, 1734435355001, 1734435355326, 1734435355771, 1734435356042, 1734435356145, 1734435357085, 1734435357653, 1734435358450, 1734435358915, 1734435359169, 1734435359539, 1734435359910, 1734435360289, 1734435360695, 1734435360976, 1734435361423, 1734435361637, 1734435362317, 1734435363079, 1734435363178, 1734435363201, 1734435363506, 1734435363899, 1734435364336, 1734435364721, 1734435365227, 1734435365799, 1734435366118, 1734435366776, 1734435367157, 1734435367625, 1734435367988, 1734435368369, 1734435369011, 1734435369409, 1734435370210, 1734435370583, 1734435371020, 1734435371191, 1734435371986, 1734435372424, 1734435372868, 1734435373244, 1734435373714, 1734435374134, 1734435374539, 1734435375685, 1734435375751, 1734435375798, 1734435375798, 1734435376167, 1734435376896, 1734435377705, 1734435378132, 1734435378186, 1734435378631, 1734435378985, 1734435379404, 1734435379623, 1734435379967, 1734435380614, 1734435381285, 1734435381497, 1734435381663, 1734435382164, 1734435383805, 1734435384324, 1734435385147, 1734435385953, 1734435386323, 1734435387762, 1734435387957, 1734435388496, 1734435389040, 1734435389575, 1734435389836, 1734435390723, 1734435391487, 1734435392050, 1734435392559, 1734435392913, 1734435393058, 1734435393058, 1734435393918, 1734435394355, 1734435395028, 1734435395389, 1734435395935, 1734435396891, 1734435398041, 1734435398897, 1734435399302, 1734435399883, 1734435400268, 1734435400699, 1734435401142, 1734435401933, 1734435402146, 1734435402511, 1734435402576, 1734435403124, 1734435403699, 1734435404340, 1734435404879, 1734435405144, 1734435405644, 1734435406160, 1734435406465, 1734435407909, 1734435408367, 1734435408752, 1734435409108, 1734435409756, 1734435410021, 1734435410500, 1734435410564, 1734435410694, 1734435411416, 1734435411632, 1734435412770, 1734435412809, 1734435413432, 1734435414332, 1734435414847, 1734435416142, 1734435416336, 1734435416441, 1734435417788, 1734435417955, 1734435419686, 1734435420688, 1734435421502, 1734435422596, 1734435422656, 1734435422657, 1734435423307, 1734435424501, 1734435425546, 1734435426479, 1734435426545, 1734435426658, 1734435427948, 1734435429075, 1734435429558, 1734435430323, 1734435431245, 1734435432151, 1734435432743, 1734435433084, 1734435434820, 1734435435293, 1734435435580, 1734435436367, 1734435436858, 1734435436859, 1734435437009, 1734435437495, 1734435437892, 1734435438702, 1734435439623, 1734435439976, 1734435440105, 1734435441008, 1734435441934, 1734435442477, 1734435443786, 1734435444251, 1734435444575, 1734435445041, 1734435445373, 1734435446358, 1734435446702, 1734435447311, 1734435447905, 1734435448804, 1734435449258, 1734435450195, 1734435450639, 1734435451266, 1734435452068, 1734435452248, 1734435453558, 1734435453813, 1734435454999, 1734435455418, 1734435455855, 1734435455879, 1734435455912, 1734435456269, 1734435456359, 1734435457073, 1734435457703, 1734435457939, 1734435458898, 1734435459532, 1734435459783, 1734435459981, 1734435459981, 
