
**********************************************************
ConnectDAWs File Logger | only the ConnectionManagerThread will write to this file to avoid blocking calls inside the audio thread.
Log started: 17 Dec 2024 12:07:34pm

Network Benchmark | start
size of start timestamps: 213
size of end timestamps: 213
latency: -702, -757, -751, -764, -789, -700, -639, -510, -455, -570, -598, -466, -542, -328, -165, 69, 53, 45, 98, 24, 146, -202, -182, -161, -187, -164, -216, -692, -762, -843, -871, -883, -694, -1083, -1125, -1116, -1167, -1204, -1546, -1471, -1388, -1433, -1423, -1817, -1711, -1765, -1590, -1669, -1661, -1549, -1683, -2231, -2174, -2071, -2116, -2084, -2501, -2576, -2491, -2504, -2600, -2650, -2704, -2808, -2890, -3112, -3144, -3282, -3298, -3348, -3380, -3401, -3315, -3256, -3269, -3329, -3045, -2955, -2903, -3138, -3035, -2954, -3235, -3088, -2991, -2912, -2658, -2605, -2624, -2411, -2380, -2617, -2604, -2601, -2540, -2465, -2371, -2119, -2014, -1902, -1730, -1687, -1577, -1457, -1850, -1884, -1791, -1743, -1736, -1649, -1617, -1572, -1323, -1292, -1433, -1432, -1301, -1294, -1293, -1098, -961, -866, -748, -692, -537, -471, -429, -394, -316, -306, -347, -329, -170, -88, -104, -27, -26, -25, 74, 142, 193, 213, 195, 234, 238, 281, 372, 366, 456, 572, 666, 721, 764, 826, 860, 932, 711, 767, 839, 874, 909, 997, 1016, 1039, 1061, 1087, 1113, 1137, 1157, 1170, 1240, 1272, 1292, 1320, 1358, 1412, 1428, 1457, 1484, 1592, 1754, 1804, 1849, 1917, 1978, 2042, 2097, 2149, 2239, 2298, 2326, 2374, 2475, 2533, 2550, 2572, 2593, 2629, 2438, 2523, 2564, 2587, 2610, 2614, 2682, 2705, 2765, 2914, 2983, 3162, 3236, 3151, 3103, 
start timestamps: 1734433562502, 1734433562930, 1734433563360, 1734433563803, 1734433564211, 1734433564579, 1734433565037, 1734433565414, 1734433565799, 1734433566267, 1734433566691, 1734433567092, 1734433567603, 1734433568012, 1734433568413, 1734433568779, 1734433569144, 1734433569608, 1734433570051, 1734433570537, 1734433570925, 1734433571710, 1734433572123, 1734433572524, 1734433572930, 1734433573338, 1734433573797, 1734433574718, 1734433575251, 1734433575768, 1734433576214, 1734433576664, 1734433577072, 1734433577872, 1734433578288, 1734433578747, 1734433579209, 1734433579654, 1734433580457, 1734433580819, 1734433581201, 1734433581600, 1734433582025, 1734433582852, 1734433583239, 1734433583651, 1734433584133, 1734433584619, 1734433585015, 1734433585483, 1734433586007, 1734433587064, 1734433587516, 1734433587984, 1734433588451, 1734433588863, 1734433589743, 1734433590337, 1734433590871, 1734433591396, 1734433591939, 1734433592424, 1734433592927, 1734433593406, 1734433593907, 1734433594858, 1734433595325, 1734433595817, 1734433596298, 1734433596803, 1734433597231, 1734433597665, 1734433598053, 1734433598447, 1734433598888, 1734433599364, 1734433599775, 1734433600167, 1734433600537, 1734433601322, 1734433601712, 1734433602101, 1734433602875, 1734433603319, 1734433603690, 1734433604166, 1734433604595, 1734433604961, 1734433605425, 1734433605816, 1734433606289, 1734433607089, 1734433607546, 1734433608005, 1734433608453, 1734433608861, 1734433609257, 1734433609668, 1734433610063, 1734433610505, 1734433610878, 1734433611314, 1734433611722, 1734433612104, 1734433612959, 1734433613412, 1734433613801, 1734433614181, 1734433614635, 1734433615005, 1734433615402, 1734433615803, 1734433616183, 1734433616654, 1734433617187, 1734433617652, 1734433618040, 1734433618515, 1734433619019, 1734433619386, 1734433619770, 1734433620135, 1734433620562, 1734433620944, 1734433621312, 1734433621659, 1734433622040, 1734433622375, 1734433622735, 1734433623127, 1734433623520, 1734433623880, 1734433624184, 1734433624546, 1734433624892, 1734433625259, 1734433625631, 1734433625964, 1734433626257, 1734433626567, 1734433626871, 1734433627188, 1734433627537, 1734433627887, 1734433628223, 1734433628524, 1734433628841, 1734433629187, 1734433629539, 1734433629820, 1734433630092, 1734433630387, 1734433630697, 1734433630961, 1734433631260, 1734433631531, 1734433632069, 1734433632338, 1734433632598, 1734433632870, 1734433633127, 1734433633399, 1734433633656, 1734433633917, 1734433634185, 1734433634452, 1734433634715, 1734433634978, 1734433635242, 1734433635515, 1734433635776, 1734433636045, 1734433636303, 1734433636568, 1734433636833, 1734433637105, 1734433637374, 1734433637638, 1734433637902, 1734433638151, 1734433638393, 1734433638627, 1734433638873, 1734433639103, 1734433639343, 1734433639589, 1734433639828, 1734433640069, 1734433640320, 1734433640560, 1734433640817, 1734433641061, 1734433641314, 1734433641584, 1734433641834, 1734433642085, 1734433642342, 1734433642592, 1734433643080, 1734433643334, 1734433643596, 1734433643868, 1734433644145, 1734433644455, 1734433644731, 1734433645002, 1734433645277, 1734433645546, 1734433645932, 1734433646256, 1734433646575, 1734433646990, 1734433647352, 
end timestamps: 1734433561800, 1734433562173, 1734433562609, 1734433563039, 1734433563422, 1734433563879, 1734433564398, 1734433564904, 1734433565344, 1734433565697, 1734433566093, 1734433566626, 1734433567061, 1734433567684, 1734433568248, 1734433568848, 1734433569197, 1734433569653, 1734433570149, 1734433570561, 1734433571071, 1734433571508, 1734433571941, 1734433572363, 1734433572743, 1734433573174, 1734433573581, 1734433574026, 1734433574489, 1734433574925, 1734433575343, 1734433575781, 1734433576378, 1734433576789, 1734433577163, 1734433577631, 1734433578042, 1734433578450, 1734433578911, 1734433579348, 1734433579813, 1734433580167, 1734433580602, 1734433581035, 1734433581528, 1734433581886, 1734433582543, 1734433582950, 1734433583354, 1734433583934, 1734433584324, 1734433584833, 1734433585342, 1734433585913, 1734433586335, 1734433586779, 1734433587242, 1734433587761, 1734433588380, 1734433588892, 1734433589339, 1734433589774, 1734433590223, 1734433590598, 1734433591017, 1734433591746, 1734433592181, 1734433592535, 1734433593000, 1734433593455, 1734433593851, 1734433594264, 1734433594738, 1734433595191, 1734433595619, 1734433596035, 1734433596730, 1734433597212, 1734433597634, 1734433598184, 1734433598677, 1734433599147, 1734433599640, 1734433600231, 1734433600699, 1734433601254, 1734433601937, 1734433602356, 1734433602801, 1734433603405, 1734433603909, 1734433604472, 1734433604942, 1734433605404, 1734433605913, 1734433606396, 1734433606886, 1734433607549, 1734433608049, 1734433608603, 1734433609148, 1734433609627, 1734433610145, 1734433610647, 1734433611109, 1734433611528, 1734433612010, 1734433612438, 1734433612899, 1734433613356, 1734433613785, 1734433614231, 1734433614860, 1734433615362, 1734433615754, 1734433616220, 1734433616739, 1734433617221, 1734433617726, 1734433618288, 1734433618809, 1734433619269, 1734433619814, 1734433620252, 1734433620775, 1734433621188, 1734433621611, 1734433621981, 1734433622419, 1734433622821, 1734433623173, 1734433623551, 1734433624014, 1734433624458, 1734433624788, 1734433625232, 1734433625605, 1734433625939, 1734433626331, 1734433626709, 1734433627064, 1734433627401, 1734433627732, 1734433628121, 1734433628461, 1734433628805, 1734433629213, 1734433629553, 1734433629995, 1734433630392, 1734433630758, 1734433631108, 1734433631461, 1734433631787, 1734433632120, 1734433632463, 1734433632780, 1734433633105, 1734433633437, 1734433633744, 1734433634036, 1734433634396, 1734433634672, 1734433634956, 1734433635246, 1734433635539, 1734433635828, 1734433636115, 1734433636399, 1734433636685, 1734433637016, 1734433637317, 1734433637595, 1734433637888, 1734433638191, 1734433638517, 1734433638802, 1734433639095, 1734433639386, 1734433639743, 1734433640147, 1734433640431, 1734433640722, 1734433641020, 1734433641321, 1734433641631, 1734433641925, 1734433642218, 1734433642559, 1734433642858, 1734433643143, 1734433643435, 1734433643789, 1734433644117, 1734433644384, 1734433644657, 1734433644935, 1734433645221, 1734433645518, 1734433645857, 1734433646160, 1734433646455, 1734433646755, 1734433647069, 1734433647413, 1734433647707, 1734433648042, 1734433648460, 1734433648915, 1734433649418, 1734433649811, 1734433650141, 1734433650455, 
Plugin Outgoing Benchmark | start
size of start timestamps: 250
size of end timestamps: 233
latency: 459, 827, 1154, 1479, 1821, 2113, 2501, 2999, 3550, 3886, 4185, 4505, 4666, 4730, 4791, 5019, 4964, 5163, 5087, 5028, 4972, 4939, 5170, 5441, 5376, 5791, 5801, 5578, 5162, 5390, 5534, 5898, 5871, 5937, 5759, 5727, 5681, 5664, 6163, 5937, 6142, 6118, 6068, 6127, 6002, 6046, 6121, 6097, 6059, 5829, 5625, 5970, 5923, 6067, 6173, 5945, 6296, 6363, 6235, 6424, 6527, 6365, 5856, 6160, 6212, 6477, 6540, 6475, 6320, 5974, 6035, 5903, 6295, 6734, 6630, 6538, 6573, 6228, 5975, 6347, 6834, 7035, 6943, 6725, 6929, 6935, 6498, 6821, 7170, 7367, 7417, 7493, 7504, 7177, 7400, 7748, 7435, 7609, 7842, 7842, 7739, 7408, 7838, 8315, 8193, 7812, 7944, 7730, 7979, 7978, 7804, 7533, 7158, 7479, 7304, 7310, 7480, 7163, 7283, 6843, 7291, 7770, 7646, 7589, 7602, 7548, 7294, 7131, 7347, 7634, 7443, 7039, 7321, 7158, 6633, 6910, 6746, 6444, 6489, 6290, 6129, 6046, 5479, 5461, 5790, 5730, 5781, 5643, 5554, 5258, 5399, 5680, 5403, 5325, 5473, 5639, 5357, 5214, 4966, 4673, 4781, 4873, 4708, 4471, 4535, 4027, 4069, 4059, 3849, 3805, 4031, 3890, 3953, 3619, 3610, 3608, 3540, 3250, 2974, 2683, 2674, 2686, 2656, 2924, 3188, 3472, 3522, 3687, 3993, 4215, 3975, 3942, 4058, 3888, 3929, 3937, 4112, 3957, 4186, 3852, 3836, 3912, 4139, 4201, 4226, 3943, 4162, 3783, 3925, 3889, 3931, 3989, 4122, 4147, 3947, 4352, 4069, 3793, 4024, 4299, 4406, 4666, 4774, 4487, 4734, 4859, 4942, 5097, 5072, 5183, 5075, 5229, 5466, 
start timestamps: 1734433561342, 1734433561364, 1734433561411, 1734433561464, 1734433561506, 1734433561562, 1734433561610, 1734433561661, 1734433561703, 1734433561748, 1734433561814, 1734433561868, 1734433562197, 1734433562587, 1734433562971, 1734433563356, 1734433563926, 1734433564140, 1734433564679, 1734433565283, 1734433565756, 1734433566374, 1734433566658, 1734433566881, 1734433567324, 1734433567324, 1734433567773, 1734433568402, 1734433569206, 1734433569357, 1734433569796, 1734433569796, 1734433570318, 1734433570739, 1734433571346, 1734433571838, 1734433572352, 1734433572712, 1734433572712, 1734433573356, 1734433573617, 1734433573982, 1734433574414, 1734433574750, 1734433575353, 1734433575751, 1734433576201, 1734433576703, 1734433577116, 1734433577682, 1734433578378, 1734433578428, 1734433578908, 1734433579298, 1734433579821, 1734433580483, 1734433580671, 1734433581047, 1734433581580, 1734433581897, 1734433582346, 1734433582960, 1734433583936, 1734433584015, 1734433584331, 1734433584434, 1734433584834, 1734433585368, 1734433585998, 1734433586789, 1734433587270, 1734433587814, 1734433587814, 1734433587859, 1734433588392, 1734433588914, 1734433589338, 1734433590252, 1734433590954, 1734433590975, 1734433591034, 1734433591378, 1734433591885, 1734433592545, 1734433592787, 1734433593336, 1734433594272, 1734433594353, 1734433594621, 1734433595039, 1734433595487, 1734433596043, 1734433596522, 1734433597332, 1734433597691, 1734433597905, 1734433598706, 1734433599036, 1734433599273, 1734433599732, 1734433600301, 1734433601184, 1734433601238, 1734433601238, 1734433601831, 1734433602685, 1734433603052, 1734433603735, 1734433604039, 1734433604588, 1734433605198, 1734433605929, 1734433606737, 1734433606862, 1734433607581, 1734433608081, 1734433608304, 1734433609158, 1734433609601, 1734433610500, 1734433610563, 1734433610592, 1734433611147, 1734433611766, 1734433612216, 1734433612723, 1734433613364, 1734433614051, 1734433614262, 1734433614346, 1734433614953, 1734433615765, 1734433615817, 1734433616343, 1734433617211, 1734433617346, 1734433617858, 1734433618526, 1734433618818, 1734433619357, 1734433619845, 1734433620274, 1734433621185, 1734433621624, 1734433621624, 1734433622016, 1734433622331, 1734433622819, 1734433623233, 1734433623856, 1734433624060, 1734433624191, 1734433624804, 1734433625242, 1734433625418, 1734433625636, 1734433626250, 1734433626719, 1734433627283, 1734433627903, 1734433628114, 1734433628338, 1734433628815, 1734433629346, 1734433629569, 1734433630372, 1734433630603, 1734433630901, 1734433631402, 1734433631750, 1734433631816, 1734433632252, 1734433632479, 1734433633107, 1734433633444, 1734433633752, 1734433634106, 1734433634680, 1734433635253, 1734433635836, 1734433636123, 1734433636409, 1734433636717, 1734433636738, 1734433636782, 1734433636782, 1734433637024, 1734433637154, 1734433637155, 1734433637233, 1734433637771, 1734433638100, 1734433638324, 1734433638809, 1734433639057, 1734433639331, 1734433639440, 1734433639880, 1734433639936, 1734433640533, 1734433640824, 1734433641029, 1734433641114, 1734433641345, 1734433641643, 1734433642228, 1734433642297, 1734433642988, 1734433643151, 1734433643554, 1734433643839, 1734433644109, 1734433644304, 1734433644667, 1734433645227, 1734433645260, 1734433645870, 1734433646461, 1734433646549, 1734433646600, 1734433646840, 1734433646904, 1734433647096, 1734433647714, 1734433647753, 1734433647888, 1734433648064, 1734433648169, 1734433648447, 1734433648572, 1734433648922, 1734433649007, 1734433649008, 1734433649300, 1734433649618, 1734433650044, 1734433650584, 1734433650907, 1734433651042, 1734433651257, 1734433651579, 1734433651871, 1734433652230, 1734433652494, 1734433653008, 1734433653008, 1734433653524, 1734433654061, 1734433654481, 1734433654518, 
end timestamps: 1734433561801, 1734433562191, 1734433562565, 1734433562943, 1734433563327, 1734433563675, 1734433564111, 1734433564660, 1734433565253, 1734433565634, 1734433565999, 1734433566373, 1734433566863, 1734433567317, 1734433567762, 1734433568375, 1734433568890, 1734433569303, 1734433569766, 1734433570311, 1734433570728, 1734433571313, 1734433571828, 1734433572322, 1734433572700, 1734433573115, 1734433573574, 1734433573980, 1734433574368, 1734433574747, 1734433575330, 1734433575694, 1734433576189, 1734433576676, 1734433577105, 1734433577565, 1734433578033, 1734433578376, 1734433578875, 1734433579293, 1734433579759, 1734433580100, 1734433580482, 1734433580877, 1734433581355, 1734433581797, 1734433582322, 1734433582800, 1734433583175, 1734433583511, 1734433584003, 1734433584398, 1734433584831, 1734433585365, 1734433585994, 1734433586428, 1734433586967, 1734433587410, 1734433587815, 1734433588321, 1734433588873, 1734433589325, 1734433589792, 1734433590175, 1734433590543, 1734433590911, 1734433591374, 1734433591843, 1734433592318, 1734433592763, 1734433593305, 1734433593717, 1734433594109, 1734433594593, 1734433595022, 1734433595452, 1734433595911, 1734433596480, 1734433596929, 1734433597322, 1734433597868, 1734433598413, 1734433598828, 1734433599270, 1734433599716, 1734433600271, 1734433600770, 1734433601174, 1734433601791, 1734433602406, 1734433602904, 1734433603536, 1734433604026, 1734433604509, 1734433605091, 1734433605653, 1734433606141, 1734433606645, 1734433607115, 1734433607574, 1734433608040, 1734433608592, 1734433609076, 1734433609553, 1734433610024, 1734433610497, 1734433610996, 1734433611465, 1734433612018, 1734433612566, 1734433613002, 1734433613462, 1734433613895, 1734433614341, 1734433614885, 1734433615391, 1734433615784, 1734433616321, 1734433616884, 1734433617343, 1734433617854, 1734433618362, 1734433618793, 1734433619355, 1734433619818, 1734433620271, 1734433620658, 1734433621182, 1734433621609, 1734433621980, 1734433622396, 1734433622804, 1734433623138, 1734433623501, 1734433623844, 1734433624256, 1734433624604, 1734433624970, 1734433625307, 1734433625647, 1734433625974, 1734433626320, 1734433626664, 1734433627085, 1734433627414, 1734433627746, 1734433628112, 1734433628462, 1734433628787, 1734433629114, 1734433629459, 1734433629871, 1734433630207, 1734433630567, 1734433630891, 1734433631275, 1734433631607, 1734433631933, 1734433632249, 1734433632576, 1734433632895, 1734433633211, 1734433633523, 1734433633817, 1734433634104, 1734433634399, 1734433634672, 1734433634960, 1734433635251, 1734433635555, 1734433635847, 1734433636142, 1734433636432, 1734433636726, 1734433637054, 1734433637360, 1734433637646, 1734433637930, 1734433638227, 1734433638519, 1734433638797, 1734433639095, 1734433639373, 1734433639662, 1734433639970, 1734433640254, 1734433640546, 1734433640841, 1734433641148, 1734433641448, 1734433641746, 1734433642042, 1734433642382, 1734433642697, 1734433642986, 1734433643268, 1734433643552, 1734433643837, 1734433644122, 1734433644385, 1734433644660, 1734433644941, 1734433645253, 1734433645546, 1734433645869, 1734433646171, 1734433646459, 1734433646771, 1734433647076, 1734433647443, 1734433647770, 1734433648098, 1734433648426, 1734433648814, 1734433649174, 1734433649612, 1734433649939, 1734433650254, 1734433650573, 1734433650899, 1734433651246, 1734433651570, 1734433651870, 1734433652201, 1734433652487, 1734433652747, 1734433653006, 1734433653266, 1734433653519, 1734433653755, 1734433653997, 1734433654236, 1734433654474, 
Plugin Incoming Benchmark | start
size of start timestamps: 213
size of end timestamps: 217
latency: 409, 395, 427, 459, 390, 500, 537, 519, 482, 408, 673, 561, 431, 621, 563, 608, 355, 467, 513, 588, 518, 457, 456, 767, 344, 124, 178, 33, 21, 6, 16, 6, 35, 25, 7, 39, 10, 331, 0, 42, 42, 5, 297, 26, 8, 49, 3, 11, 7, 454, 76, 3, -2, 23, 31, 451, 486, 568, 46, -533, -503, -428, -407, 27, 348, -44, -716, -433, 4, -410, -457, 417, 81, -335, -423, -482, 4, -645, -459, -312, -495, -480, -445, -372, -529, -466, -75, -672, -409, -139, -360, -459, -532, -358, -445, -500, -472, -376, 16, 25, -306, -1, -30, 350, -88, 36, -380, -252, -226, -446, 6, 257, 27, -547, -491, 6, -407, -401, -12, -386, -536, -289, -456, -465, -411, -506, -5, 10, -364, -409, -496, -405, -323, -161, -402, -602, -431, -368, -524, -698, -469, -352, -121, 167, -9, -127, 5, 129, 12, 373, 209, 140, 287, 285, 24, 129, 12, 324, 333, 311, 359, 575, 853, 1161, 1162, 1158, 1175, 905, 664, 380, 332, 134, -164, -367, -119, -128, -196, 5, -39, -103, -419, -270, -498, -194, -198, -295, -520, -581, -578, -334, -564, -156, -340, -284, -284, -280, -357, -271, 4, -260, 11, 296, 89, -157, -234, -515, -614, -333, -802, -1030, -1358, -1244, -1221, 
start timestamps: 1734433561405, 1734433561802, 1734433562199, 1734433562612, 1734433563040, 1734433563426, 1734433563882, 1734433564400, 1734433564907, 1734433565348, 1734433565701, 1734433566097, 1734433566631, 1734433567065, 1734433567687, 1734433568250, 1734433568851, 1734433569201, 1734433569656, 1734433570151, 1734433570566, 1734433571075, 1734433571513, 1734433571945, 1734433572368, 1734433572746, 1734433573178, 1734433573584, 1734433574029, 1734433574491, 1734433574927, 1734433575347, 1734433575784, 1734433576380, 1734433576793, 1734433577174, 1734433577672, 1734433578047, 1734433578453, 1734433578915, 1734433579350, 1734433579816, 1734433580186, 1734433580645, 1734433581039, 1734433581531, 1734433581894, 1734433582570, 1734433582953, 1734433583482, 1734433583939, 1734433584328, 1734433584836, 1734433585345, 1734433585915, 1734433586338, 1734433586784, 1734433587246, 1734433587768, 1734433588392, 1734433588895, 1734433589342, 1734433589783, 1734433590225, 1734433590606, 1734433591019, 1734433591750, 1734433592184, 1734433592541, 1734433593002, 1734433593459, 1734433593855, 1734433594272, 1734433594741, 1734433595195, 1734433595683, 1734433596039, 1734433596735, 1734433597216, 1734433597644, 1734433598186, 1734433598706, 1734433599151, 1734433599645, 1734433600234, 1734433600707, 1734433601259, 1734433601941, 1734433602359, 1734433602824, 1734433603412, 1734433603915, 1734433604477, 1734433604946, 1734433605410, 1734433605919, 1734433606401, 1734433607113, 1734433607565, 1734433608056, 1734433608610, 1734433609159, 1734433609631, 1734433610150, 1734433610651, 1734433611111, 1734433611584, 1734433612018, 1734433612442, 1734433612903, 1734433613358, 1734433613794, 1734433614235, 1734433614866, 1734433615365, 1734433615759, 1734433616224, 1734433616744, 1734433617223, 1734433617732, 1734433618294, 1734433618815, 1734433619274, 1734433619822, 1734433620256, 1734433620780, 1734433621190, 1734433621614, 1734433621988, 1734433622425, 1734433622827, 1734433623224, 1734433623556, 1734433624017, 1734433624462, 1734433624793, 1734433625235, 1734433625610, 1734433625942, 1734433626334, 1734433626719, 1734433627071, 1734433627404, 1734433627736, 1734433628123, 1734433628465, 1734433628810, 1734433629217, 1734433629557, 1734433629999, 1734433630394, 1734433630761, 1734433631115, 1734433631465, 1734433631792, 1734433632123, 1734433632467, 1734433632783, 1734433633111, 1734433633441, 1734433633747, 1734433634105, 1734433634400, 1734433634675, 1734433634961, 1734433635251, 1734433635542, 1734433635833, 1734433636118, 1734433636402, 1734433636692, 1734433637020, 1734433637319, 1734433637600, 1734433637890, 1734433638228, 1734433638520, 1734433638804, 1734433639096, 1734433639434, 1734433639859, 1734433640150, 1734433640434, 1734433640727, 1734433641022, 1734433641324, 1734433641634, 1734433641926, 1734433642221, 1734433642562, 1734433642861, 1734433643144, 1734433643491, 1734433643838, 1734433644123, 1734433644389, 1734433644661, 1734433644938, 1734433645223, 1734433645520, 1734433645859, 1734433646165, 1734433646460, 1734433646757, 1734433647074, 1734433647419, 1734433647710, 1734433648047, 1734433648555, 1734433648918, 1734433649422, 1734433649816, 1734433650143, 
end timestamps: 1734433561814, 1734433562197, 1734433562626, 1734433563071, 1734433563430, 1734433563926, 1734433564419, 1734433564919, 1734433565389, 1734433565756, 1734433566374, 1734433566658, 1734433567062, 1734433567686, 1734433568250, 1734433568858, 1734433569206, 1734433569668, 1734433570169, 1734433570739, 1734433571084, 1734433571532, 1734433571969, 1734433572712, 1734433572712, 1734433572870, 1734433573356, 1734433573617, 1734433574050, 1734433574497, 1734433574943, 1734433575353, 1734433575819, 1734433576405, 1734433576800, 1734433577213, 1734433577682, 1734433578378, 1734433578453, 1734433578957, 1734433579392, 1734433579821, 1734433580483, 1734433580671, 1734433581047, 1734433581580, 1734433581897, 1734433582581, 1734433582960, 1734433583936, 1734433584015, 1734433584331, 1734433584834, 1734433585368, 1734433585946, 1734433586789, 1734433587270, 1734433587814, 1734433587814, 1734433587859, 1734433588392, 1734433588914, 1734433589376, 1734433590252, 1734433590954, 1734433590975, 1734433591034, 1734433591751, 1734433592545, 1734433592592, 1734433593002, 1734433594272, 1734433594353, 1734433594406, 1734433594772, 1734433595201, 1734433596043, 1734433596090, 1734433596757, 1734433597332, 1734433597691, 1734433598226, 1734433598706, 1734433599273, 1734433599705, 1734433600241, 1734433601184, 1734433601269, 1734433601950, 1734433602685, 1734433603052, 1734433603456, 1734433603945, 1734433604588, 1734433604965, 1734433605419, 1734433605929, 1734433606737, 1734433607581, 1734433608081, 1734433608304, 1734433609158, 1734433609601, 1734433610500, 1734433610563, 1734433611147, 1734433611204, 1734433611766, 1734433612216, 1734433612457, 1734433613364, 1734433614051, 1734433614262, 1734433614319, 1734433614874, 1734433615765, 1734433615817, 1734433616343, 1734433617211, 1734433617346, 1734433617758, 1734433618526, 1734433618818, 1734433619357, 1734433619845, 1734433620274, 1734433621185, 1734433621624, 1734433621624, 1734433622016, 1734433622331, 1734433622819, 1734433623233, 1734433623856, 1734433624060, 1734433624191, 1734433624804, 1734433625242, 1734433625418, 1734433625636, 1734433626250, 1734433626719, 1734433627283, 1734433627903, 1734433628114, 1734433628338, 1734433628815, 1734433629346, 1734433629569, 1734433630372, 1734433630603, 1734433630901, 1734433631402, 1734433631750, 1734433631816, 1734433632252, 1734433632479, 1734433633107, 1734433633444, 1734433633752, 1734433634106, 1734433634680, 1734433635253, 1734433635836, 1734433636123, 1734433636409, 1734433636717, 1734433636738, 1734433636782, 1734433636782, 1734433637024, 1734433637154, 1734433637155, 1734433637233, 1734433637771, 1734433638100, 1734433638324, 1734433638809, 1734433639057, 1734433639331, 1734433639440, 1734433639880, 1734433639936, 1734433640533, 1734433640824, 1734433641029, 1734433641114, 1734433641345, 1734433641643, 1734433642228, 1734433642297, 1734433642988, 1734433643151, 1734433643554, 1734433643839, 1734433644109, 1734433644304, 1734433644667, 1734433645227, 1734433645260, 1734433645870, 1734433646461, 1734433646549, 1734433646600, 1734433646840, 1734433646904, 1734433647096, 1734433647714, 1734433647753, 1734433647888, 1734433648064, 1734433648572, 1734433648922, 1734433649618, 1734433650044, 1734433650223, 1734433650584, 
