
**********************************************************
ConnectDAWs File Logger | only the ConnectionManagerThread will write to this file to avoid blocking calls inside the audio thread.
Log started: 17 Dec 2024 12:09:33pm

Network Benchmark | start
size of start timestamps: 204
size of end timestamps: 204
latency: -3821, -3913, -3903, -3792, -3803, -3873, -3958, -3930, -4008, -4022, -4120, -4234, -4335, -4398, -4469, -4586, -4689, -4724, -4743, -4767, -4770, -4783, -4857, -4900, -4960, -4971, -5023, -5040, -4985, -4935, -4979, -5018, -5045, -5088, -5083, -5136, -5210, -5244, -5335, -5412, -5525, -5603, -5674, -5754, -5828, -5913, -5981, -6057, -6122, -6096, -6137, -6214, -6285, -5965, -5954, -5997, -6059, -6075, -6161, -6173, -6202, -6254, -6336, -6362, -6464, -6514, -6504, -6477, -6452, -6457, -6428, -6216, -6229, -6178, -6191, -6171, -5835, -5886, -5904, -5890, -5945, -5963, -5969, -5982, -6451, -6507, -6508, -6553, -6591, -6620, -6612, -6602, -6628, -6666, -6580, -6591, -6581, -6502, -6386, -6341, -6270, -6288, -6321, -6369, -6864, -6814, -6885, -6928, -6941, -6936, -6895, -6531, -6563, -6592, -6609, -6626, -7073, -7086, -7096, -7103, -7181, -7170, -7068, -7050, -7061, -7100, -7100, -7133, -7176, -7173, -7150, -7161, -7143, -7144, -7148, -7143, -7210, -7254, -7215, -7246, -7265, -7286, -7044, -7442, -7410, -7417, -7444, -7499, -7899, -7902, -7881, -7895, -7822, -7821, -7780, -7560, -7597, -7672, -7764, -7808, -8120, -8172, -8157, -8220, -8222, -8232, -8237, -8281, -8186, -8227, -8239, -8256, -8303, -8641, -8665, -8646, -8648, -8646, -8647, -8655, -8659, -8661, -8651, -8634, -8625, -8631, -8621, -8602, -8622, -8660, -8664, -8697, -8694, -8703, -8623, -8649, -8652, -8672, -8721, -8523, -8519, -8554, -8570, -8586, 
start timestamps: 1734433694484, 1734433694986, 1734433695387, 1734433695791, 1734433696213, 1734433696645, 1734433697078, 1734433697520, 1734433697974, 1734433698457, 1734433698937, 1734433699416, 1734433699897, 1734433700345, 1734433700790, 1734433701250, 1734433701709, 1734433702132, 1734433702541, 1734433702968, 1734433703397, 1734433703814, 1734433704276, 1734433704698, 1734433705122, 1734433705546, 1734433705985, 1734433706403, 1734433706849, 1734433707271, 1734433707696, 1734433708116, 1734433708546, 1734433708966, 1734433709386, 1734433709862, 1734433710338, 1734433710829, 1734433711314, 1734433711795, 1734433712291, 1734433712774, 1734433713318, 1734433713792, 1734433714291, 1734433714764, 1734433715238, 1734433715743, 1734433716228, 1734433716685, 1734433717150, 1734433717644, 1734433718140, 1734433718632, 1734433719077, 1734433719552, 1734433720035, 1734433720507, 1734433721007, 1734433721470, 1734433721957, 1734433722427, 1734433722938, 1734433723419, 1734433723935, 1734433724401, 1734433724820, 1734433725287, 1734433725699, 1734433726127, 1734433726555, 1734433727039, 1734433727485, 1734433727919, 1734433728363, 1734433728780, 1734433729200, 1734433729623, 1734433730076, 1734433730503, 1734433730945, 1734433731382, 1734433731812, 1734433732235, 1734433733080, 1734433733511, 1734433733948, 1734433734414, 1734433734860, 1734433735305, 1734433735763, 1734433736216, 1734433736691, 1734433737150, 1734433737658, 1734433738087, 1734433738505, 1734433738913, 1734433739341, 1734433739762, 1734433740155, 1734433740590, 1734433741031, 1734433741460, 1734433742335, 1734433742778, 1734433743181, 1734433743578, 1734433743961, 1734433744341, 1734433744706, 1734433745065, 1734433745470, 1734433745850, 1734433746233, 1734433746644, 1734433747486, 1734433747880, 1734433748284, 1734433748689, 1734433749140, 1734433749515, 1734433749907, 1734433750286, 1734433750682, 1734433751098, 1734433751512, 1734433751911, 1734433752300, 1734433752689, 1734433753090, 1734433753503, 1734433753870, 1734433754230, 1734433754624, 1734433755011, 1734433755426, 1734433755854, 1734433756257, 1734433756638, 1734433757026, 1734433757411, 1734433757778, 1734433758535, 1734433758922, 1734433759312, 1734433759704, 1734433760134, 1734433760888, 1734433761239, 1734433761584, 1734433761936, 1734433762264, 1734433762629, 1734433762967, 1734433763314, 1734433763663, 1734433764051, 1734433764407, 1734433764741, 1734433765383, 1734433765714, 1734433766015, 1734433766344, 1734433766657, 1734433766963, 1734433767270, 1734433767590, 1734433767927, 1734433768225, 1734433768529, 1734433768825, 1734433769130, 1734433769735, 1734433770045, 1734433770324, 1734433770601, 1734433770878, 1734433771150, 1734433771433, 1734433771718, 1734433771987, 1734433772259, 1734433772524, 1734433772789, 1734433773069, 1734433773333, 1734433773601, 1734433773879, 1734433774151, 1734433774428, 1734433774705, 1734433774985, 1734433775257, 1734433775528, 1734433775800, 1734433776080, 1734433776359, 1734433776658, 1734433776944, 1734433777219, 1734433777504, 1734433777765, 1734433778029, 
end timestamps: 1734433690663, 1734433691073, 1734433691484, 1734433691999, 1734433692410, 1734433692772, 1734433693120, 1734433693590, 1734433693966, 1734433694435, 1734433694817, 1734433695182, 1734433695562, 1734433695947, 1734433696321, 1734433696664, 1734433697020, 1734433697408, 1734433697798, 1734433698201, 1734433698627, 1734433699031, 1734433699419, 1734433699798, 1734433700162, 1734433700575, 1734433700962, 1734433701363, 1734433701864, 1734433702336, 1734433702717, 1734433703098, 1734433703501, 1734433703878, 1734433704303, 1734433704726, 1734433705128, 1734433705585, 1734433705979, 1734433706383, 1734433706766, 1734433707171, 1734433707644, 1734433708038, 1734433708463, 1734433708851, 1734433709257, 1734433709686, 1734433710106, 1734433710589, 1734433711013, 1734433711430, 1734433711855, 1734433712667, 1734433713123, 1734433713555, 1734433713976, 1734433714432, 1734433714846, 1734433715297, 1734433715755, 1734433716173, 1734433716602, 1734433717057, 1734433717471, 1734433717887, 1734433718316, 1734433718810, 1734433719247, 1734433719670, 1734433720127, 1734433720823, 1734433721256, 1734433721741, 1734433722172, 1734433722609, 1734433723365, 1734433723737, 1734433724172, 1734433724613, 1734433725000, 1734433725419, 1734433725843, 1734433726253, 1734433726629, 1734433727004, 1734433727440, 1734433727861, 1734433728269, 1734433728685, 1734433729151, 1734433729614, 1734433730063, 1734433730484, 1734433731078, 1734433731496, 1734433731924, 1734433732411, 1734433732955, 1734433733421, 1734433733885, 1734433734302, 1734433734710, 1734433735091, 1734433735471, 1734433735964, 1734433736296, 1734433736650, 1734433737020, 1734433737405, 1734433737811, 1734433738534, 1734433738907, 1734433739258, 1734433739624, 1734433740018, 1734433740413, 1734433740794, 1734433741188, 1734433741586, 1734433741959, 1734433742345, 1734433742839, 1734433743236, 1734433743621, 1734433743998, 1734433744412, 1734433744778, 1734433745124, 1734433745516, 1734433745940, 1734433746342, 1734433746727, 1734433747086, 1734433747476, 1734433747868, 1734433748216, 1734433748600, 1734433749042, 1734433749392, 1734433749761, 1734433750125, 1734433750734, 1734433751093, 1734433751512, 1734433751895, 1734433752260, 1734433752635, 1734433752989, 1734433753337, 1734433753703, 1734433754041, 1734433754442, 1734433754808, 1734433755187, 1734433755754, 1734433756066, 1734433756379, 1734433756643, 1734433756933, 1734433757263, 1734433757542, 1734433757858, 1734433758124, 1734433758435, 1734433758731, 1734433759033, 1734433759309, 1734433759741, 1734433759998, 1734433760290, 1734433760569, 1734433760827, 1734433761094, 1734433761380, 1734433761678, 1734433761953, 1734433762232, 1734433762503, 1734433762778, 1734433763059, 1734433763326, 1734433763608, 1734433763890, 1734433764164, 1734433764438, 1734433764712, 1734433764999, 1734433765257, 1734433765491, 1734433765764, 1734433766008, 1734433766291, 1734433766554, 1734433766905, 1734433767151, 1734433767428, 1734433767687, 1734433767937, 1734433768421, 1734433768700, 1734433768950, 1734433769195, 1734433769443, 
Plugin Outgoing Benchmark | start
size of start timestamps: 244
size of end timestamps: 229
latency: 420, 728, 959, 1274, 1587, 1900, 2077, 2077, 1842, 1873, 2288, 2316, 1971, 1958, 2297, 2281, 2623, 2822, 2896, 2926, 2927, 3274, 3222, 3154, 3188, 3328, 3604, 3889, 3841, 3803, 4049, 4359, 4363, 4390, 3984, 3893, 4303, 4675, 4338, 4495, 4676, 4734, 4641, 4738, 4801, 4461, 4600, 4867, 4885, 5058, 4910, 4998, 4797, 5058, 5203, 5034, 5231, 4851, 5043, 5259, 5293, 5257, 5704, 5679, 5357, 5325, 5310, 5169, 5570, 5876, 5447, 5812, 5506, 5460, 5700, 5428, 5461, 5716, 4719, 4832, 5162, 5541, 5340, 5360, 5279, 5320, 4920, 4506, 4739, 5096, 4891, 5200, 4885, 5353, 5517, 5450, 5402, 5499, 5755, 5837, 5302, 5306, 5732, 6150, 5541, 5808, 5461, 5779, 5887, 5956, 5618, 5512, 5360, 5425, 5487, 5103, 5318, 4579, 4825, 4530, 4380, 4403, 4764, 5103, 5495, 5526, 5290, 5612, 5758, 5837, 5859, 5723, 5516, 5516, 5452, 5508, 5792, 6004, 6023, 5930, 5970, 5853, 5801, 5417, 5596, 5315, 5565, 5183, 5413, 5765, 5705, 5804, 5417, 5464, 5670, 5716, 5623, 5275, 5437, 5681, 5863, 5798, 5741, 5718, 5653, 5507, 5405, 5447, 5333, 5312, 5103, 5116, 5013, 4958, 4909, 4795, 4739, 4478, 4604, 4608, 4123, 4320, 4576, 4549, 4557, 4163, 4422, 4327, 4391, 4179, 4155, 4323, 4289, 4435, 3943, 3944, 4186, 3981, 3951, 3927, 3637, 3883, 4001, 3804, 3907, 4043, 4108, 4123, 3979, 4093, 3947, 3978, 3895, 3990, 3923, 3994, 3503, 3254, 3499, 3732, 3969, 3996, 3758, 3834, 3987, 3970, 3960, 3991, 3797, 
start timestamps: 1734433690214, 1734433690273, 1734433690402, 1734433690449, 1734433690500, 1734433690545, 1734433690727, 1734433691080, 1734433691681, 1734433692057, 1734433692096, 1734433692447, 1734433693167, 1734433693559, 1734433693604, 1734433693994, 1734433693995, 1734433694162, 1734433694465, 1734433694827, 1734433695216, 1734433695334, 1734433695791, 1734433696284, 1734433696673, 1734433696894, 1734433697030, 1734433697173, 1734433697601, 1734433698029, 1734433698211, 1734433698285, 1734433698666, 1734433699026, 1734433699807, 1734433700292, 1734433700293, 1734433700320, 1734433701101, 1734433701347, 1734433701578, 1734433701915, 1734433702397, 1734433702727, 1734433703110, 1734433703886, 1734433704131, 1734433704338, 1734433704761, 1734433705006, 1734433705615, 1734433705994, 1734433706620, 1734433706776, 1734433707048, 1734433707655, 1734433707913, 1734433708733, 1734433708961, 1734433709208, 1734433709649, 1734433710100, 1734433710100, 1734433710536, 1734433711350, 1734433711846, 1734433712318, 1734433712904, 1734433712974, 1734433713177, 1734433714020, 1734433714107, 1734433714857, 1734433715369, 1734433715533, 1734433716226, 1734433716603, 1734433716823, 1734433718253, 1734433718541, 1734433718595, 1734433718625, 1734433719202, 1734433719568, 1734433720036, 1734433720408, 1734433721244, 1734433722066, 1734433722212, 1734433722278, 1734433722928, 1734433723027, 1734433723760, 1734433723760, 1734433724057, 1734433724544, 1734433725011, 1734433725344, 1734433725558, 1734433725884, 1734433726910, 1734433727345, 1734433727407, 1734433727448, 1734433728544, 1734433728698, 1734433729416, 1734433729479, 1734433729734, 1734433730007, 1734433730673, 1734433731132, 1734433731639, 1734433731935, 1734433732251, 1734433733020, 1734433733223, 1734433734315, 1734433734443, 1734433735101, 1734433735630, 1734433735973, 1734433735973, 1734433736019, 1734433736019, 1734433736361, 1734433737001, 1734433737140, 1734433737439, 1734433737739, 1734433738157, 1734433738699, 1734433739269, 1734433739622, 1734433740098, 1734433740463, 1734433740601, 1734433740804, 1734433741133, 1734433741595, 1734433741918, 1734433742374, 1734433742762, 1734433743466, 1734433743633, 1734433744281, 1734433744423, 1734433745152, 1734433745313, 1734433745313, 1734433745720, 1734433745974, 1734433746739, 1734433747063, 1734433747212, 1734433747531, 1734433748028, 1734433748718, 1734433748915, 1734433749051, 1734433749230, 1734433749629, 1734433750020, 1734433750359, 1734433750736, 1734433751178, 1734433751560, 1734433751826, 1734433752215, 1734433752550, 1734433753027, 1734433753325, 1734433753713, 1734433754050, 1734433754376, 1734433754762, 1734433755096, 1734433755666, 1734433755813, 1734433756094, 1734433756849, 1734433756942, 1734433756977, 1734433757287, 1734433757549, 1734433758209, 1734433758227, 1734433758585, 1734433758792, 1734433759299, 1734433759598, 1734433759719, 1734433760025, 1734433760151, 1734433760936, 1734433761205, 1734433761205, 1734433761686, 1734433761960, 1734433762240, 1734433762787, 1734433762787, 1734433762914, 1734433763356, 1734433763493, 1734433763615, 1734433763803, 1734433764051, 1734433764447, 1734433764611, 1734433765005, 1734433765214, 1734433765529, 1734433765676, 1734433766007, 1734433766176, 1734433766916, 1734433767402, 1734433767431, 1734433767449, 1734433767467, 1734433767685, 1734433768175, 1734433768367, 1734433768466, 1734433768722, 1734433768953, 1734433769207, 1734433769672, 1734433769686, 1734433769936, 1734433770191, 1734433770658, 1734433770789, 1734433771082, 1734433771308, 1734433771689, 1734433771938, 1734433772289, 1734433772602, 1734433772989, 1734433773091, 1734433773113, 1734433773333, 
end timestamps: 1734433690634, 1734433691001, 1734433691361, 1734433691723, 1734433692087, 1734433692445, 1734433692804, 1734433693157, 1734433693523, 1734433693930, 1734433694384, 1734433694763, 1734433695138, 1734433695517, 1734433695901, 1734433696275, 1734433696618, 1734433696984, 1734433697361, 1734433697753, 1734433698143, 1734433698608, 1734433699013, 1734433699438, 1734433699861, 1734433700222, 1734433700634, 1734433701062, 1734433701442, 1734433701832, 1734433702260, 1734433702644, 1734433703029, 1734433703416, 1734433703791, 1734433704185, 1734433704596, 1734433704995, 1734433705439, 1734433705842, 1734433706254, 1734433706649, 1734433707038, 1734433707465, 1734433707911, 1734433708347, 1734433708731, 1734433709205, 1734433709646, 1734433710064, 1734433710525, 1734433710992, 1734433711417, 1734433711834, 1734433712251, 1734433712689, 1734433713144, 1734433713584, 1734433714004, 1734433714467, 1734433714942, 1734433715357, 1734433715804, 1734433716215, 1734433716707, 1734433717171, 1734433717628, 1734433718073, 1734433718544, 1734433719053, 1734433719467, 1734433719919, 1734433720363, 1734433720829, 1734433721233, 1734433721654, 1734433722064, 1734433722539, 1734433722972, 1734433723373, 1734433723757, 1734433724166, 1734433724542, 1734433724928, 1734433725315, 1734433725728, 1734433726164, 1734433726572, 1734433726951, 1734433727374, 1734433727819, 1734433728227, 1734433728645, 1734433729113, 1734433729574, 1734433729994, 1734433730413, 1734433730843, 1734433731313, 1734433731721, 1734433732212, 1734433732651, 1734433733139, 1734433733598, 1734433734085, 1734433734506, 1734433734877, 1734433735258, 1734433735621, 1734433735963, 1734433736291, 1734433736644, 1734433736999, 1734433737360, 1734433737738, 1734433738123, 1734433738541, 1734433738894, 1734433739268, 1734433739631, 1734433740010, 1734433740376, 1734433740737, 1734433741122, 1734433741514, 1734433741887, 1734433742291, 1734433742752, 1734433743197, 1734433743576, 1734433744016, 1734433744422, 1734433744785, 1734433745138, 1734433745550, 1734433745971, 1734433746393, 1734433746808, 1734433747156, 1734433747525, 1734433747888, 1734433748227, 1734433748563, 1734433748883, 1734433749229, 1734433749596, 1734433749988, 1734433750335, 1734433750726, 1734433751078, 1734433751425, 1734433751778, 1734433752156, 1734433752527, 1734433752882, 1734433753247, 1734433753651, 1734433753993, 1734433754352, 1734433754732, 1734433755093, 1734433755427, 1734433755761, 1734433756077, 1734433756389, 1734433756685, 1734433756965, 1734433757273, 1734433757548, 1734433757862, 1734433758130, 1734433758441, 1734433758726, 1734433759008, 1734433759285, 1734433759557, 1734433759835, 1734433760144, 1734433760417, 1734433760702, 1734433760972, 1734433761262, 1734433761553, 1734433761836, 1734433762106, 1734433762372, 1734433762649, 1734433762912, 1734433763183, 1734433763478, 1734433763753, 1734433764042, 1734433764314, 1734433764586, 1734433764879, 1734433765149, 1734433765391, 1734433765667, 1734433765911, 1734433766167, 1734433766424, 1734433766670, 1734433766915, 1734433767160, 1734433767400, 1734433767658, 1734433767911, 1734433768174, 1734433768426, 1734433768704, 1734433768952, 1734433769192, 1734433769424, 1734433769666, 1734433769930, 1734433770170, 1734433770419, 1734433770656, 1734433770930, 1734433771181, 1734433771436, 1734433771681, 1734433771933, 1734433772201, 1734433772453, 1734433772692, 1734433772913, 1734433773198, 1734433773469, 
Plugin Incoming Benchmark | start
size of start timestamps: 204
size of end timestamps: 210
latency: 467, 366, 569, 385, 435, 754, 784, 469, 400, 475, 390, 395, 605, 718, 723, 569, 361, 577, 616, 409, 460, 667, 773, 868, 491, 155, 27, 136, 135, 0, 57, 5, 7, 379, 247, 31, 31, 25, 24, 11, 234, 5, 59, 8, 215, 261, 105, 44, 410, -9, -127, -392, -85, -406, -353, -223, -381, -415, -417, 0, -382, -393, -410, -380, -385, -406, 361, 221, -218, -49, -105, -668, -421, -27, 319, 36, -638, -444, 2, -415, -560, -461, -411, -501, -699, -747, -96, -98, -460, -828, -149, -468, -201, -588, -927, -814, -828, -798, -901, -1031, -876, -869, 9, -271, 5, 6, 7, -326, -634, -1018, -1068, -1123, -1397, -1471, -1104, -931, -754, -794, -697, -729, -987, -1157, -862, -1246, -866, -1135, -1145, -951, -1149, -846, -1104, -791, -1032, -1418, -1379, -1506, -1516, -1482, -1497, -1513, -1368, -1539, -1618, -1685, -1649, -1710, -1540, -1528, -1459, -1432, -1274, -1318, -1382, -1783, -1784, -2044, -2044, -2021, -1620, -1833, -1270, -1453, -1454, -1475, -1282, -1497, -1446, -1490, -1250, -1515, -1415, -1504, -1272, -1231, -1071, -1340, -1328, -1019, -1030, -1301, -1094, -1103, -1089, -824, -1107, -1253, -1086, -1221, -1390, -1208, -1047, -1155, -1240, -1289, -1142, -1239, -1147, -1387, -1375, -1259, -1024, -1272, -1503, -1488, 
start timestamps: 1734433690260, 1734433690714, 1734433691112, 1734433691672, 1734433692012, 1734433692413, 1734433692775, 1734433693135, 1734433693594, 1734433693990, 1734433694437, 1734433694821, 1734433695186, 1734433695566, 1734433695950, 1734433696325, 1734433696669, 1734433697024, 1734433697413, 1734433697802, 1734433698206, 1734433698630, 1734433699034, 1734433699424, 1734433699802, 1734433700165, 1734433700579, 1734433700965, 1734433701443, 1734433701915, 1734433702340, 1734433702722, 1734433703103, 1734433703507, 1734433703884, 1734433704307, 1734433704730, 1734433705132, 1734433705591, 1734433705983, 1734433706386, 1734433706771, 1734433707225, 1734433707647, 1734433708041, 1734433708472, 1734433708856, 1734433709261, 1734433709690, 1734433710109, 1734433710593, 1734433711017, 1734433711435, 1734433712252, 1734433712671, 1734433713127, 1734433713558, 1734433713982, 1734433714437, 1734433714857, 1734433715305, 1734433715762, 1734433716177, 1734433716606, 1734433717060, 1734433717474, 1734433717892, 1734433718320, 1734433718813, 1734433719251, 1734433719673, 1734433720364, 1734433720829, 1734433721271, 1734433721747, 1734433722176, 1734433722916, 1734433723372, 1734433723758, 1734433724175, 1734433724617, 1734433725005, 1734433725422, 1734433725845, 1734433726257, 1734433726631, 1734433727006, 1734433727443, 1734433727867, 1734433728276, 1734433728693, 1734433729166, 1734433729617, 1734433730067, 1734433730661, 1734433731081, 1734433731501, 1734433731930, 1734433732540, 1734433732966, 1734433733425, 1734433733889, 1734433734306, 1734433734714, 1734433735096, 1734433735624, 1734433735966, 1734433736299, 1734433736653, 1734433737037, 1734433737429, 1734433738124, 1734433738537, 1734433738910, 1734433739261, 1734433739630, 1734433740023, 1734433740416, 1734433740795, 1734433741192, 1734433741588, 1734433741961, 1734433742349, 1734433742841, 1734433743240, 1734433743623, 1734433744004, 1734433744417, 1734433744782, 1734433745127, 1734433745527, 1734433745943, 1734433746345, 1734433746731, 1734433747099, 1734433747480, 1734433747872, 1734433748221, 1734433748709, 1734433749044, 1734433749396, 1734433749764, 1734433750336, 1734433750736, 1734433751167, 1734433751517, 1734433751899, 1734433752264, 1734433752637, 1734433752992, 1734433753340, 1734433753709, 1734433754049, 1734433754450, 1734433754811, 1734433755428, 1734433755757, 1734433756071, 1734433756382, 1734433756649, 1734433756936, 1734433757266, 1734433757548, 1734433757862, 1734433758131, 1734433758439, 1734433758733, 1734433759039, 1734433759459, 1734433759742, 1734433760000, 1734433760296, 1734433760571, 1734433760829, 1734433761096, 1734433761388, 1734433761682, 1734433761955, 1734433762235, 1734433762506, 1734433762780, 1734433763063, 1734433763329, 1734433763611, 1734433763894, 1734433764167, 1734433764442, 1734433764714, 1734433765005, 1734433765259, 1734433765494, 1734433765766, 1734433766010, 1734433766294, 1734433766671, 1734433766915, 1734433767154, 1734433767433, 1734433767689, 1734433768175, 1734433768426, 1734433768703, 1734433768952, 1734433769207, 
end timestamps: 1734433690727, 1734433691080, 1734433691681, 1734433692057, 1734433692447, 1734433693167, 1734433693559, 1734433693604, 1734433693994, 1734433694465, 1734433694827, 1734433695216, 1734433695791, 1734433696284, 1734433696673, 1734433696894, 1734433697030, 1734433697601, 1734433698029, 1734433698211, 1734433698666, 1734433699297, 1734433699807, 1734433700292, 1734433700293, 1734433700320, 1734433700606, 1734433701101, 1734433701578, 1734433701915, 1734433702397, 1734433702727, 1734433703110, 1734433703886, 1734433704131, 1734433704338, 1734433704761, 1734433705157, 1734433705615, 1734433705994, 1734433706620, 1734433706776, 1734433707284, 1734433707655, 1734433708256, 1734433708733, 1734433708961, 1734433709305, 1734433710100, 1734433710100, 1734433710466, 1734433710625, 1734433711350, 1734433711846, 1734433712318, 1734433712904, 1734433713177, 1734433713567, 1734433714020, 1734433714857, 1734433714923, 1734433715369, 1734433715767, 1734433716226, 1734433716675, 1734433717068, 1734433718253, 1734433718541, 1734433718595, 1734433719202, 1734433719568, 1734433719696, 1734433720408, 1734433721244, 1734433722066, 1734433722212, 1734433722278, 1734433722928, 1734433723760, 1734433723760, 1734433724057, 1734433724544, 1734433725011, 1734433725344, 1734433725558, 1734433725884, 1734433726910, 1734433727345, 1734433727407, 1734433727448, 1734433728544, 1734433728698, 1734433729416, 1734433729479, 1734433729734, 1734433730267, 1734433730673, 1734433731132, 1734433731639, 1734433731935, 1734433732549, 1734433733020, 1734433734315, 1734433734443, 1734433735101, 1734433735630, 1734433735973, 1734433735973, 1734433736019, 1734433736019, 1734433736361, 1734433737001, 1734433737140, 1734433737439, 1734433738157, 1734433738699, 1734433739269, 1734433739622, 1734433740098, 1734433740463, 1734433740601, 1734433740804, 1734433741487, 1734433741595, 1734433742374, 1734433742488, 1734433742859, 1734433743466, 1734433743633, 1734433744281, 1734433744423, 1734433745152, 1734433745313, 1734433745313, 1734433745720, 1734433745974, 1734433746356, 1734433746739, 1734433747212, 1734433747531, 1734433748028, 1734433748225, 1734433748718, 1734433749051, 1734433749518, 1734433749807, 1734433750359, 1734433750736, 1734433751178, 1734433751560, 1734433752066, 1734433752391, 1734433752667, 1734433752667, 1734433753027, 1734433753384, 1734433753713, 1734433754050, 1734433754762, 1734433754816, 1734433755666, 1734433755813, 1734433756094, 1734433756387, 1734433756849, 1734433756942, 1734433757287, 1734433757549, 1734433758209, 1734433758227, 1734433758585, 1734433758792, 1734433759299, 1734433759598, 1734433760025, 1734433760048, 1734433760354, 1734433760936, 1734433761205, 1734433761205, 1734433761686, 1734433761960, 1734433762240, 1734433762787, 1734433762787, 1734433762914, 1734433763356, 1734433763493, 1734433763615, 1734433764051, 1734433764447, 1734433764611, 1734433764770, 1734433765005, 1734433765529, 1734433765676, 1734433766007, 1734433766046, 1734433766314, 1734433766916, 1734433767402, 1734433767431, 1734433767449, 1734433767719, 1734433768175, 1734433768466, 1734433768722, 1734433768953, 1734433769207, 1734433769672, 
