
**********************************************************
ConnectDAWs File Logger | only the ConnectionManagerThread will write to this file to avoid blocking calls inside the audio thread.
Log started: 17 Dec 2024 12:24:28pm

Network Benchmark | start
size of start timestamps: 244
size of end timestamps: 244
latency: -26894, -26912, -26969, -26987, -27037, -27046, -27044, -27045, -27092, -27116, -27135, -27163, -27138, -27141, -27260, -27303, -27320, -27352, -27347, -27391, -27441, -27452, -27497, -27520, -27538, -27566, -27580, -27631, -27576, -27640, -27689, -27721, -27732, -27749, -27776, -27797, -27832, -27854, -27791, -27802, -28083, -28092, -28140, -28176, -28144, -28175, -28212, -28108, -28085, -28160, -28188, -28211, -28341, -28434, -28458, -28342, -28338, -28248, -28231, -28236, -28296, -28188, -28019, -27938, -27910, -27909, -27867, -27759, -27560, -27511, -27508, -27463, -27559, -27461, -27326, -27208, -27229, -27094, -27092, -27057, -26991, -26895, -26837, -26752, -26656, -26525, -26389, -26226, -26070, -25949, -25809, -25522, -25473, -25381, -25250, -25125, -24987, -24836, -24662, -24498, -24389, -24290, -24165, -24012, -23887, -23794, -23684, -23511, -23393, -23262, -23098, -22931, -22809, -22635, -22427, -22219, -22046, -21842, -21723, -21518, -21213, -20937, -20759, -20538, -20318, -20122, -19895, -19695, -19443, -19086, -18917, -18700, -18620, -18447, -18248, -18046, -17834, -17659, -17373, -17146, -16928, -16665, -16392, -16177, -16096, -15883, -15706, -15550, -15287, -15091, -14890, -14692, -14533, -14377, -14203, -14044, -13768, -13525, -13355, -13166, -12995, -12853, -12528, -12372, -12202, -12034, -11834, -11701, -11507, -11302, -11135, -10997, -10840, -10646, -10504, -10332, -10202, -10042, -9885, -9616, -9431, -9283, -9143, -8988, -8810, -8526, -8345, -8177, -8009, -7867, -7712, -7568, -7421, -7202, -7047, -6864, -6738, -6614, -6419, -6251, -6060, -5848, -5640, -5476, -5277, -5001, -4872, -4611, -4433, -4267, -4089, -3861, -3681, -3522, -3312, -3151, -2677, -2516, -2344, -2126, -1956, -1789, -1665, -1377, -1239, -1050, -886, -662, -458, -228, 14, 269, 539, 703, 1070, 1270, 1452, 1644, 1813, 2124, 2383, 2615, 2936, 3161, 
start timestamps: 1734434584916, 1734434585242, 1734434585563, 1734434585902, 1734434586226, 1734434586554, 1734434586890, 1734434587198, 1734434587544, 1734434587876, 1734434588205, 1734434588527, 1734434588849, 1734434589168, 1734434589827, 1734434590177, 1734434590497, 1734434590833, 1734434591157, 1734434591499, 1734434592093, 1734434592424, 1734434592768, 1734434593089, 1734434593439, 1734434594078, 1734434594428, 1734434594780, 1734434595543, 1734434595910, 1734434596274, 1734434596656, 1734434597017, 1734434597379, 1734434597740, 1734434598103, 1734434598474, 1734434598823, 1734434599220, 1734434599582, 1734434600269, 1734434600647, 1734434601062, 1734434601463, 1734434601823, 1734434602221, 1734434602613, 1734434603024, 1734434603408, 1734434603841, 1734434604239, 1734434604623, 1734434605402, 1734434605959, 1734434606484, 1734434607054, 1734434607424, 1734434607775, 1734434608157, 1734434608561, 1734434609315, 1734434609667, 1734434610361, 1734434610719, 1734434611087, 1734434611454, 1734434611799, 1734434612131, 1734434612782, 1734434613091, 1734434613591, 1734434613928, 1734434614385, 1734434615369, 1734434616025, 1734434616367, 1734434616773, 1734434617127, 1734434617504, 1734434617821, 1734434618116, 1734434618399, 1734434618705, 1734434618988, 1734434619280, 1734434619564, 1734434619850, 1734434620149, 1734434620457, 1734434620751, 1734434621043, 1734434621348, 1734434621719, 1734434622062, 1734434622346, 1734434622643, 1734434622934, 1734434623225, 1734434623532, 1734434623851, 1734434624196, 1734434624522, 1734434624831, 1734434625134, 1734434625439, 1734434625767, 1734434626091, 1734434626389, 1734434626714, 1734434627034, 1734434627371, 1734434627679, 1734434628004, 1734434628295, 1734434628581, 1734434628898, 1734434629198, 1734434629481, 1734434629964, 1734434630272, 1734434630569, 1734434630865, 1734434631201, 1734434631496, 1734434631782, 1734434632097, 1734434632392, 1734434632685, 1734434632958, 1734434633236, 1734434633529, 1734434633797, 1734434634231, 1734434634530, 1734434634795, 1734434635055, 1734434635319, 1734434635581, 1734434636104, 1734434636434, 1734434636690, 1734434637063, 1734434637294, 1734434637536, 1734434637855, 1734434638100, 1734434638343, 1734434638582, 1734434638813, 1734434639270, 1734434639500, 1734434639769, 1734434640020, 1734434640271, 1734434640515, 1734434640743, 1734434641059, 1734434641424, 1734434641658, 1734434641896, 1734434642125, 1734434642373, 1734434642617, 1734434642849, 1734434643074, 1734434643304, 1734434643551, 1734434643800, 1734434644011, 1734434644225, 1734434644447, 1734434644665, 1734434644871, 1734434645297, 1734434645522, 1734434645767, 1734434645988, 1734434646211, 1734434646422, 1734434646667, 1734434646882, 1734434647105, 1734434647334, 1734434647697, 1734434647911, 1734434648218, 1734434648444, 1734434648667, 1734434648892, 1734434649116, 1734434649338, 1734434649556, 1734434649766, 1734434650220, 1734434650434, 1734434650667, 1734434650904, 1734434651144, 1734434651402, 1734434651631, 1734434651874, 1734434652157, 1734434652400, 1734434652661, 1734434652907, 1734434653146, 1734434653405, 1734434653641, 1734434653905, 1734434654160, 1734434654425, 1734434654671, 1734434654927, 1734434655200, 1734434655607, 1734434655842, 1734434656425, 1734434656666, 1734434656898, 1734434657119, 1734434657357, 1734434657581, 1734434658062, 1734434658334, 1734434658598, 1734434658858, 1734434659143, 1734434659403, 1734434659861, 1734434660125, 1734434660401, 1734434660682, 1734434660963, 1734434661413, 1734434661722, 1734434661990, 1734434662277, 1734434662559, 1734434662836, 1734434663477, 1734434663762, 1734434664050, 1734434664325, 1734434664639, 
end timestamps: 1734434558022, 1734434558330, 1734434558594, 1734434558915, 1734434559189, 1734434559508, 1734434559846, 1734434560153, 1734434560452, 1734434560760, 1734434561070, 1734434561364, 1734434561711, 1734434562027, 1734434562567, 1734434562874, 1734434563177, 1734434563481, 1734434563810, 1734434564108, 1734434564652, 1734434564972, 1734434565271, 1734434565569, 1734434565901, 1734434566512, 1734434566848, 1734434567149, 1734434567967, 1734434568270, 1734434568585, 1734434568935, 1734434569285, 1734434569630, 1734434569964, 1734434570306, 1734434570642, 1734434570969, 1734434571429, 1734434571780, 1734434572186, 1734434572555, 1734434572922, 1734434573287, 1734434573679, 1734434574046, 1734434574401, 1734434574916, 1734434575323, 1734434575681, 1734434576051, 1734434576412, 1734434577061, 1734434577525, 1734434578026, 1734434578712, 1734434579086, 1734434579527, 1734434579926, 1734434580325, 1734434581019, 1734434581479, 1734434582342, 1734434582781, 1734434583177, 1734434583545, 1734434583932, 1734434584372, 1734434585222, 1734434585580, 1734434586083, 1734434586465, 1734434586826, 1734434587908, 1734434588699, 1734434589159, 1734434589544, 1734434590033, 1734434590412, 1734434590764, 1734434591125, 1734434591504, 1734434591868, 1734434592236, 1734434592624, 1734434593039, 1734434593461, 1734434593923, 1734434594387, 1734434594802, 1734434595234, 1734434595826, 1734434596246, 1734434596681, 1734434597096, 1734434597518, 1734434597947, 1734434598389, 1734434598870, 1734434599353, 1734434599807, 1734434600232, 1734434600666, 1734434601122, 1734434601552, 1734434601973, 1734434602407, 1734434602878, 1734434603321, 1734434603772, 1734434604273, 1734434604748, 1734434605195, 1734434605660, 1734434606154, 1734434606679, 1734434607152, 1734434607639, 1734434608241, 1734434608754, 1734434609356, 1734434609928, 1734434610442, 1734434610958, 1734434611464, 1734434611975, 1734434612497, 1734434612990, 1734434613515, 1734434614150, 1734434614612, 1734434615097, 1734434615611, 1734434616083, 1734434616547, 1734434617009, 1734434617485, 1734434617922, 1734434618731, 1734434619288, 1734434619762, 1734434620398, 1734434620902, 1734434621359, 1734434621759, 1734434622217, 1734434622637, 1734434623032, 1734434623526, 1734434624179, 1734434624610, 1734434625077, 1734434625487, 1734434625894, 1734434626312, 1734434626699, 1734434627291, 1734434627899, 1734434628303, 1734434628730, 1734434629130, 1734434629520, 1734434630089, 1734434630477, 1734434630872, 1734434631270, 1734434631717, 1734434632099, 1734434632504, 1734434632923, 1734434633312, 1734434633668, 1734434634031, 1734434634651, 1734434635018, 1734434635435, 1734434635786, 1734434636169, 1734434636537, 1734434637051, 1734434637451, 1734434637822, 1734434638191, 1734434638709, 1734434639101, 1734434639692, 1734434640099, 1734434640490, 1734434640883, 1734434641249, 1734434641626, 1734434641988, 1734434642345, 1734434643018, 1734434643387, 1734434643803, 1734434644166, 1734434644530, 1734434644983, 1734434645380, 1734434645814, 1734434646309, 1734434646760, 1734434647185, 1734434647630, 1734434648145, 1734434648533, 1734434649030, 1734434649472, 1734434649893, 1734434650336, 1734434650810, 1734434651246, 1734434651678, 1734434652295, 1734434652691, 1734434653748, 1734434654150, 1734434654554, 1734434654993, 1734434655401, 1734434655792, 1734434656397, 1734434656957, 1734434657359, 1734434657808, 1734434658257, 1734434658741, 1734434659403, 1734434659897, 1734434660415, 1734434660951, 1734434661502, 1734434662116, 1734434662792, 1734434663260, 1734434663729, 1734434664203, 1734434664649, 1734434665601, 1734434666145, 1734434666665, 1734434667261, 1734434667800, 
Plugin Outgoing Benchmark | start
size of start timestamps: 291
size of end timestamps: 274
latency: 292, 278, 510, 327, 523, 312, 361, 592, 302, 320, 319, 333, 338, 431, 337, 598, 903, 1163, 1467, 1498, 1583, 1886, 1936, 1628, 1794, 1599, 1889, 2069, 2323, 2446, 2504, 2706, 2290, 2293, 2469, 2697, 2598, 2583, 2790, 3021, 3258, 3475, 3711, 4026, 3773, 3860, 3825, 3607, 3478, 3336, 3538, 3348, 3233, 3496, 3645, 3477, 3637, 3515, 3751, 4084, 3748, 4181, 4199, 4328, 4706, 4609, 4291, 4339, 4730, 5103, 4956, 5182, 5244, 5310, 4927, 4930, 4532, 4631, 4889, 5198, 5156, 5078, 5023, 5068, 4907, 4994, 5051, 5079, 5098, 5476, 5450, 5416, 5449, 5072, 5069, 4954, 5268, 5343, 4990, 5195, 5309, 5079, 5086, 5067, 5432, 5182, 5169, 5331, 5383, 5355, 5063, 5178, 5465, 5559, 5439, 5210, 5452, 5302, 5291, 5288, 5324, 5355, 4929, 5385, 5831, 5825, 5722, 5864, 5903, 5558, 5527, 5268, 5245, 5329, 5441, 5414, 5356, 5122, 4965, 5357, 5628, 5162, 5501, 5528, 5124, 5356, 5355, 5247, 5512, 5281, 5053, 4954, 5060, 5512, 5477, 5562, 5512, 5380, 5601, 5774, 5729, 5415, 5524, 5081, 4855, 5259, 5030, 5425, 5407, 5690, 5681, 5834, 5830, 5690, 6071, 6099, 6024, 6053, 6039, 6106, 6354, 6353, 6095, 6310, 6429, 6421, 6429, 6486, 6480, 6393, 6160, 6342, 5935, 6258, 6247, 5590, 5703, 5511, 5536, 5431, 5798, 6102, 6247, 6065, 6027, 5821, 6070, 6031, 5991, 6177, 6262, 6164, 6276, 6282, 5914, 6129, 6155, 6024, 5906, 6142, 6262, 5917, 6158, 6406, 6422, 6299, 6079, 6184, 6253, 6327, 6262, 6489, 6095, 6520, 6581, 7052, 7116, 7137, 6775, 6660, 6629, 5956, 6024, 5125, 4224, 3712, 3591, 3584, 3878, 3889, 4245, 4614, 5041, 5433, 5714, 5815, 5888, 5875, 5655, 5773, 5716, 5818, 6050, 6176, 5941, 6206, 5817, 6213, 6620, 6602, 6609, 6838, 7269, 7521, 
start timestamps: 1734434557772, 1734434558106, 1734434558145, 1734434558597, 1734434558666, 1734434559225, 1734434559485, 1734434559546, 1734434560167, 1734434560477, 1734434560787, 1734434561071, 1734434561372, 1734434561576, 1734434562033, 1734434562079, 1734434562080, 1734434562124, 1734434562125, 1734434562396, 1734434562618, 1734434562619, 1734434562880, 1734434563510, 1734434563640, 1734434564134, 1734434564158, 1734434564295, 1734434564338, 1734434564568, 1734434564823, 1734434564943, 1734434565735, 1734434566036, 1734434566165, 1734434566236, 1734434566663, 1734434567022, 1734434567196, 1734434567294, 1734434567390, 1734434567499, 1734434567621, 1734434567662, 1734434568278, 1734434568548, 1734434568941, 1734434569497, 1734434569973, 1734434570489, 1734434570639, 1734434571198, 1734434571690, 1734434571827, 1734434572032, 1734434572561, 1734434572768, 1734434573294, 1734434573459, 1734434573485, 1734434574191, 1734434574191, 1734434574557, 1734434574799, 1734434574855, 1734434575334, 1734434576048, 1734434576474, 1734434576500, 1734434576560, 1734434577088, 1734434577274, 1734434577651, 1734434577966, 1734434578720, 1734434579134, 1734434579949, 1734434580215, 1734434580363, 1734434580413, 1734434580816, 1734434581265, 1734434581691, 1734434582053, 1734434582623, 1734434582907, 1734434583288, 1734434583656, 1734434584066, 1734434584066, 1734434584521, 1734434584929, 1734434585254, 1734434585987, 1734434586354, 1734434586834, 1734434586900, 1734434587213, 1734434587967, 1734434588181, 1734434588480, 1734434589137, 1734434589552, 1734434589987, 1734434590073, 1734434590774, 1734434591195, 1734434591433, 1734434591800, 1734434592247, 1734434592959, 1734434593281, 1734434593474, 1734434593844, 1734434594398, 1734434595063, 1734434595246, 1734434595840, 1734434596284, 1734434596692, 1734434597109, 1734434597527, 1734434598403, 1734434598403, 1734434598463, 1734434598919, 1734434599473, 1734434599803, 1734434600266, 1734434601134, 1734434601625, 1734434602363, 1734434602885, 1734434603322, 1734434603698, 1734434604282, 1734434604934, 1734434605674, 1734434606341, 1734434606460, 1734434606692, 1734434607652, 1734434607783, 1734434608278, 1734434609142, 1734434609357, 1734434609825, 1734434610444, 1734434610641, 1734434611323, 1734434611994, 1734434612526, 1734434612857, 1734434612858, 1734434613334, 1734434613684, 1734434614159, 1734434614728, 1734434614915, 1734434615132, 1734434615634, 1734434616334, 1734434616617, 1734434617482, 1734434618107, 1734434618108, 1734434618787, 1734434618787, 1734434619206, 1734434619333, 1734434619746, 1734434619987, 1734434620408, 1734434620939, 1734434620980, 1734434621369, 1734434621840, 1734434622215, 1734434622628, 1734434622996, 1734434623144, 1734434623561, 1734434624222, 1734434624402, 1734434624677, 1734434625118, 1734434625499, 1734434625832, 1734434626241, 1734434626712, 1734434627301, 1734434627476, 1734434628256, 1734434628311, 1734434628670, 1734434629687, 1734434629928, 1734434630485, 1734434630813, 1734434631278, 1734434631279, 1734434631369, 1734434631581, 1734434632137, 1734434632557, 1734434633116, 1734434633232, 1734434633676, 1734434634080, 1734434634280, 1734434634581, 1734434635033, 1734434635285, 1734434635640, 1734434636360, 1734434636545, 1734434636868, 1734434637348, 1734434637837, 1734434637969, 1734434638219, 1734434638953, 1734434639111, 1734434639305, 1734434639732, 1734434640266, 1734434640892, 1734434641207, 1734434641564, 1734434641898, 1734434642356, 1734434642538, 1734434643396, 1734434643397, 1734434643754, 1734434643755, 1734434644122, 1734434644539, 1734434645386, 1734434645902, 1734434646356, 1734434647408, 1734434647745, 1734434649036, 1734434650345, 1734434651256, 1734434651759, 1734434652163, 1734434652296, 1734434652709, 1734434652764, 1734434652795, 1734434652824, 1734434652877, 1734434653022, 1734434653377, 1734434653759, 1734434654267, 1734434654983, 1734434655362, 1734434655950, 1734434656364, 1734434656599, 1734434656969, 1734434657670, 1734434657877, 1734434658746, 1734434658813, 1734434658903, 1734434659416, 1734434659901, 1734434660230, 1734434660356, 1734434660649, 1734434661137, 1734434661561, 1734434661854, 1734434661928, 1734434661961, 1734434661961, 1734434662184, 1734434662687, 1734434663157, 1734434664084, 1734434664649, 1734434665061, 1734434665603, 1734434665637, 1734434666063, 1734434666520, 1734434667072, 
end timestamps: 1734434558064, 1734434558384, 1734434558655, 1734434558924, 1734434559189, 1734434559537, 1734434559846, 1734434560138, 1734434560469, 1734434560797, 1734434561106, 1734434561404, 1734434561710, 1734434562007, 1734434562370, 1734434562677, 1734434562983, 1734434563287, 1734434563592, 1734434563894, 1734434564201, 1734434564505, 1734434564816, 1734434565138, 1734434565434, 1734434565733, 1734434566047, 1734434566364, 1734434566661, 1734434567014, 1734434567327, 1734434567649, 1734434568025, 1734434568329, 1734434568634, 1734434568933, 1734434569261, 1734434569605, 1734434569986, 1734434570315, 1734434570648, 1734434570974, 1734434571332, 1734434571688, 1734434572051, 1734434572408, 1734434572766, 1734434573104, 1734434573451, 1734434573825, 1734434574177, 1734434574546, 1734434574923, 1734434575323, 1734434575677, 1734434576038, 1734434576405, 1734434576809, 1734434577210, 1734434577569, 1734434577939, 1734434578372, 1734434578756, 1734434579127, 1734434579561, 1734434579943, 1734434580339, 1734434580813, 1734434581230, 1734434581663, 1734434582044, 1734434582456, 1734434582895, 1734434583276, 1734434583647, 1734434584064, 1734434584481, 1734434584846, 1734434585252, 1734434585611, 1734434585972, 1734434586343, 1734434586714, 1734434587121, 1734434587530, 1734434587901, 1734434588339, 1734434588735, 1734434589164, 1734434589542, 1734434589971, 1734434590345, 1734434590703, 1734434591059, 1734434591423, 1734434591788, 1734434592168, 1734434592556, 1734434592957, 1734434593376, 1734434593789, 1734434594216, 1734434594638, 1734434595054, 1734434595505, 1734434595956, 1734434596364, 1734434596764, 1734434597183, 1734434597602, 1734434598022, 1734434598459, 1734434598939, 1734434599403, 1734434599837, 1734434600273, 1734434600698, 1734434601142, 1734434601575, 1734434601980, 1734434602433, 1734434602882, 1734434603332, 1734434603788, 1734434604294, 1734434604744, 1734434605195, 1734434605667, 1734434606169, 1734434606692, 1734434607152, 1734434607631, 1734434608130, 1734434608651, 1734434609139, 1734434609696, 1734434610290, 1734434610796, 1734434611306, 1734434611817, 1734434612320, 1734434612814, 1734434613284, 1734434613806, 1734434614266, 1734434614713, 1734434615180, 1734434615691, 1734434616153, 1734434616604, 1734434617047, 1734434617480, 1734434617917, 1734434618370, 1734434618811, 1734434619246, 1734434619671, 1734434620108, 1734434620516, 1734434620906, 1734434621363, 1734434621749, 1734434622141, 1734434622563, 1734434622962, 1734434623367, 1734434623817, 1734434624212, 1734434624613, 1734434625023, 1734434625427, 1734434625821, 1734434626238, 1734434626629, 1734434627051, 1734434627468, 1734434627864, 1734434628268, 1734434628667, 1734434629102, 1734434629498, 1734434629914, 1734434630317, 1734434630712, 1734434631106, 1734434631539, 1734434631928, 1734434632318, 1734434632721, 1734434633105, 1734434633461, 1734434633818, 1734434634191, 1734434634569, 1734434634917, 1734434635277, 1734434635631, 1734434635996, 1734434636349, 1734434636709, 1734434637077, 1734434637471, 1734434637828, 1734434638202, 1734434638584, 1734434638937, 1734434639302, 1734434639707, 1734434640071, 1734434640457, 1734434640843, 1734434641197, 1734434641561, 1734434641922, 1734434642274, 1734434642674, 1734434643023, 1734434643372, 1734434643743, 1734434644111, 1734434644481, 1734434644870, 1734434645269, 1734434645711, 1734434646154, 1734434646565, 1734434646971, 1734434647391, 1734434647817, 1734434648225, 1734434648618, 1734434649027, 1734434649491, 1734434649917, 1734434650335, 1734434650807, 1734434651238, 1734434651676, 1734434652161, 1734434652562, 1734434652985, 1734434653364, 1734434653769, 1734434654161, 1734434654569, 1734434654968, 1734434655350, 1734434655747, 1734434656174, 1734434656598, 1734434657009, 1734434657409, 1734434657865, 1734434658310, 1734434658736, 1734434659192, 1734434659647, 1734434660142, 1734434660638, 1734434661135, 1734434661666, 1734434662182, 1734434662649, 1734434663145, 1734434663611, 1734434664083, 1734434664563, 1734434665026, 1734434665523, 1734434666018, 1734434666510, 1734434667068, 1734434667625, 1734434668170, 
Plugin Incoming Benchmark | start
size of start timestamps: 245
size of end timestamps: 249
latency: 357, 548, 333, 578, 559, 355, 629, 629, 632, 618, 610, 503, 627, 353, 350, 43, 0, 328, 139, 322, -173, 167, 760, 763, 570, 31, 141, 172, -395, 305, 275, 310, 541, 686, 857, 658, 880, 1045, 727, 593, 721, 558, 712, 501, 160, 500, 144, 6, -121, 8, 359, 420, -194, -611, -572, -776, -647, -369, -397, 15, -377, -697, -881, -838, -170, -272, -261, -401, -788, -1159, -1317, -833, -482, -1177, -1478, -1803, -1195, -510, -486, -428, -694, -355, -313, -438, -440, -394, -114, -212, -498, -546, -419, -352, -585, -421, -400, -407, -417, -431, 0, -495, -916, -893, -766, -888, -861, -441, -358, -71, 2, -4, -78, -12, 178, 477, 674, 302, 7, 497, 39, 9, 341, -6, -137, -3, -322, -147, -3, -8, -152, -830, -841, -943, -945, -908, -1176, -1420, -1421, -1154, -1690, -1369, -1230, -1915, -1730, -2143, -2038, -1839, -1839, -1700, -1771, -1952, -1582, -1683, -1937, -1943, -1703, -1643, -1770, -1988, -1683, -1622, -1816, -1834, -1431, -1782, -1740, -1194, -1366, -1236, -1310, -1255, -1669, -1947, -1542, -1730, -1539, -1818, -1763, -1727, -2066, -1658, -1778, -1834, -1876, -1995, -2181, -1956, -1896, -2139, -2284, -1946, -2159, -1897, -1726, -1778, -1835, -1875, -1908, -1826, -2045, -1589, -1988, -1779, -1822, -1378, -1308, -1381, -740, -873, -27, 867, 1336, 1406, 1350, 1047, 795, 466, -572, -944, -1276, -1565, -1622, -1645, -1708, -1564, -1600, -1413, -1449, -1716, -1978, -1765, -2044, -1712, -2190, -2695, -2914, -2566, -2619, -2597, -2645, -2943, -2503, -2064, -2072, -2203, -2496, 
start timestamps: 1734434557749, 1734434558049, 1734434558333, 1734434558647, 1734434558926, 1734434559191, 1734434559538, 1734434559848, 1734434560155, 1734434560453, 1734434560762, 1734434561073, 1734434561406, 1734434561726, 1734434562268, 1734434562576, 1734434562880, 1734434563182, 1734434563501, 1734434563812, 1734434564331, 1734434564656, 1734434564975, 1734434565273, 1734434565595, 1734434566205, 1734434566522, 1734434566850, 1734434567591, 1734434567973, 1734434568273, 1734434568631, 1734434568956, 1734434569287, 1734434569632, 1734434569981, 1734434570318, 1734434570645, 1734434571100, 1734434571439, 1734434571840, 1734434572210, 1734434572582, 1734434572958, 1734434573325, 1734434573691, 1734434574047, 1734434574551, 1734434574920, 1734434575326, 1734434575689, 1734434576054, 1734434576694, 1734434577171, 1734434577660, 1734434578339, 1734434578724, 1734434579089, 1734434579531, 1734434579934, 1734434580592, 1734434581060, 1734434581946, 1734434582347, 1734434582793, 1734434583179, 1734434583549, 1734434583975, 1734434584854, 1734434585225, 1734434585718, 1734434586087, 1734434586469, 1734434587531, 1734434588312, 1734434588703, 1734434589162, 1734434589647, 1734434590038, 1734434590415, 1734434590767, 1734434591129, 1734434591508, 1734434591871, 1734434592240, 1734434592641, 1734434593073, 1734434593494, 1734434593972, 1734434594390, 1734434594817, 1734434595415, 1734434595831, 1734434596261, 1734434596684, 1734434597099, 1734434597526, 1734434597958, 1734434598403, 1734434598898, 1734434599379, 1734434599812, 1734434600239, 1734434600691, 1734434601127, 1734434601575, 1734434601983, 1734434602434, 1734434602883, 1734434603326, 1734434603776, 1734434604294, 1734434604756, 1734434605197, 1734434605667, 1734434606158, 1734434606685, 1734434607155, 1734434607744, 1734434608269, 1734434608801, 1734434609363, 1734434609962, 1734434610447, 1734434610963, 1734434611470, 1734434611997, 1734434612534, 1734434613009, 1734434613688, 1734434614175, 1734434614627, 1734434615104, 1734434615636, 1734434616091, 1734434616552, 1734434617055, 1734434617488, 1734434618307, 1734434618851, 1734434619337, 1734434620023, 1734434620517, 1734434620930, 1734434621371, 1734434621826, 1734434622247, 1734434622639, 1734434623140, 1734434623792, 1734434624210, 1734434624679, 1734434625081, 1734434625504, 1734434625925, 1734434626320, 1734434626888, 1734434627487, 1734434627924, 1734434628334, 1734434628734, 1734434629135, 1734434629687, 1734434630093, 1734434630482, 1734434630881, 1734434631294, 1734434631721, 1734434632123, 1734434632533, 1734434632948, 1734434633316, 1734434633679, 1734434634287, 1734434634655, 1734434635050, 1734434635439, 1734434635807, 1734434636188, 1734434636691, 1734434637063, 1734434637474, 1734434637827, 1734434638355, 1734434638726, 1734434639304, 1734434639733, 1734434640108, 1734434640503, 1734434640899, 1734434641270, 1734434641629, 1734434641992, 1734434642670, 1734434643042, 1734434643439, 1734434643806, 1734434644182, 1734434644583, 1734434644986, 1734434645385, 1734434645901, 1734434646361, 1734434646764, 1734434647210, 1734434647737, 1734434648148, 1734434648618, 1734434649063, 1734434649478, 1734434649920, 1734434650353, 1734434650813, 1734434651249, 1734434651914, 1734434652298, 1734434653367, 1734434653768, 1734434654153, 1734434654587, 1734434654999, 1734434655404, 1734434655975, 1734434656547, 1734434656962, 1734434657363, 1734434657813, 1734434658315, 1734434658947, 1734434659435, 1734434659921, 1734434660458, 1734434661003, 1734434661598, 1734434662330, 1734434662796, 1734434663268, 1734434663734, 1734434664206, 1734434665127, 1734434665660, 1734434666148, 1734434666721, 1734434667264, 1734434668099, 
end timestamps: 1734434558106, 1734434558597, 1734434558666, 1734434559225, 1734434559485, 1734434559546, 1734434560167, 1734434560477, 1734434560787, 1734434561071, 1734434561372, 1734434561576, 1734434562033, 1734434562079, 1734434562618, 1734434562619, 1734434562880, 1734434563510, 1734434563640, 1734434564134, 1734434564158, 1734434564823, 1734434565735, 1734434566036, 1734434566165, 1734434566236, 1734434566663, 1734434567022, 1734434567196, 1734434568278, 1734434568548, 1734434568941, 1734434569497, 1734434569973, 1734434570489, 1734434570639, 1734434571198, 1734434571690, 1734434571827, 1734434572032, 1734434572561, 1734434572768, 1734434573294, 1734434573459, 1734434573485, 1734434574191, 1734434574191, 1734434574557, 1734434574799, 1734434575334, 1734434576048, 1734434576474, 1734434576500, 1734434576560, 1734434577088, 1734434577563, 1734434578077, 1734434578720, 1734434579134, 1734434579949, 1734434580215, 1734434580363, 1734434581065, 1734434581509, 1734434582623, 1734434582907, 1734434583288, 1734434583574, 1734434584066, 1734434584066, 1734434584401, 1734434585254, 1734434585987, 1734434586354, 1734434586834, 1734434586900, 1734434587967, 1734434589137, 1734434589552, 1734434589987, 1734434590073, 1734434590774, 1734434591195, 1734434591433, 1734434591800, 1734434592247, 1734434592959, 1734434593282, 1734434593474, 1734434593844, 1734434594398, 1734434595063, 1734434595246, 1734434595840, 1734434596284, 1734434596692, 1734434597109, 1734434597527, 1734434598403, 1734434598403, 1734434598463, 1734434598919, 1734434599473, 1734434599803, 1734434600266, 1734434601134, 1734434601625, 1734434602363, 1734434602885, 1734434603322, 1734434603698, 1734434604282, 1734434604934, 1734434605674, 1734434606341, 1734434606460, 1734434606692, 1734434607652, 1734434607783, 1734434608278, 1734434609142, 1734434609357, 1734434609825, 1734434610444, 1734434610641, 1734434611323, 1734434611994, 1734434612526, 1734434612857, 1734434612858, 1734434613334, 1734434613684, 1734434614159, 1734434614728, 1734434614915, 1734434615132, 1734434615634, 1734434616334, 1734434616617, 1734434617482, 1734434618107, 1734434618108, 1734434618787, 1734434618787, 1734434619333, 1734434619987, 1734434620408, 1734434620939, 1734434621369, 1734434621840, 1734434622628, 1734434622996, 1734434623144, 1734434623561, 1734434624222, 1734434624677, 1734434625118, 1734434625499, 1734434626241, 1734434626712, 1734434626918, 1734434627301, 1734434628256, 1734434628311, 1734434628742, 1734434629687, 1734434629928, 1734434630485, 1734434630813, 1734434631278, 1734434631279, 1734434631369, 1734434632137, 1734434632557, 1734434633116, 1734434633232, 1734434633676, 1734434634080, 1734434634122, 1734434635033, 1734434635285, 1734434635640, 1734434635951, 1734434636360, 1734434636545, 1734434637348, 1734434637837, 1734434637969, 1734434638219, 1734434638953, 1734434639111, 1734434639732, 1734434640266, 1734434640892, 1734434641207, 1734434641564, 1734434641898, 1734434642356, 1734434642538, 1734434643397, 1734434643397, 1734434644122, 1734434644539, 1734434645386, 1734434645902, 1734434646356, 1734434647408, 1734434647745, 1734434649036, 1734434650345, 1734434651256, 1734434651759, 1734434652163, 1734434652296, 1734434652709, 1734434652764, 1734434652795, 1734434652824, 1734434652877, 1734434653022, 1734434653377, 1734434653759, 1734434654267, 1734434654983, 1734434655362, 1734434655950, 1734434656364, 1734434656599, 1734434656969, 1734434657670, 1734434657877, 1734434658746, 1734434658813, 1734434658903, 1734434659416, 1734434660230, 1734434660649, 1734434661137, 1734434661561, 1734434662184, 1734434663157, 1734434664084, 1734434664649, 1734434665061, 1734434665603, 1734434665637, 1734434666520, 1734434667072, 1734434667313, 
