
**********************************************************
ConnectDAWs File Logger | only the ConnectionManagerThread will write to this file to avoid blocking calls inside the audio thread.
Log started: 17 Dec 2024 12:30:31pm

Network Benchmark | start
size of start timestamps: 152
size of end timestamps: 152
latency: -39319, -39485, -39925, -40162, -40141, -40222, -40483, -40654, -40847, -41024, -41272, -41489, -41627, -41821, -42024, -42244, -42443, -42635, -42856, -43118, -43304, -43520, -43746, -43935, -44171, -44372, -44613, -44823, -45049, -45265, -45439, -45616, -45799, -46012, -46174, -46376, -46720, -47052, -47287, -47489, -47694, -47876, -48065, -48257, -48400, -48547, -48702, -48918, -49108, -49270, -49435, -49672, -49818, -49704, -49903, -50100, -50290, -50471, -50426, -50601, -50730, -50824, -50982, -51137, -51287, -51451, -51658, -51826, -51977, -52162, -52329, -52508, -52642, -52804, -52974, -53136, -53365, -53491, -53631, -53770, -53914, -54008, -54119, -54193, -54254, -54375, -54441, -54520, -54626, -54736, -54819, -54948, -55091, -55170, -55284, -55393, -55479, -55493, -55266, -55340, -55480, -55619, -55720, -55825, -55853, -55906, -55821, -55799, -55774, -55820, -55836, -56346, -56437, -56506, -56280, -56366, -56384, -56419, -56396, -56413, -56413, -56432, -56461, -56529, -56568, -56884, -57003, -57019, -57026, -57005, -56944, -56948, -56878, -56714, -56784, -56826, -56665, -56121, -56058, -56008, -55861, -55803, -55764, -55695, -55656, -55681, -56049, -55627, -55649, -55625, -55565, -55452, 
start timestamps: 1734435009481, 1734435009916, 1734435010848, 1734435011358, 1734435011807, 1734435012229, 1734435012721, 1734435013132, 1734435013564, 1734435014000, 1734435014497, 1734435014971, 1734435015443, 1734435015914, 1734435016436, 1734435016939, 1734435017431, 1734435017915, 1734435018425, 1734435018966, 1734435019446, 1734435019944, 1734435020452, 1734435020931, 1734435021450, 1734435021903, 1734435022405, 1734435022878, 1734435023350, 1734435023837, 1734435024273, 1734435024720, 1734435025192, 1734435025673, 1734435026158, 1734435026666, 1734435027278, 1734435027879, 1734435028370, 1734435028832, 1734435029286, 1734435029727, 1734435030172, 1734435030628, 1734435031122, 1734435031563, 1734435032015, 1734435032531, 1734435033004, 1734435033507, 1734435033975, 1734435034487, 1734435034979, 1734435035434, 1734435035933, 1734435036417, 1734435036895, 1734435037378, 1734435037843, 1734435038311, 1734435038797, 1734435039241, 1734435039686, 1734435040138, 1734435040634, 1734435041091, 1734435041588, 1734435042060, 1734435042517, 1734435043020, 1734435043522, 1734435044015, 1734435044509, 1734435045020, 1734435045541, 1734435046051, 1734435046617, 1734435047078, 1734435047549, 1734435048000, 1734435048460, 1734435048872, 1734435049302, 1734435049697, 1734435050103, 1734435050550, 1734435050944, 1734435051362, 1734435051803, 1734435052236, 1734435052675, 1734435053114, 1734435053566, 1734435053976, 1734435054416, 1734435054856, 1734435055296, 1734435055733, 1734435056165, 1734435056611, 1734435057098, 1734435057593, 1734435058030, 1734435058497, 1734435058925, 1734435059389, 1734435059823, 1734435060256, 1734435060663, 1734435061118, 1734435061548, 1734435062453, 1734435062888, 1734435063318, 1734435063740, 1734435064183, 1734435064560, 1734435064951, 1734435065320, 1734435065696, 1734435066095, 1734435066499, 1734435066920, 1734435067355, 1734435067761, 1734435068436, 1734435068947, 1734435069350, 1734435069726, 1734435070094, 1734435070478, 1734435070908, 1734435071308, 1734435071739, 1734435072251, 1734435072721, 1734435073102, 1734435073481, 1734435073854, 1734435074235, 1734435074581, 1734435074951, 1734435075320, 1734435075697, 1734435076100, 1734435076517, 1734435077292, 1734435077678, 1734435078095, 1734435078462, 1734435078798, 1734435079128, 
end timestamps: 1734434970162, 1734434970431, 1734434970923, 1734434971196, 1734434971666, 1734434972007, 1734434972238, 1734434972478, 1734434972717, 1734434972976, 1734434973225, 1734434973482, 1734434973816, 1734434974093, 1734434974412, 1734434974695, 1734434974988, 1734434975280, 1734434975569, 1734434975848, 1734434976142, 1734434976424, 1734434976706, 1734434976996, 1734434977279, 1734434977531, 1734434977792, 1734434978055, 1734434978301, 1734434978572, 1734434978834, 1734434979104, 1734434979393, 1734434979661, 1734434979984, 1734434980290, 1734434980558, 1734434980827, 1734434981083, 1734434981343, 1734434981592, 1734434981851, 1734434982107, 1734434982371, 1734434982722, 1734434983016, 1734434983313, 1734434983613, 1734434983896, 1734434984237, 1734434984540, 1734434984815, 1734434985161, 1734434985730, 1734434986030, 1734434986317, 1734434986605, 1734434986907, 1734434987417, 1734434987710, 1734434988067, 1734434988417, 1734434988704, 1734434989001, 1734434989347, 1734434989640, 1734434989930, 1734434990234, 1734434990540, 1734434990858, 1734434991193, 1734434991507, 1734434991867, 1734434992216, 1734434992567, 1734434992915, 1734434993252, 1734434993587, 1734434993918, 1734434994230, 1734434994546, 1734434994864, 1734434995183, 1734434995504, 1734434995849, 1734434996175, 1734434996503, 1734434996842, 1734434997177, 1734434997500, 1734434997856, 1734434998166, 1734434998475, 1734434998806, 1734434999132, 1734434999463, 1734434999817, 1734435000240, 1734435000899, 1734435001271, 1734435001618, 1734435001974, 1734435002310, 1734435002672, 1734435003072, 1734435003483, 1734435004002, 1734435004457, 1734435004889, 1734435005298, 1734435005712, 1734435006107, 1734435006451, 1734435006812, 1734435007460, 1734435007817, 1734435008176, 1734435008532, 1734435008924, 1734435009283, 1734435009682, 1734435010067, 1734435010459, 1734435010826, 1734435011193, 1734435011552, 1734435011944, 1734435012331, 1734435012700, 1734435013089, 1734435013534, 1734435013960, 1734435014430, 1734435015025, 1734435015467, 1734435015895, 1734435016437, 1734435017360, 1734435017796, 1734435018227, 1734435018720, 1734435019148, 1734435019556, 1734435020002, 1734435020444, 1734435020836, 1734435021243, 1734435022051, 1734435022446, 1734435022837, 1734435023233, 1734435023676, 
Plugin Outgoing Benchmark | start
size of start timestamps: 143
size of end timestamps: 139
latency: 230, 256, 242, 443, 509, 473, 233, 240, 234, 275, 275, 265, 300, 307, 283, 296, 431, 268, 284, 288, 274, 563, 575, 265, 250, 264, 278, 312, 263, 263, 392, 262, 262, 844, 847, 669, 1143, 637, 924, 875, 895, 886, 896, 804, 575, 896, 626, 613, 588, 614, 1179, 583, 786, 657, 781, 1020, 726, 1130, 805, 1015, 654, 945, 925, 960, 665, 711, 676, 918, 695, 715, 966, 664, 1059, 738, 1005, 755, 1007, 1361, 1565, 1748, 1031, 1512, 1564, 1733, 1728, 1286, 1234, 1211, 1532, 1792, 1479, 1490, 1402, 1479, 1538, 1541, 1521, 1620, 1095, 1163, 1189, 1156, 1592, 1576, 1312, 1607, 1745, 1755, 2115, 1827, 1925, 1817, 1321, 1571, 2181, 2087, 1293, 1214, 1405, 1629, 1631, 2047, 2032, 2321, 2511, 1964, 2054, 1720, 1571, 1583, 1917, 2367, 2286, 2330, 1922, 1853, 2273, 1826, 1679, 
start timestamps: 1734434969950, 1734434970180, 1734434970442, 1734434970506, 1734434970689, 1734434970957, 1734434971541, 1734434971909, 1734434972243, 1734434972726, 1734434972983, 1734434973245, 1734434973519, 1734434973822, 1734434974418, 1734434974702, 1734434974848, 1734434975281, 1734434975587, 1734434976143, 1734434976460, 1734434976475, 1734434976736, 1734434977537, 1734434978302, 1734434978720, 1734434979175, 1734434979401, 1734434979761, 1734434980031, 1734434980315, 1734434980807, 1734434981593, 1734434981594, 1734434982173, 1734434982731, 1734434983097, 1734434983905, 1734434984226, 1734434984552, 1734434984839, 1734434985152, 1734434985737, 1734434986324, 1734434986842, 1734434986877, 1734434987490, 1734434987825, 1734434988139, 1734434988406, 1734434988715, 1734434989604, 1734434989902, 1734434990354, 1734434990547, 1734434990889, 1734434991541, 1734434991606, 1734434992280, 1734434992622, 1734434993307, 1734434993325, 1734434993659, 1734434993945, 1734434994548, 1734434994872, 1734434995267, 1734434995591, 1734434996182, 1734434996510, 1734434996878, 1734434997507, 1734434997856, 1734434998502, 1734434998816, 1734434999470, 1734434999553, 1734434999553, 1734435000071, 1734435000237, 1734435001279, 1734435001631, 1734435001986, 1734435002746, 1734435003151, 1734435004010, 1734435004469, 1734435004886, 1734435005251, 1734435005333, 1734435006421, 1734435006785, 1734435007539, 1734435007824, 1734435008540, 1734435008926, 1734435009684, 1734435009947, 1734435010835, 1734435011213, 1734435011569, 1734435011994, 1734435012238, 1734435012708, 1734435013404, 1734435013546, 1734435013843, 1734435014248, 1734435014299, 1734435015001, 1734435015478, 1734435016019, 1734435016943, 1734435017282, 1734435017807, 1734435018371, 1734435019558, 1734435020011, 1734435020195, 1734435020452, 1734435020855, 1734435020855, 1734435021656, 1734435021744, 1734435022166, 1734435023244, 1734435023563, 1734435024290, 1734435024811, 1734435025216, 1734435025311, 1734435025312, 1734435026020, 1734435026414, 1734435027237, 1734435027897, 1734435027898, 1734435028757, 1734435029322, 1734435029365, 1734435029390, 1734435029752, 1734435030593, 
end timestamps: 1734434970180, 1734434970436, 1734434970684, 1734434970949, 1734434971198, 1734434971430, 1734434971774, 1734434972149, 1734434972477, 1734434973001, 1734434973258, 1734434973510, 1734434973819, 1734434974129, 1734434974701, 1734434974998, 1734434975279, 1734434975549, 1734434975871, 1734434976431, 1734434976734, 1734434977038, 1734434977311, 1734434977802, 1734434978552, 1734434978984, 1734434979453, 1734434979713, 1734434980024, 1734434980294, 1734434980707, 1734434981069, 1734434981855, 1734434982438, 1734434983020, 1734434983400, 1734434984240, 1734434984542, 1734434985150, 1734434985427, 1734434985734, 1734434986038, 1734434986633, 1734434987128, 1734434987417, 1734434987773, 1734434988116, 1734434988438, 1734434988727, 1734434989020, 1734434989894, 1734434990187, 1734434990688, 1734434991011, 1734434991328, 1734434991909, 1734434992267, 1734434992736, 1734434993085, 1734434993637, 1734434993961, 1734434994270, 1734434994584, 1734434994905, 1734434995213, 1734434995583, 1734434995943, 1734434996509, 1734434996877, 1734434997225, 1734434997844, 1734434998171, 1734434998915, 1734434999240, 1734434999821, 1734435000225, 1734435000560, 1734435000914, 1734435001636, 1734435001985, 1734435002310, 1734435003143, 1734435003550, 1734435004479, 1734435004879, 1734435005296, 1734435005703, 1734435006097, 1734435006783, 1734435007125, 1734435007900, 1734435008275, 1734435008941, 1734435009303, 1734435010078, 1734435010467, 1734435011205, 1734435011567, 1734435011930, 1734435012376, 1734435012758, 1734435013150, 1734435013830, 1734435014284, 1734435014716, 1734435015153, 1734435015588, 1734435016003, 1734435016414, 1734435016828, 1734435017403, 1734435017836, 1734435018264, 1734435018853, 1734435019988, 1734435020458, 1734435020851, 1734435021225, 1734435021600, 1734435022081, 1734435022486, 1734435022902, 1734435023688, 1734435024065, 1734435024677, 1734435025208, 1734435025617, 1734435026010, 1734435026382, 1734435026799, 1734435027228, 1734435027679, 1734435028306, 1734435028744, 1734435029159, 1734435029750, 1734435030171, 1734435030583, 1734435031001, 
Plugin Incoming Benchmark | start
size of start timestamps: 152
size of end timestamps: 133
latency: 246, 259, 272, 590, 494, 469, 717, 742, 765, 800, 845, 1190, 1189, 1029, 1147, 1173, 1446, 1461, 1192, 1166, 1666, 2155, 2294, 2440, 2400, 2480, 2494, 2522, 2748, 3290, 3020, 3334, 3622, 3701, 4192, 4201, 4257, 4278, 4323, 4652, 4980, 5248, 5021, 5382, 5387, 5413, 5387, 5395, 5989, 6003, 6114, 6005, 6068, 6113, 5871, 6248, 6303, 6699, 6197, 6241, 6171, 6432, 6453, 6560, 6518, 6832, 6868, 6946, 7270, 7310, 7639, 7620, 7962, 7683, 7333, 7500, 7319, 8024, 8040, 8065, 8512, 8603, 9143, 9281, 9379, 9397, 9155, 9915, 9939, 10357, 10322, 10682, 10753, 11208, 11138, 11699, 11747, 11749, 11432, 11296, 11434, 11781, 11567, 11530, 11571, 11225, 11370, 11474, 11560, 12051, 11980, 12093, 12261, 13103, 12885, 12733, 12632, 12676, 12320, 12728, 12457, 12478, 13165, 13096, 13462, 13606, 13649, 13364, 12977, 13314, 13321, 13698, 13934, 
start timestamps: 1734434969934, 1734434970183, 1734434970685, 1734434970951, 1734434971415, 1734434971774, 1734434972009, 1734434972241, 1734434972480, 1734434972719, 1734434972977, 1734434973228, 1734434973513, 1734434973819, 1734434974134, 1734434974414, 1734434974697, 1734434974999, 1734434975283, 1734434975570, 1734434975871, 1734434976147, 1734434976426, 1734434976735, 1734434977001, 1734434977281, 1734434977537, 1734434977793, 1734434978059, 1734434978303, 1734434978574, 1734434978839, 1734434979109, 1734434979396, 1734434979713, 1734434980025, 1734434980295, 1734434980561, 1734434980829, 1734434981085, 1734434981344, 1734434981594, 1734434981856, 1734434982108, 1734434982438, 1734434982726, 1734434983019, 1734434983320, 1734434983615, 1734434983899, 1734434984240, 1734434984542, 1734434984821, 1734434985428, 1734434985735, 1734434986032, 1734434986319, 1734434986608, 1734434987128, 1734434987418, 1734434987774, 1734434988116, 1734434988419, 1734434988707, 1734434989073, 1734434989350, 1734434989642, 1734434989932, 1734434990237, 1734434990546, 1734434990863, 1734434991196, 1734434991508, 1734434991870, 1734434992220, 1734434992571, 1734434992918, 1734434993255, 1734434993591, 1734434993921, 1734434994234, 1734434994548, 1734434994867, 1734434995188, 1734434995507, 1734434995854, 1734434996178, 1734434996506, 1734434996846, 1734434997182, 1734434997502, 1734434997858, 1734434998173, 1734434998476, 1734434998809, 1734434999136, 1734434999467, 1734434999820, 1734435000562, 1734435000942, 1734435001274, 1734435001623, 1734435001979, 1734435002313, 1734435002677, 1734435003074, 1734435003631, 1734435004004, 1734435004459, 1734435004892, 1734435005302, 1734435005714, 1734435006110, 1734435006455, 1734435007126, 1734435007462, 1734435007820, 1734435008179, 1734435008535, 1734435008928, 1734435009287, 1734435009688, 1734435010079, 1734435010467, 1734435010828, 1734435011205, 1734435011567, 1734435011947, 1734435012335, 1734435012706, 1734435013093, 1734435013539, 1734435013963, 1734435014591, 1734435015031, 1734435015471, 1734435016005, 1734435016931, 1734435017365, 1734435017802, 1734435018231, 1734435018724, 1734435019154, 1734435019558, 1734435020004, 1734435020448, 1734435020851, 1734435021655, 1734435022054, 1734435022449, 1734435022840, 1734435023236, 
end timestamps: 1734434970180, 1734434970442, 1734434970957, 1734434971541, 1734434971909, 1734434972243, 1734434972726, 1734434972983, 1734434973245, 1734434973519, 1734434973822, 1734434974418, 1734434974702, 1734434974848, 1734434975281, 1734434975587, 1734434976143, 1734434976460, 1734434976475, 1734434976736, 1734434977537, 1734434978302, 1734434978720, 1734434979175, 1734434979401, 1734434979761, 1734434980031, 1734434980315, 1734434980807, 1734434981593, 1734434981594, 1734434982173, 1734434982731, 1734434983097, 1734434983905, 1734434984226, 1734434984552, 1734434984839, 1734434985152, 1734434985737, 1734434986324, 1734434986842, 1734434986877, 1734434987490, 1734434987825, 1734434988139, 1734434988406, 1734434988715, 1734434989604, 1734434989902, 1734434990354, 1734434990547, 1734434990889, 1734434991541, 1734434991606, 1734434992280, 1734434992622, 1734434993307, 1734434993325, 1734434993659, 1734434993945, 1734434994548, 1734434994872, 1734434995267, 1734434995591, 1734434996182, 1734434996510, 1734434996878, 1734434997507, 1734434997856, 1734434998502, 1734434998816, 1734434999470, 1734434999553, 1734434999553, 1734435000071, 1734435000237, 1734435001279, 1734435001631, 1734435001986, 1734435002746, 1734435003151, 1734435004010, 1734435004469, 1734435004886, 1734435005251, 1734435005333, 1734435006421, 1734435006785, 1734435007539, 1734435007824, 1734435008540, 1734435008926, 1734435009684, 1734435009947, 1734435010835, 1734435011214, 1734435011569, 1734435011994, 1734435012238, 1734435012708, 1734435013404, 1734435013546, 1734435013843, 1734435014248, 1734435014299, 1734435015001, 1734435015478, 1734435016019, 1734435016943, 1734435017282, 1734435017807, 1734435018371, 1734435019558, 1734435020011, 1734435020195, 1734435020452, 1734435020855, 1734435020855, 1734435021656, 1734435021744, 1734435022166, 1734435023244, 1734435023563, 1734435024290, 1734435024811, 1734435025216, 1734435025311, 1734435025312, 1734435026020, 1734435026414, 1734435027237, 1734435027897, 
