
**********************************************************
ConnectDAWs File Logger | only the ConnectionManagerThread will write to this file to avoid blocking calls inside the audio thread.
Log started: 17 Dec 2024 12:15:44pm

Network Benchmark | start
size of start timestamps: 220
size of end timestamps: 220
latency: -39796, -39730, -39994, -40259, -40453, -40677, -40883, -41108, -41299, -41530, -41737, -41927, -42124, -42348, -42511, -42715, -42962, -43170, -43371, -43589, -43793, -43929, -44138, -44212, -44424, -44617, -44806, -44958, -45144, -45331, -45501, -45622, -45517, -45705, -45849, -45943, -46071, -46247, -46376, -46475, -46594, -46709, -46832, -46961, -47127, -47301, -47384, -47483, -47607, -47681, -47790, -47941, -48149, -48357, -48495, -48669, -48779, -48920, -49032, -49134, -49170, -49231, -49304, -49354, -49290, -49371, -49478, -49524, -49599, -49657, -49720, -49760, -49873, -49995, -49996, -49988, -50075, -50117, -50187, -50233, -50248, -50325, -50389, -50428, -50445, -50461, -50466, -50567, -50591, -50652, -50646, -50668, -50643, -50598, -50543, -50496, -50530, -50222, -50224, -50227, -50266, -50262, -50342, -50364, -50380, -50356, -50323, -50297, -50249, -50237, -50239, -50288, -50287, -50285, -50294, -50318, -50264, -50196, -50104, -49959, -49841, -49737, -49683, -49613, -49510, -49490, -49477, -49431, -49340, -49214, -49126, -48952, -48895, -48805, -48752, -48647, -48553, -48477, -48423, -48369, -48272, -48195, -48093, -47982, -47880, -47780, -47687, -47567, -47468, -47425, -47357, -47267, -47228, -47178, -47080, -46972, -46900, -46850, -46781, -46705, -46618, -46550, -46504, -46405, -46322, -46258, -46195, -45998, -45940, -45891, -45811, -45730, -45660, -45431, -45353, -45274, -45179, -45084, -44937, -44855, -44740, -44665, -44607, -44535, -44479, -44407, -44364, -44267, -44189, -44138, -44086, -44029, -43932, -43861, -43814, -43780, -43720, -43651, -43558, -43501, -43453, -43367, -43307, -43027, -42954, -42896, -42823, -42751, -42661, -42580, -42448, -42304, -42189, -42063, -41914, -41784, -41624, -41439, -41312, -41236, 
start timestamps: 1734434100599, 1734434101107, 1734434101639, 1734434102179, 1734434102643, 1734434103128, 1734434103599, 1734434104091, 1734434104564, 1734434105054, 1734434105519, 1734434105983, 1734434106444, 1734434106944, 1734434107421, 1734434107890, 1734434108398, 1734434108862, 1734434109339, 1734434109820, 1734434110295, 1734434110768, 1734434111257, 1734434111715, 1734434112188, 1734434112637, 1734434113107, 1734434113519, 1734434113966, 1734434114434, 1734434114911, 1734434115356, 1734434115799, 1734434116290, 1734434116720, 1734434117140, 1734434117573, 1734434118035, 1734434118467, 1734434118890, 1734434119311, 1734434119738, 1734434120172, 1734434120604, 1734434121061, 1734434121528, 1734434122006, 1734434122416, 1734434122852, 1734434123303, 1734434123765, 1734434124232, 1734434124777, 1734434125297, 1734434125764, 1734434126248, 1734434126706, 1734434127138, 1734434127537, 1734434127955, 1734434128330, 1734434128706, 1734434129129, 1734434129504, 1734434129898, 1734434130296, 1734434130723, 1734434131110, 1734434131505, 1734434131879, 1734434132257, 1734434132628, 1734434133065, 1734434133522, 1734434133910, 1734434134303, 1734434134732, 1734434135126, 1734434135526, 1734434135904, 1734434136297, 1734434136683, 1734434137093, 1734434137487, 1734434137865, 1734434138272, 1734434138680, 1734434139132, 1734434139512, 1734434139941, 1734434140321, 1734434140721, 1734434141088, 1734434141460, 1734434141829, 1734434142174, 1734434142612, 1734434143012, 1734434143403, 1734434143797, 1734434144233, 1734434144628, 1734434145107, 1734434145499, 1734434145901, 1734434146282, 1734434146646, 1734434147033, 1734434147426, 1734434147819, 1734434148227, 1734434148673, 1734434149073, 1734434149464, 1734434149844, 1734434150250, 1734434150594, 1734434150926, 1734434151276, 1734434151621, 1734434151980, 1734434152322, 1734434152725, 1734434153088, 1734434153431, 1734434153820, 1734434154173, 1734434154513, 1734434154829, 1734434155121, 1734434155447, 1734434155755, 1734434156102, 1734434156419, 1734434156770, 1734434157082, 1734434157395, 1734434157732, 1734434158074, 1734434158416, 1734434158734, 1734434159068, 1734434159408, 1734434159767, 1734434160123, 1734434160456, 1734434160808, 1734434161119, 1734434161441, 1734434161768, 1734434162081, 1734434162384, 1734434162698, 1734434163007, 1734434163303, 1734434163587, 1734434163881, 1734434164181, 1734434164464, 1734434164736, 1734434165008, 1734434165296, 1734434165586, 1734434165855, 1734434166122, 1734434166407, 1734434166688, 1734434166964, 1734434167247, 1734434167554, 1734434167829, 1734434168104, 1734434168382, 1734434168665, 1734434168934, 1734434169204, 1734434169463, 1734434169706, 1734434169947, 1734434170204, 1734434170446, 1734434170707, 1734434170995, 1734434171259, 1734434171518, 1734434171779, 1734434172043, 1734434172302, 1734434172562, 1734434172825, 1734434173080, 1734434173334, 1734434173576, 1734434173823, 1734434174086, 1734434174362, 1734434174613, 1734434174878, 1734434175118, 1734434175375, 1734434175637, 1734434175887, 1734434176140, 1734434176399, 1734434176639, 1734434176911, 1734434177167, 1734434177406, 1734434177629, 1734434177872, 1734434178098, 1734434178331, 1734434178568, 1734434178798, 1734434179013, 1734434179244, 1734434179487, 1734434179738, 1734434179985, 1734434180281, 
end timestamps: 1734434060803, 1734434061377, 1734434061645, 1734434061920, 1734434062190, 1734434062451, 1734434062716, 1734434062983, 1734434063265, 1734434063524, 1734434063782, 1734434064056, 1734434064320, 1734434064596, 1734434064910, 1734434065175, 1734434065436, 1734434065692, 1734434065968, 1734434066231, 1734434066502, 1734434066839, 1734434067119, 1734434067503, 1734434067764, 1734434068020, 1734434068301, 1734434068561, 1734434068822, 1734434069103, 1734434069410, 1734434069734, 1734434070282, 1734434070585, 1734434070871, 1734434071197, 1734434071502, 1734434071788, 1734434072091, 1734434072415, 1734434072717, 1734434073029, 1734434073340, 1734434073643, 1734434073934, 1734434074227, 1734434074622, 1734434074933, 1734434075245, 1734434075622, 1734434075975, 1734434076291, 1734434076628, 1734434076940, 1734434077269, 1734434077579, 1734434077927, 1734434078218, 1734434078505, 1734434078821, 1734434079160, 1734434079475, 1734434079825, 1734434080150, 1734434080608, 1734434080925, 1734434081245, 1734434081586, 1734434081906, 1734434082222, 1734434082537, 1734434082868, 1734434083192, 1734434083527, 1734434083914, 1734434084315, 1734434084657, 1734434085009, 1734434085339, 1734434085671, 1734434086049, 1734434086358, 1734434086704, 1734434087059, 1734434087420, 1734434087811, 1734434088214, 1734434088565, 1734434088921, 1734434089289, 1734434089675, 1734434090053, 1734434090445, 1734434090862, 1734434091286, 1734434091678, 1734434092082, 1734434092790, 1734434093179, 1734434093570, 1734434093967, 1734434094366, 1734434094765, 1734434095135, 1734434095521, 1734434095926, 1734434096323, 1734434096736, 1734434097177, 1734434097582, 1734434097988, 1734434098385, 1734434098786, 1734434099179, 1734434099550, 1734434099932, 1734434100330, 1734434100730, 1734434101172, 1734434101662, 1734434102139, 1734434102585, 1734434103042, 1734434103475, 1734434103921, 1734434104330, 1734434104696, 1734434105082, 1734434105489, 1734434105907, 1734434106321, 1734434106803, 1734434107207, 1734434107614, 1734434108018, 1734434108435, 1734434108842, 1734434109255, 1734434109651, 1734434110047, 1734434110462, 1734434110873, 1734434111315, 1734434111785, 1734434112243, 1734434112676, 1734434113121, 1734434113552, 1734434113973, 1734434114343, 1734434114724, 1734434115117, 1734434115470, 1734434115829, 1734434116223, 1734434116615, 1734434116981, 1734434117331, 1734434117683, 1734434118031, 1734434118390, 1734434118746, 1734434119082, 1734434119450, 1734434119800, 1734434120149, 1734434120493, 1734434120966, 1734434121307, 1734434121663, 1734434122018, 1734434122374, 1734434122722, 1734434123234, 1734434123581, 1734434123930, 1734434124284, 1734434124622, 1734434125010, 1734434125349, 1734434125706, 1734434126042, 1734434126388, 1734434126724, 1734434127039, 1734434127372, 1734434127679, 1734434128035, 1734434128373, 1734434128687, 1734434128994, 1734434129305, 1734434129644, 1734434129962, 1734434130272, 1734434130582, 1734434130893, 1734434131227, 1734434131560, 1734434131874, 1734434132184, 1734434132520, 1734434132833, 1734434133372, 1734434133685, 1734434134015, 1734434134344, 1734434134655, 1734434134968, 1734434135292, 1734434135650, 1734434136027, 1734434136379, 1734434136735, 1734434137099, 1734434137460, 1734434137863, 1734434138299, 1734434138673, 1734434139045, 
Plugin Outgoing Benchmark | start
size of start timestamps: 233
size of end timestamps: 221
latency: 273, 274, 297, 264, 270, 497, 259, 274, 269, 261, 327, 353, 378, 632, 892, 1151, 1167, 1131, 1132, 875, 1039, 852, 843, 776, 706, 870, 810, 570, 886, 638, 887, 607, 602, 857, 902, 592, 869, 637, 917, 859, 669, 636, 608, 874, 785, 914, 635, 630, 898, 670, 877, 598, 1172, 882, 913, 795, 671, 970, 1297, 980, 1589, 1573, 1001, 1236, 1101, 1029, 1048, 1030, 1003, 1250, 1347, 1036, 1030, 1056, 1077, 1202, 1180, 1396, 1388, 1125, 1521, 1536, 1543, 1226, 1547, 1592, 1841, 2008, 1270, 1165, 1159, 1306, 1191, 1306, 1539, 1279, 1380, 1312, 1309, 1302, 1400, 1590, 1993, 1763, 1745, 2146, 2190, 2313, 2362, 2418, 2647, 2634, 2515, 2826, 2923, 2662, 2733, 2854, 2514, 2508, 2441, 2405, 2445, 2038, 2033, 1625, 1776, 1675, 1766, 1947, 1784, 1915, 2051, 1794, 1673, 1968, 1988, 1948, 1846, 1544, 1568, 1578, 1486, 1465, 1500, 1622, 2106, 2325, 2028, 1901, 1872, 2185, 1825, 1961, 1817, 1795, 1885, 2210, 2018, 2123, 2345, 2542, 2339, 2148, 2168, 2080, 2049, 2209, 2077, 2051, 2056, 2296, 2388, 2667, 2855, 2710, 2822, 3079, 2945, 2947, 3201, 3225, 3490, 3790, 4046, 4131, 4306, 4421, 4620, 4116, 4427, 4396, 4387, 4373, 4382, 4209, 4377, 4464, 4193, 4261, 4309, 4075, 3939, 3984, 3705, 3558, 3047, 3025, 2659, 2772, 2594, 2546, 2823, 2902, 2501, 2489, 2754, 3000, 3199, 3381, 3515, 
start timestamps: 1734434060523, 1734434060802, 1734434061103, 1734434061453, 1734434061925, 1734434061962, 1734434062512, 1734434063005, 1734434063272, 1734434063542, 1734434063843, 1734434064088, 1734434064327, 1734434064369, 1734434064369, 1734434064369, 1734434064619, 1734434064917, 1734434065182, 1734434065697, 1734434065788, 1734434066237, 1734434066508, 1734434066836, 1734434067254, 1734434067693, 1734434068297, 1734434068828, 1734434069108, 1734434069700, 1734434070011, 1734434070609, 1734434070904, 1734434070943, 1734434071218, 1734434071828, 1734434071858, 1734434072422, 1734434072735, 1734434073083, 1734434073650, 1734434074028, 1734434074366, 1734434074407, 1734434074964, 1734434075402, 1734434076002, 1734434076322, 1734434076398, 1734434076976, 1734434077345, 1734434077935, 1734434077978, 1734434078585, 1734434078931, 1734434079494, 1734434079967, 1734434080319, 1734434080319, 1734434080955, 1734434081294, 1734434081623, 1734434082551, 1734434082745, 1734434083228, 1734434083640, 1734434083991, 1734434084338, 1734434084688, 1734434084815, 1734434085025, 1734434085698, 1734434086061, 1734434086404, 1734434086742, 1734434087099, 1734434087469, 1734434087908, 1734434088291, 1734434088931, 1734434088950, 1734434089680, 1734434090091, 1734434090818, 1734434090939, 1734434091295, 1734434092052, 1734434092375, 1734434093506, 1734434093975, 1734434094367, 1734434094644, 1734434095143, 1734434095555, 1734434095789, 1734434096454, 1734434096746, 1734434097207, 1734434097613, 1734434098000, 1734434098480, 1734434098818, 1734434098819, 1734434099494, 1734434100000, 1734434100078, 1734434100480, 1734434100813, 1734434101203, 1734434101589, 1734434101755, 1734434102159, 1734434102673, 1734434102757, 1734434103056, 1734434103706, 1734434104083, 1734434104361, 1734434105092, 1734434105501, 1734434105983, 1734434106427, 1734434106819, 1734434107609, 1734434108020, 1734434108841, 1734434109094, 1734434109655, 1734434110056, 1734434110322, 1734434110910, 1734434111268, 1734434111578, 1734434112245, 1734434112740, 1734434112821, 1734434113185, 1734434113587, 1734434114034, 1734434114736, 1734434115130, 1734434115482, 1734434115920, 1734434116320, 1734434116631, 1734434116892, 1734434116892, 1734434117042, 1734434117693, 1734434118164, 1734434118548, 1734434118670, 1734434119376, 1734434119581, 1734434120085, 1734434120463, 1734434120718, 1734434120769, 1734434121317, 1734434121552, 1734434121675, 1734434121838, 1734434122387, 1734434122913, 1734434123245, 1734434123677, 1734434124031, 1734434124203, 1734434124674, 1734434125020, 1734434125350, 1734434125422, 1734434125673, 1734434125735, 1734434125869, 1734434126318, 1734434126514, 1734434126602, 1734434127052, 1734434127364, 1734434127420, 1734434127703, 1734434127754, 1734434127773, 1734434127824, 1734434128048, 1734434128191, 1734434128386, 1734434128520, 1734434129338, 1734434129338, 1734434129684, 1734434129999, 1734434130317, 1734434130631, 1734434131129, 1734434131311, 1734434131567, 1734434132186, 1734434132505, 1734434132817, 1734434133409, 1734434134345, 1734434134665, 1734434135340, 1734434135886, 1734434136749, 1734434137125, 1734434137871, 1734434138151, 1734434138682, 1734434139080, 1734434139152, 1734434139445, 1734434140180, 1734434140536, 1734434140610, 1734434140688, 1734434140814, 1734434140969, 1734434141158, 1734434141300, 1734434141510, 1734434141559, 1734434141983, 1734434142784, 1734434142869, 1734434143067, 1734434143278, 1734434143356, 1734434144015, 1734434144242, 1734434144705, 
end timestamps: 1734434060796, 1734434061076, 1734434061400, 1734434061717, 1734434062195, 1734434062459, 1734434062771, 1734434063279, 1734434063541, 1734434063803, 1734434064170, 1734434064441, 1734434064705, 1734434065001, 1734434065261, 1734434065520, 1734434065786, 1734434066048, 1734434066314, 1734434066572, 1734434066827, 1734434067089, 1734434067351, 1734434067612, 1734434067960, 1734434068563, 1734434069107, 1734434069398, 1734434069994, 1734434070338, 1734434070898, 1734434071216, 1734434071506, 1734434071800, 1734434072120, 1734434072420, 1734434072727, 1734434073059, 1734434073652, 1734434073942, 1734434074319, 1734434074664, 1734434074974, 1734434075281, 1734434075749, 1734434076316, 1734434076637, 1734434076952, 1734434077296, 1734434077646, 1734434078222, 1734434078533, 1734434079150, 1734434079467, 1734434079844, 1734434080289, 1734434080638, 1734434081289, 1734434081616, 1734434081935, 1734434082883, 1734434083196, 1734434083552, 1734434083981, 1734434084329, 1734434084669, 1734434085039, 1734434085368, 1734434085691, 1734434086065, 1734434086372, 1734434086734, 1734434087091, 1734434087460, 1734434087819, 1734434088301, 1734434088649, 1734434089304, 1734434089679, 1734434090056, 1734434090471, 1734434091216, 1734434091634, 1734434092044, 1734434092486, 1734434092887, 1734434093893, 1734434094383, 1734434094776, 1734434095140, 1734434095526, 1734434095950, 1734434096334, 1734434096861, 1734434097328, 1734434097733, 1734434098126, 1734434098519, 1734434098922, 1734434099302, 1734434099880, 1734434100408, 1734434100812, 1734434101257, 1734434101745, 1734434102224, 1734434102670, 1734434103126, 1734434103565, 1734434104007, 1734434104402, 1734434104793, 1734434105188, 1734434105583, 1734434105979, 1734434106368, 1734434106816, 1734434107215, 1734434107606, 1734434108009, 1734434108424, 1734434108832, 1734434109264, 1734434109647, 1734434110053, 1734434110466, 1734434110870, 1734434111330, 1734434111822, 1734434112269, 1734434112694, 1734434113183, 1734434113629, 1734434114039, 1734434114413, 1734434114789, 1734434115173, 1734434115535, 1734434115880, 1734434116280, 1734434116698, 1734434117060, 1734434117406, 1734434117785, 1734434118131, 1734434118514, 1734434118998, 1734434119367, 1734434119721, 1734434120065, 1734434120420, 1734434120855, 1734434121201, 1734434121542, 1734434121902, 1734434122258, 1734434122603, 1734434122979, 1734434123335, 1734434123675, 1734434124020, 1734434124380, 1734434124726, 1734434125061, 1734434125413, 1734434125757, 1734434126080, 1734434126412, 1734434126751, 1734434127071, 1734434127406, 1734434127718, 1734434128061, 1734434128402, 1734434128724, 1734434129028, 1734434129336, 1734434129681, 1734434129997, 1734434130311, 1734434130621, 1734434130928, 1734434131244, 1734434131563, 1734434131870, 1734434132179, 1734434132497, 1734434132807, 1734434133140, 1734434133454, 1734434133765, 1734434134080, 1734434134386, 1734434134690, 1734434135013, 1734434135338, 1734434135688, 1734434136031, 1734434136379, 1734434136766, 1734434137126, 1734434137484, 1734434138284, 1734434138649, 1734434139045, 1734434139444, 1734434139796, 1734434140150, 1734434140530, 1734434140923, 1734434141276, 1734434141626, 1734434141975, 1734434142347, 1734434142681, 1734434143025, 1734434143364, 1734434143688, 1734434144013, 1734434144350, 1734434144673, 
Plugin Incoming Benchmark | start
size of start timestamps: 220
size of end timestamps: 218
latency: 570, 376, 545, 314, 591, 813, 817, 818, 858, 820, 799, 584, 308, 46, -7, 4, 4, 259, 83, 267, 267, 261, 408, 446, 792, 1062, 1086, 1397, 1448, 1784, 1797, 1531, 1222, 1544, 1266, 1549, 1518, 1576, 1850, 1908, 1948, 1679, 1927, 2060, 2357, 2387, 2079, 2352, 2409, 2647, 2353, 2607, 2614, 2864, 3014, 3042, 2685, 3026, 3074, 3117, 3729, 3582, 3746, 3812, 3700, 3728, 3761, 3547, 3435, 3792, 3837, 3864, 3859, 3902, 3916, 3923, 3961, 4271, 3937, 4334, 4399, 4767, 4561, 4578, 4989, 4914, 5693, 5758, 5795, 5721, 5838, 5875, 5733, 5982, 5881, 5918, 5930, 5639, 5686, 5637, 5246, 5526, 5631, 5309, 5340, 5290, 5269, 5253, 5017, 4978, 5084, 4761, 4667, 4914, 4901, 4809, 5158, 5165, 5249, 5241, 5154, 5463, 5429, 5795, 5610, 5729, 5722, 5623, 5824, 5774, 5665, 5877, 5923, 5605, 5569, 5567, 5595, 5888, 5872, 5828, 5866, 5854, 5755, 5573, 5100, 4793, 5012, 5036, 4986, 4695, 5029, 4849, 4966, 4989, 4835, 4539, 4688, 4567, 4339, 4152, 4351, 4516, 4497, 4591, 4569, 4397, 4520, 4441, 4380, 4105, 4005, 3703, 3492, 3418, 3275, 3014, 3118, 3076, 2794, 2688, 2403, 2060, 1769, 1657, 1463, 1343, 1964, 1656, 1644, 1621, 1626, 1635, 1820, 1659, 1601, 1910, 1919, 1899, 2164, 2781, 2789, 3154, 3364, 3681, 3751, 4179, 4115, 4333, 4423, 4180, 4149, 4491, 4504, 4229, 3948, 3711, 3485, 3293, 
start timestamps: 1734434060533, 1734434061077, 1734434061380, 1734434061648, 1734434061921, 1734434062192, 1734434062455, 1734434062724, 1734434062985, 1734434063268, 1734434063528, 1734434063785, 1734434064061, 1734434064323, 1734434064626, 1734434064913, 1734434065178, 1734434065438, 1734434065705, 1734434065970, 1734434066241, 1734434066575, 1734434066846, 1734434067247, 1734434067505, 1734434067766, 1734434068022, 1734434068303, 1734434068563, 1734434068825, 1734434069107, 1734434069412, 1734434069996, 1734434070284, 1734434070592, 1734434070873, 1734434071217, 1734434071507, 1734434071800, 1734434072120, 1734434072418, 1734434072728, 1734434073037, 1734434073342, 1734434073645, 1734434073935, 1734434074319, 1734434074624, 1734434074936, 1734434075288, 1734434075625, 1734434075978, 1734434076317, 1734434076630, 1734434076953, 1734434077277, 1734434077634, 1734434077929, 1734434078220, 1734434078506, 1734434078822, 1734434079163, 1734434079482, 1734434079828, 1734434080291, 1734434080610, 1734434080927, 1734434081268, 1734434081590, 1734434081906, 1734434082224, 1734434082540, 1734434082883, 1734434083197, 1734434083553, 1734434083985, 1734434084330, 1734434084660, 1734434085013, 1734434085346, 1734434085692, 1734434086051, 1734434086378, 1734434086717, 1734434087063, 1734434087461, 1734434087813, 1734434088217, 1734434088572, 1734434088923, 1734434089305, 1734434089680, 1734434090056, 1734434090472, 1734434090865, 1734434091289, 1734434091683, 1734434092361, 1734434092794, 1734434093181, 1734434093573, 1734434093968, 1734434094369, 1734434094770, 1734434095140, 1734434095524, 1734434095934, 1734434096336, 1734434096738, 1734434097181, 1734434097589, 1734434097996, 1734434098389, 1734434098792, 1734434099182, 1734434099552, 1734434099934, 1734434100336, 1734434100734, 1734434101186, 1734434101665, 1734434102146, 1734434102591, 1734434103046, 1734434103484, 1734434103926, 1734434104334, 1734434104699, 1734434105086, 1734434105494, 1734434105914, 1734434106369, 1734434106817, 1734434107216, 1734434107616, 1734434108020, 1734434108439, 1734434108848, 1734434109258, 1734434109654, 1734434110054, 1734434110466, 1734434110876, 1734434111319, 1734434111792, 1734434112249, 1734434112681, 1734434113128, 1734434113562, 1734434113975, 1734434114347, 1734434114732, 1734434115119, 1734434115474, 1734434115883, 1734434116230, 1734434116629, 1734434116985, 1734434117336, 1734434117686, 1734434118036, 1734434118397, 1734434118748, 1734434119086, 1734434119462, 1734434119806, 1734434120154, 1734434120579, 1734434120970, 1734434121317, 1734434121668, 1734434122032, 1734434122377, 1734434122900, 1734434123239, 1734434123588, 1734434123934, 1734434124288, 1734434124626, 1734434125015, 1734434125351, 1734434125713, 1734434126055, 1734434126391, 1734434126728, 1734434127043, 1734434127374, 1734434127682, 1734434128040, 1734434128378, 1734434128691, 1734434128996, 1734434129309, 1734434129652, 1734434129966, 1734434130276, 1734434130586, 1734434130918, 1734434131245, 1734434131564, 1734434131876, 1734434132186, 1734434132522, 1734434133068, 1734434133374, 1734434133692, 1734434134036, 1734434134349, 1734434134657, 1734434134972, 1734434135296, 1734434135689, 1734434136032, 1734434136381, 1734434136740, 1734434137103, 1734434137484, 1734434137865, 1734434138301, 1734434138677, 
end timestamps: 1734434061103, 1734434061453, 1734434061925, 1734434061962, 1734434062512, 1734434063005, 1734434063272, 1734434063542, 1734434063843, 1734434064088, 1734434064327, 1734434064369, 1734434064369, 1734434064369, 1734434064619, 1734434064917, 1734434065182, 1734434065697, 1734434065788, 1734434066237, 1734434066508, 1734434066836, 1734434067254, 1734434067693, 1734434068297, 1734434068828, 1734434069108, 1734434069700, 1734434070011, 1734434070609, 1734434070904, 1734434070943, 1734434071218, 1734434071828, 1734434071858, 1734434072422, 1734434072735, 1734434073083, 1734434073650, 1734434074028, 1734434074366, 1734434074407, 1734434074964, 1734434075402, 1734434076002, 1734434076322, 1734434076398, 1734434076976, 1734434077345, 1734434077935, 1734434077978, 1734434078585, 1734434078931, 1734434079494, 1734434079967, 1734434080319, 1734434080319, 1734434080955, 1734434081294, 1734434081623, 1734434082551, 1734434082745, 1734434083228, 1734434083640, 1734434083991, 1734434084338, 1734434084688, 1734434084815, 1734434085025, 1734434085698, 1734434086061, 1734434086404, 1734434086742, 1734434087099, 1734434087469, 1734434087908, 1734434088291, 1734434088931, 1734434088950, 1734434089680, 1734434090091, 1734434090818, 1734434090939, 1734434091295, 1734434092052, 1734434092375, 1734434093506, 1734434093975, 1734434094367, 1734434094644, 1734434095143, 1734434095555, 1734434095789, 1734434096454, 1734434096746, 1734434097207, 1734434097613, 1734434098000, 1734434098480, 1734434098818, 1734434098819, 1734434099494, 1734434100000, 1734434100079, 1734434100480, 1734434100814, 1734434101203, 1734434101589, 1734434101755, 1734434102159, 1734434102673, 1734434102757, 1734434103056, 1734434103706, 1734434104083, 1734434104361, 1734434105092, 1734434105501, 1734434105983, 1734434106427, 1734434106819, 1734434107609, 1734434108020, 1734434108841, 1734434109094, 1734434109655, 1734434110056, 1734434110322, 1734434110910, 1734434111268, 1734434111579, 1734434112246, 1734434112740, 1734434112821, 1734434113185, 1734434113587, 1734434114034, 1734434114736, 1734434115130, 1734434115482, 1734434115920, 1734434116320, 1734434116631, 1734434116892, 1734434116892, 1734434117042, 1734434117693, 1734434118164, 1734434118548, 1734434118670, 1734434119376, 1734434119581, 1734434120085, 1734434120463, 1734434120718, 1734434120769, 1734434121317, 1734434121552, 1734434121675, 1734434121838, 1734434122387, 1734434122913, 1734434123245, 1734434123677, 1734434124031, 1734434124203, 1734434124674, 1734434125020, 1734434125350, 1734434125422, 1734434125673, 1734434125735, 1734434125869, 1734434126318, 1734434126514, 1734434126602, 1734434127052, 1734434127364, 1734434127420, 1734434127703, 1734434127754, 1734434127773, 1734434127824, 1734434128048, 1734434128191, 1734434128386, 1734434129338, 1734434129338, 1734434129684, 1734434129999, 1734434130317, 1734434130631, 1734434131129, 1734434131311, 1734434131567, 1734434132186, 1734434132505, 1734434132817, 1734434133409, 1734434134345, 1734434134665, 1734434135340, 1734434135886, 1734434136749, 1734434137125, 1734434137871, 1734434138151, 1734434138682, 1734434139080, 1734434139152, 1734434139445, 1734434140180, 1734434140536, 1734434140610, 1734434140688, 1734434140814, 1734434140969, 1734434141158, 
