
**********************************************************
ConnectDAWs File Logger | only the ConnectionManagerThread will write to this file to avoid blocking calls inside the audio thread.
Log started: 17 Dec 2024 11:58:45am

Network Benchmark | start
size of start timestamps: 158
size of end timestamps: 158
latency: -13360, -13138, -13194, -13268, -13204, -13031, -12930, -12992, -13080, -12620, -12576, -12533, -12507, -12511, -12572, -12534, -12617, -12725, -12888, -12804, -12577, -12668, -12717, -12591, -12571, -12548, -12545, -12579, -12420, -12302, -12226, -12201, -12240, -12326, -12378, -12189, -12103, -12088, -12012, -12024, -11977, -11956, -12030, -12092, -12133, -12125, -12084, -12093, -12030, -12101, -12108, -12087, -12064, -11915, -11799, -11686, -11654, -11750, -11825, -11885, -11880, -11929, -11986, -11925, -11889, -11783, -11651, -11415, -11291, -11116, -11118, -11057, -11295, -11302, -11256, -11131, -10990, -10927, -10804, -11365, -11349, -11270, -11154, -11594, -11124, -10635, -10462, -10319, -10283, -10378, -10861, -10838, -10764, -10695, -10651, -10573, -10463, -10201, -10288, -10129, -10035, -9803, -9606, -9534, -9501, -9493, -9499, -9597, -9563, -9505, -9606, -9519, -9500, -9540, -9564, -9537, -9288, -9063, -9063, -9010, -8885, -8607, -8065, -7732, -7549, -7352, -7406, -7213, -6842, -6418, -6097, -6082, -6226, -6390, -6354, -6906, -6588, -6362, -6099, -5875, -5616, -5657, -5730, -5821, -6002, -6141, -6366, -6470, -6382, -6264, -6062, -5811, -5808, -5598, -5423, -5415, -5453, -5479, 
start timestamps: 1734433037589, 1734433038081, 1734433038723, 1734433039315, 1734433039785, 1734433040258, 1734433040786, 1734433041324, 1734433041888, 1734433042361, 1734433042824, 1734433043299, 1734433043787, 1734433044414, 1734433044943, 1734433045486, 1734433046029, 1734433046566, 1734433047172, 1734433047684, 1734433048101, 1734433048638, 1734433049129, 1734433049612, 1734433050056, 1734433050561, 1734433051020, 1734433051539, 1734433051966, 1734433052512, 1734433053024, 1734433053509, 1734433054026, 1734433054555, 1734433055124, 1734433055597, 1734433056125, 1734433056690, 1734433057174, 1734433057742, 1734433058261, 1734433058848, 1734433059432, 1734433060002, 1734433060538, 1734433061077, 1734433061661, 1734433062245, 1734433062743, 1734433063352, 1734433063874, 1734433064417, 1734433064976, 1734433065529, 1734433066030, 1734433066605, 1734433067135, 1734433067695, 1734433068246, 1734433068795, 1734433069319, 1734433069818, 1734433070355, 1734433070952, 1734433071511, 1734433072026, 1734433072539, 1734433073049, 1734433073752, 1734433074285, 1734433074841, 1734433075379, 1734433076141, 1734433076756, 1734433077295, 1734433077800, 1734433078309, 1734433078830, 1734433079352, 1734433080427, 1734433080943, 1734433081419, 1734433081921, 1734433083125, 1734433083633, 1734433084073, 1734433084531, 1734433085028, 1734433085593, 1734433086294, 1734433087383, 1734433087882, 1734433088452, 1734433089028, 1734433089595, 1734433090163, 1734433090760, 1734433091353, 1734433092010, 1734433092574, 1734433093129, 1734433093657, 1734433094153, 1734433094780, 1734433095295, 1734433095910, 1734433096535, 1734433097194, 1734433097703, 1734433098193, 1734433098805, 1734433099307, 1734433099789, 1734433100325, 1734433100783, 1734433101357, 1734433101797, 1734433102244, 1734433102710, 1734433103182, 1734433103672, 1734433104159, 1734433104586, 1734433105098, 1734433105728, 1734433106344, 1734433107217, 1734433107995, 1734433108750, 1734433109536, 1734433110256, 1734433110881, 1734433111555, 1734433112331, 1734433112971, 1734433114163, 1734433114563, 1734433115037, 1734433115640, 1734433116236, 1734433116766, 1734433117436, 1734433118100, 1734433118744, 1734433119428, 1734433120047, 1734433120676, 1734433121183, 1734433121637, 1734433122106, 1734433122473, 1734433122831, 1734433123197, 1734433123630, 1734433124060, 1734433124554, 1734433124958, 1734433125382, 
end timestamps: 1734433024229, 1734433024943, 1734433025529, 1734433026047, 1734433026581, 1734433027227, 1734433027856, 1734433028332, 1734433028808, 1734433029741, 1734433030248, 1734433030766, 1734433031280, 1734433031903, 1734433032371, 1734433032952, 1734433033412, 1734433033841, 1734433034284, 1734433034880, 1734433035524, 1734433035970, 1734433036412, 1734433037021, 1734433037485, 1734433038013, 1734433038475, 1734433038960, 1734433039546, 1734433040210, 1734433040798, 1734433041308, 1734433041786, 1734433042229, 1734433042746, 1734433043408, 1734433044022, 1734433044602, 1734433045162, 1734433045718, 1734433046284, 1734433046892, 1734433047402, 1734433047910, 1734433048405, 1734433048952, 1734433049577, 1734433050152, 1734433050713, 1734433051251, 1734433051766, 1734433052330, 1734433052912, 1734433053614, 1734433054231, 1734433054919, 1734433055481, 1734433055945, 1734433056421, 1734433056910, 1734433057439, 1734433057889, 1734433058369, 1734433059027, 1734433059622, 1734433060243, 1734433060888, 1734433061634, 1734433062461, 1734433063169, 1734433063723, 1734433064322, 1734433064846, 1734433065454, 1734433066039, 1734433066669, 1734433067319, 1734433067903, 1734433068548, 1734433069062, 1734433069594, 1734433070149, 1734433070767, 1734433071531, 1734433072509, 1734433073438, 1734433074069, 1734433074709, 1734433075310, 1734433075916, 1734433076522, 1734433077044, 1734433077688, 1734433078333, 1734433078944, 1734433079590, 1734433080297, 1734433081152, 1734433081722, 1734433082445, 1734433083094, 1734433083854, 1734433084547, 1734433085246, 1734433085794, 1734433086417, 1734433087036, 1734433087597, 1734433088140, 1734433088688, 1734433089199, 1734433089788, 1734433090289, 1734433090785, 1734433091219, 1734433091820, 1734433092509, 1734433093181, 1734433093647, 1734433094172, 1734433094787, 1734433095552, 1734433096521, 1734433097366, 1734433098179, 1734433098992, 1734433099811, 1734433100782, 1734433101908, 1734433103118, 1734433104159, 1734433104799, 1734433105329, 1734433105941, 1734433106617, 1734433107257, 1734433107975, 1734433108675, 1734433109541, 1734433110361, 1734433111150, 1734433111779, 1734433112370, 1734433112923, 1734433113426, 1734433113906, 1734433114310, 1734433114713, 1734433115255, 1734433115842, 1734433116411, 1734433117020, 1734433117389, 1734433118032, 1734433118637, 1734433119139, 1734433119505, 1734433119903, 
Plugin Outgoing Benchmark | start
size of start timestamps: 187
size of end timestamps: 171
latency: 573, 1020, 634, 1169, 1232, 1710, 2209, 1949, 2394, 2789, 3376, 3811, 4251, 4797, 5191, 5644, 5874, 5769, 5756, 5803, 6020, 5564, 5633, 5822, 5441, 5289, 5766, 5469, 5388, 5643, 6161, 6501, 6373, 6168, 6023, 6174, 6371, 6619, 6093, 6189, 6637, 6146, 6579, 6513, 6469, 6568, 6636, 6763, 6437, 6386, 6299, 6276, 6209, 5661, 6009, 5979, 6034, 6334, 5816, 6361, 6780, 6762, 6784, 7300, 6956, 7054, 7491, 7393, 7538, 7703, 7421, 7236, 7089, 7104, 7106, 6946, 6843, 7279, 7078, 7643, 8160, 7995, 7726, 7485, 7241, 7289, 7757, 7719, 7765, 8337, 8489, 8903, 8904, 8932, 8917, 9033, 9058, 9344, 9317, 9701, 9902, 9544, 9649, 9089, 9605, 8949, 7750, 8214, 8300, 8498, 8959, 9055, 9012, 9704, 9512, 9263, 9467, 9179, 9423, 8980, 8715, 8542, 8184, 8574, 9115, 9419, 9698, 9941, 9310, 10316, 11319, 12076, 12210, 11904, 12407, 12684, 12595, 12829, 12793, 12526, 12355, 12512, 12404, 12352, 12027, 11536, 10976, 10466, 9888, 9859, 10181, 9579, 9989, 9775, 9652, 9572, 9265, 8320, 8316, 8035, 7671, 7536, 7241, 7413, 6986, 7158, 7152, 6871, 7087, 7070, 7337, 
start timestamps: 1734433023560, 1734433023787, 1734433024811, 1734433024879, 1734433025375, 1734433025498, 1734433025589, 1734433026315, 1734433026376, 1734433026456, 1734433026514, 1734433026592, 1734433026648, 1734433026701, 1734433026791, 1734433026856, 1734433027302, 1734433027858, 1734433028303, 1734433028771, 1734433029278, 1734433030265, 1734433030804, 1734433031073, 1734433031925, 1734433032566, 1734433032672, 1734433033427, 1734433033998, 1734433034356, 1734433034356, 1734433034600, 1734433035322, 1734433035981, 1734433036577, 1734433036900, 1734433037498, 1734433037897, 1734433038999, 1734433039424, 1734433039494, 1734433040526, 1734433040650, 1734433041232, 1734433041802, 1734433042184, 1734433042760, 1734433043122, 1734433043929, 1734433044519, 1734433045180, 1734433045733, 1734433046293, 1734433047404, 1734433047761, 1734433048420, 1734433048976, 1734433049182, 1734433050191, 1734433050262, 1734433050382, 1734433050947, 1734433051584, 1734433051584, 1734433052413, 1734433052936, 1734433053081, 1734433053791, 1734433054495, 1734433055043, 1734433055960, 1734433056693, 1734433057365, 1734433057905, 1734433058386, 1734433059041, 1734433059645, 1734433059732, 1734433060597, 1734433060597, 1734433060597, 1734433061268, 1734433062045, 1734433062802, 1734433063556, 1734433064326, 1734433064738, 1734433065436, 1734433065992, 1734433065993, 1734433066504, 1734433066689, 1734433067331, 1734433067923, 1734433068559, 1734433069099, 1734433069682, 1734433070023, 1734433070663, 1734433071119, 1734433071660, 1734433072584, 1734433073185, 1734433074460, 1734433074638, 1734433075971, 1734433077700, 1734433077769, 1734433078336, 1734433078744, 1734433079017, 1734433079602, 1734433080213, 1734433080214, 1734433080915, 1734433081736, 1734433082149, 1734433083137, 1734433083560, 1734433084470, 1734433085286, 1734433086009, 1734433087039, 1734433087595, 1734433087971, 1734433088622, 1734433089230, 1734433089805, 1734433091244, 1734433091400, 1734433091433, 1734433091648, 1734433092331, 1734433093071, 1734433093071, 1734433093452, 1734433094180, 1734433094558, 1734433095229, 1734433096215, 1734433097318, 1734433098193, 1734433099010, 1734433099755, 1734433100652, 1734433101722, 1734433102783, 1734433103781, 1734433104809, 1734433105306, 1734433105488, 1734433106640, 1734433106803, 1734433107421, 1734433108039, 1734433108748, 1734433109675, 1734433111044, 1734433111455, 1734433112139, 1734433112931, 1734433113502, 1734433114164, 1734433114391, 1734433115205, 1734433115400, 1734433115850, 1734433116525, 1734433116797, 1734433117424, 1734433117724, 1734433118340, 1734433118941, 1734433119647, 1734433119780, 1734433120235, 1734433120651, 1734433121406, 1734433121442, 1734433122115, 1734433122193, 1734433122590, 1734433123009, 1734433123529, 1734433124083, 1734433124505, 1734433125367, 
end timestamps: 1734433024133, 1734433024807, 1734433025445, 1734433026048, 1734433026607, 1734433027208, 1734433027798, 1734433028264, 1734433028770, 1734433029245, 1734433029890, 1734433030403, 1734433030899, 1734433031498, 1734433031982, 1734433032500, 1734433033176, 1734433033627, 1734433034059, 1734433034574, 1734433035298, 1734433035829, 1734433036437, 1734433036895, 1734433037366, 1734433037855, 1734433038438, 1734433038896, 1734433039386, 1734433039999, 1734433040517, 1734433041101, 1734433041695, 1734433042149, 1734433042600, 1734433043074, 1734433043869, 1734433044516, 1734433045092, 1734433045613, 1734433046131, 1734433046672, 1734433047229, 1734433047745, 1734433048271, 1734433048752, 1734433049396, 1734433049885, 1734433050366, 1734433050905, 1734433051479, 1734433052009, 1734433052502, 1734433053065, 1734433053770, 1734433054399, 1734433055010, 1734433055516, 1734433056007, 1734433056623, 1734433057162, 1734433057709, 1734433058368, 1734433058884, 1734433059369, 1734433059990, 1734433060572, 1734433061184, 1734433062033, 1734433062746, 1734433063381, 1734433063929, 1734433064454, 1734433065009, 1734433065492, 1734433065987, 1734433066488, 1734433067011, 1734433067675, 1734433068240, 1734433068757, 1734433069263, 1734433069771, 1734433070287, 1734433070797, 1734433071615, 1734433072495, 1734433073155, 1734433073757, 1734433074330, 1734433074993, 1734433075592, 1734433076235, 1734433076855, 1734433077476, 1734433078132, 1734433078740, 1734433079367, 1734433079980, 1734433080820, 1734433081562, 1734433082128, 1734433082834, 1734433083549, 1734433084243, 1734433084920, 1734433085450, 1734433085983, 1734433086636, 1734433087242, 1734433087976, 1734433088657, 1734433089225, 1734433089918, 1734433090427, 1734433090999, 1734433091616, 1734433092316, 1734433092983, 1734433093450, 1734433094001, 1734433094551, 1734433095223, 1734433096169, 1734433097086, 1734433098041, 1734433098928, 1734433099746, 1734433100554, 1734433101716, 1734433102752, 1734433103724, 1734433104541, 1734433104975, 1734433105478, 1734433106136, 1734433106775, 1734433107387, 1734433108022, 1734433108741, 1734433109673, 1734433110705, 1734433111414, 1734433112107, 1734433112679, 1734433113258, 1734433113759, 1734433114247, 1734433114697, 1734433115165, 1734433115669, 1734433116219, 1734433116792, 1734433117196, 1734433117691, 1734433118320, 1734433118940, 1734433119364, 1734433119771, 1734433120174, 1734433120602, 1734433121038, 1734433121405, 1734433121804, 1734433122191, 1734433122558, 1734433123002, 1734433123396, 1734433123884, 1734433124494, 1734433125061, 
Plugin Incoming Benchmark | start
size of start timestamps: 158
size of end timestamps: 165
latency: 1131, 1141, 626, 740, 543, 717, 628, 911, 923, 557, 522, 553, 1154, 1229, 764, 1052, 1041, 583, 512, 68, 8, 46, 7, 157, 472, 406, 362, 518, 458, 89, 310, 430, 241, 10, 528, 68, -593, -597, -540, 0, -156, -555, -603, -2, -160, 8, 18, -402, 33, -458, -313, -501, -530, -506, -681, -610, -675, -442, 12, 267, 452, 463, 488, 668, 614, 96, 332, -321, -1045, -1197, -1517, -1241, -1148, -526, -756, -1225, -684, -1331, -1407, -1863, -1737, -1681, -1593, -1674, -1853, -2318, -2322, -2481, -2128, -1851, -1464, -1599, -1077, 8, -572, -611, -850, -1283, -1553, -1516, -2078, -1933, -2124, -2094, -2135, -1952, -1136, -1033, -560, -554, -723, -586, -563, -488, 456, 173, -390, -1082, -1694, -1785, -1103, -1723, -2104, -2350, -2814, -3209, -3424, -2502, -3418, -3721, -4112, -4330, -3990, -3363, -2841, -2134, -2773, -3174, -3193, -3569, -3726, -3875, -3772, -3685, -3369, -2813, -3294, -2859, -2583, -2328, -2843, -2914, -2861, -3001, -2834, -3241, -3291, -2982, 
start timestamps: 1734433023680, 1734433024234, 1734433024963, 1734433025575, 1734433026049, 1734433026585, 1734433027230, 1734433027860, 1734433028355, 1734433029247, 1734433029743, 1734433030251, 1734433030771, 1734433031337, 1734433031908, 1734433032375, 1734433032957, 1734433033415, 1734433033844, 1734433034288, 1734433034882, 1734433035527, 1734433035974, 1734433036420, 1734433037026, 1734433037491, 1734433038016, 1734433038481, 1734433038966, 1734433039551, 1734433040216, 1734433040802, 1734433041311, 1734433041792, 1734433042232, 1734433042751, 1734433043413, 1734433044025, 1734433044609, 1734433045180, 1734433045722, 1734433046288, 1734433046896, 1734433047406, 1734433047921, 1734433048412, 1734433048958, 1734433049584, 1734433050158, 1734433050720, 1734433051260, 1734433051771, 1734433052335, 1734433052919, 1734433053617, 1734433054234, 1734433054923, 1734433055485, 1734433055948, 1734433056426, 1734433056913, 1734433057442, 1734433057898, 1734433058373, 1734433059031, 1734433059636, 1734433060265, 1734433060918, 1734433061642, 1734433062465, 1734433063173, 1734433063730, 1734433064332, 1734433064852, 1734433065494, 1734433066156, 1734433066676, 1734433067324, 1734433067911, 1734433068552, 1734433069068, 1734433069604, 1734433070152, 1734433070773, 1734433071535, 1734433072514, 1734433073441, 1734433074078, 1734433074712, 1734433075315, 1734433075924, 1734433076525, 1734433077048, 1734433077692, 1734433078341, 1734433078947, 1734433079594, 1734433080300, 1734433081155, 1734433081729, 1734433082449, 1734433083097, 1734433083860, 1734433084557, 1734433085272, 1734433085816, 1734433086422, 1734433087042, 1734433087599, 1734433088149, 1734433088694, 1734433089208, 1734433089793, 1734433090293, 1734433090788, 1734433091227, 1734433091823, 1734433092515, 1734433093186, 1734433093650, 1734433094174, 1734433094794, 1734433095556, 1734433096530, 1734433097372, 1734433098188, 1734433098998, 1734433099820, 1734433100790, 1734433101914, 1734433103122, 1734433104162, 1734433104809, 1734433105332, 1734433105964, 1734433106626, 1734433107265, 1734433107983, 1734433108681, 1734433109544, 1734433110366, 1734433111156, 1734433111785, 1734433112377, 1734433112928, 1734433113431, 1734433113912, 1734433114314, 1734433114723, 1734433115259, 1734433115849, 1734433116416, 1734433117025, 1734433117392, 1734433118039, 1734433118641, 1734433119141, 1734433119507, 
end timestamps: 1734433024811, 1734433025375, 1734433025589, 1734433026315, 1734433026592, 1734433027302, 1734433027858, 1734433028771, 1734433029278, 1734433029804, 1734433030265, 1734433030804, 1734433031925, 1734433032566, 1734433032672, 1734433033427, 1734433033998, 1734433033998, 1734433034356, 1734433034356, 1734433034890, 1734433035573, 1734433035981, 1734433036577, 1734433037498, 1734433037897, 1734433038378, 1734433038999, 1734433039424, 1734433039640, 1734433040526, 1734433041232, 1734433041552, 1734433041802, 1734433042760, 1734433042819, 1734433042820, 1734433043428, 1734433044069, 1734433045180, 1734433045566, 1734433045733, 1734433046293, 1734433047404, 1734433047761, 1734433048420, 1734433048976, 1734433049182, 1734433050191, 1734433050262, 1734433050947, 1734433051270, 1734433051805, 1734433052413, 1734433052936, 1734433053624, 1734433054248, 1734433055043, 1734433055960, 1734433056693, 1734433057365, 1734433057905, 1734433058386, 1734433059041, 1734433059645, 1734433059732, 1734433060597, 1734433060597, 1734433060597, 1734433061268, 1734433061656, 1734433062489, 1734433063184, 1734433064326, 1734433064738, 1734433064931, 1734433065992, 1734433065993, 1734433066504, 1734433066689, 1734433067331, 1734433067923, 1734433068559, 1734433069099, 1734433069682, 1734433070196, 1734433071119, 1734433071597, 1734433072584, 1734433073464, 1734433074460, 1734433074926, 1734433075971, 1734433077700, 1734433077769, 1734433078336, 1734433078744, 1734433079017, 1734433079602, 1734433080213, 1734433080371, 1734433081164, 1734433081736, 1734433082463, 1734433083137, 1734433083864, 1734433085286, 1734433086009, 1734433087039, 1734433087595, 1734433087971, 1734433088622, 1734433089230, 1734433089805, 1734433091244, 1734433091400, 1734433091433, 1734433091433, 1734433091492, 1734433091865, 1734433093071, 1734433093071, 1734433093452, 1734433094180, 1734433094558, 1734433094979, 1734433095574, 1734433097318, 1734433097372, 1734433098193, 1734433099010, 1734433099832, 1734433100819, 1734433101969, 1734433103123, 1734433104492, 1734433104492, 1734433104809, 1734433105488, 1734433105975, 1734433106640, 1734433107281, 1734433108013, 1734433108692, 1734433109559, 1734433110618, 1734433110618, 1734433111455, 1734433112140, 1734433112931, 1734433113006, 1734433113502, 1734433114164, 1734433114391, 1734433115205, 1734433115400, 1734433115850, 1734433116525, 1734433117424, 1734433117450, 1734433118061, 1734433118663, 1734433119148, 1734433119647, 1734433119960, 
