
**********************************************************
ConnectDAWs File Logger | only the ConnectionManagerThread will write to this file to avoid blocking calls inside the audio thread.
Log started: 17 Dec 2024 11:51:51am

Network Benchmark | start
size of start timestamps: 184
size of end timestamps: 184
latency: 5700, 5576, 5358, 5311, 5128, 5015, 4653, 4438, 4404, 3973, 3889, 3785, 3698, 3537, 3394, 3200, 3159, 3207, 2783, 2811, 2765, 2409, 2339, 2206, 2037, 1945, 1734, 1406, 1509, 1365, 801, 668, 485, 283, 121, 65, -124, -143, -203, -322, -749, -1097, -1181, -1252, -1319, -1521, -1882, -2000, -2196, -2493, -2664, -2936, -3049, -3283, -3374, -3505, -3652, -3741, -3870, -3987, -4080, -4143, -4235, -4362, -4428, -4529, -4828, -4893, -5035, -4855, -4972, -5309, -5887, -6087, -6221, -6376, -6456, -6563, -6715, -6858, -6997, -7106, -7446, -7476, -7624, -7729, -7827, -8144, -8026, -8147, -8245, -8311, -8404, -8510, -8768, -8872, -9016, -9087, -9230, -9162, -9194, -9289, -9398, -9521, -9662, -9734, -9811, -9849, -9951, -10102, -10284, -10693, -10802, -10923, -11026, -11119, -11278, -11373, -11439, -11492, -11597, -11634, -11684, -11742, -11772, -11844, -11921, -11820, -11858, -11898, -11938, -11949, -11990, -12210, -12221, -12357, -12458, -12469, -12463, -12493, -12509, -12523, -12526, -12538, -12516, -12525, -12528, -12436, -12362, -12439, -12543, -12601, -12630, -12666, -12683, -12743, -12731, -12848, -12927, -12953, -12986, -13036, -13083, -13051, -13007, -13119, -13072, -13064, -13030, -13042, -13032, -13048, -13061, -13068, -13065, -13096, -13097, -13105, -13142, -13526, -13579, -13786, -13831, -13839, 
start timestamps: 1734432625193, 1734432626120, 1734432626593, 1734432626965, 1734432627392, 1734432627761, 1734432628503, 1734432629226, 1734432629944, 1734432630717, 1734432631154, 1734432631542, 1734432631932, 1734432632354, 1734432632767, 1734432633457, 1734432633806, 1734432634167, 1734432634901, 1734432635266, 1734432635778, 1734432636529, 1734432636925, 1734432637367, 1734432638065, 1734432638445, 1734432639334, 1734432640243, 1734432640741, 1734432641192, 1734432642090, 1734432642520, 1734432643206, 1734432643969, 1734432644502, 1734432645392, 1734432645918, 1734432646396, 1734432646888, 1734432647357, 1734432648265, 1734432649139, 1734432649591, 1734432650055, 1734432650531, 1734432651067, 1734432652109, 1734432652605, 1734432653278, 1734432654111, 1734432654619, 1734432655367, 1734432656088, 1734432656646, 1734432657083, 1734432657524, 1734432657972, 1734432658413, 1734432658863, 1734432659305, 1734432659733, 1734432660173, 1734432660604, 1734432661075, 1734432661498, 1734432661945, 1734432662946, 1734432663394, 1734432663873, 1734432664348, 1734432664883, 1734432665630, 1734432666582, 1734432667196, 1734432667724, 1734432668241, 1734432668711, 1734432669211, 1734432669711, 1734432670197, 1734432670696, 1734432671173, 1734432671859, 1734432672353, 1734432672841, 1734432673317, 1734432673789, 1734432674453, 1734432674958, 1734432675432, 1734432675933, 1734432676431, 1734432676947, 1734432677426, 1734432678084, 1734432678596, 1734432679124, 1734432679624, 1734432680162, 1734432680675, 1734432681197, 1734432681725, 1734432682239, 1734432682759, 1734432683310, 1734432683809, 1734432684320, 1734432684833, 1734432685347, 1734432685869, 1734432686457, 1734432687229, 1734432687712, 1734432688216, 1734432688695, 1734432689163, 1734432689698, 1734432690193, 1734432690731, 1734432691195, 1734432691713, 1734432692188, 1734432692652, 1734432693130, 1734432693592, 1734432694121, 1734432694606, 1734432695079, 1734432695551, 1734432696008, 1734432696432, 1734432696857, 1734432697298, 1734432697942, 1734432698361, 1734432698917, 1734432699420, 1734432699847, 1734432700274, 1734432700703, 1734432701123, 1734432701543, 1734432701961, 1734432702390, 1734432702808, 1734432703253, 1734432703697, 1734432704134, 1734432704590, 1734432705037, 1734432705492, 1734432705935, 1734432706356, 1734432706815, 1734432707267, 1734432707757, 1734432708206, 1734432708727, 1734432709215, 1734432709630, 1734432710073, 1734432710524, 1734432710941, 1734432711338, 1734432711709, 1734432712185, 1734432712571, 1734432712950, 1734432713359, 1734432713745, 1734432714112, 1734432714490, 1734432714866, 1734432715251, 1734432715641, 1734432716035, 1734432716422, 1734432716795, 1734432717202, 1734432717966, 1734432718353, 1734432719138, 1734432719536, 1734432719975, 
end timestamps: 1734432630893, 1734432631696, 1734432631951, 1734432632276, 1734432632520, 1734432632776, 1734432633156, 1734432633664, 1734432634348, 1734432634690, 1734432635043, 1734432635327, 1734432635630, 1734432635891, 1734432636161, 1734432636657, 1734432636965, 1734432637374, 1734432637684, 1734432638077, 1734432638543, 1734432638938, 1734432639264, 1734432639573, 1734432640102, 1734432640390, 1734432641068, 1734432641649, 1734432642250, 1734432642557, 1734432642891, 1734432643188, 1734432643691, 1734432644252, 1734432644623, 1734432645457, 1734432645794, 1734432646253, 1734432646685, 1734432647035, 1734432647516, 1734432648042, 1734432648410, 1734432648803, 1734432649212, 1734432649546, 1734432650227, 1734432650605, 1734432651082, 1734432651618, 1734432651955, 1734432652431, 1734432653039, 1734432653363, 1734432653709, 1734432654019, 1734432654320, 1734432654672, 1734432654993, 1734432655318, 1734432655653, 1734432656030, 1734432656369, 1734432656713, 1734432657070, 1734432657416, 1734432658118, 1734432658501, 1734432658838, 1734432659493, 1734432659911, 1734432660321, 1734432660695, 1734432661109, 1734432661503, 1734432661865, 1734432662255, 1734432662648, 1734432662996, 1734432663339, 1734432663699, 1734432664067, 1734432664413, 1734432664877, 1734432665217, 1734432665588, 1734432665962, 1734432666309, 1734432666932, 1734432667285, 1734432667688, 1734432668120, 1734432668543, 1734432668916, 1734432669316, 1734432669724, 1734432670108, 1734432670537, 1734432670932, 1734432671513, 1734432672003, 1734432672436, 1734432672841, 1734432673238, 1734432673648, 1734432674075, 1734432674509, 1734432674984, 1734432675396, 1734432675767, 1734432676173, 1734432676536, 1734432676910, 1734432677293, 1734432677669, 1734432678044, 1734432678420, 1734432678820, 1734432679292, 1734432679703, 1734432680116, 1734432680554, 1734432680968, 1734432681388, 1734432681820, 1734432682277, 1734432682685, 1734432683259, 1734432683693, 1734432684110, 1734432684494, 1734432684908, 1734432685308, 1734432685732, 1734432686140, 1734432686560, 1734432686962, 1734432687378, 1734432687811, 1734432688210, 1734432688614, 1734432689020, 1734432689435, 1734432689852, 1734432690292, 1734432690728, 1734432691169, 1734432691698, 1734432692228, 1734432692598, 1734432692949, 1734432693334, 1734432693726, 1734432694149, 1734432694584, 1734432695014, 1734432695475, 1734432695879, 1734432696288, 1734432696677, 1734432697087, 1734432697488, 1734432697858, 1734432698287, 1734432698702, 1734432699066, 1734432699499, 1734432699886, 1734432700329, 1734432700703, 1734432701080, 1734432701442, 1734432701805, 1734432702183, 1734432702576, 1734432702939, 1734432703325, 1734432703690, 1734432704060, 1734432704440, 1734432704774, 1734432705352, 1734432705705, 1734432706136, 
Plugin Outgoing Benchmark | start
size of start timestamps: 232
size of end timestamps: 220
latency: 342, 673, 940, 834, 799, 883, 818, 769, 970, 1094, 786, 972, 1197, 1293, 1575, 1753, 2013, 2122, 2374, 2592, 2601, 2426, 2461, 2718, 2720, 2964, 2960, 2929, 3019, 2940, 2940, 3163, 3174, 3174, 2924, 3069, 3113, 3312, 3046, 3348, 3417, 3461, 3449, 3436, 3476, 3515, 3517, 3455, 3527, 3236, 3553, 3436, 3702, 3947, 3975, 3979, 4046, 3965, 4046, 3844, 4140, 3859, 4100, 3996, 3739, 3876, 3734, 3705, 3649, 3806, 3789, 3453, 3668, 3695, 3460, 3299, 3531, 3603, 3519, 3267, 3634, 3600, 3657, 3721, 3725, 3595, 3905, 4041, 3950, 4031, 4310, 4106, 4311, 4312, 4191, 4384, 4315, 3610, 3909, 4084, 3561, 3574, 3655, 3766, 3228, 3550, 3612, 3872, 3830, 3569, 3562, 3679, 3527, 3509, 3370, 3653, 3965, 4161, 4244, 3909, 3859, 4162, 4536, 4557, 4554, 4628, 4339, 4593, 4603, 4473, 4510, 4641, 4486, 4259, 4336, 4349, 4194, 4318, 4292, 4245, 4179, 4327, 4323, 4036, 4061, 4300, 4451, 4868, 4769, 4606, 4606, 4828, 4768, 4767, 4992, 5012, 4345, 4683, 4945, 4974, 4998, 4785, 4989, 4966, 4982, 4942, 4993, 4691, 4758, 4937, 5336, 4931, 5170, 4810, 4838, 4745, 4530, 4848, 4884, 4819, 5061, 4877, 4251, 4234, 4447, 4636, 4593, 4639, 4575, 4646, 4461, 4594, 4381, 4194, 4183, 4300, 4219, 4535, 4540, 4393, 4470, 4307, 4336, 4348, 4203, 4004, 4285, 4290, 4366, 4461, 4399, 4101, 4304, 4340, 4574, 4421, 4660, 4550, 4513, 4850, 
start timestamps: 1734432630503, 1734432630525, 1734432630568, 1734432630924, 1734432631204, 1734432631390, 1734432631701, 1734432632010, 1734432632066, 1734432632212, 1734432632781, 1734432632854, 1734432632890, 1734432633057, 1734432633085, 1734432633194, 1734432633194, 1734432633351, 1734432633387, 1734432633417, 1734432633669, 1734432634114, 1734432634370, 1734432634386, 1734432634661, 1734432634688, 1734432634973, 1734432635333, 1734432635531, 1734432635896, 1734432636183, 1734432636270, 1734432636544, 1734432636854, 1734432637387, 1734432637527, 1734432637855, 1734432637977, 1734432638567, 1734432638588, 1734432638838, 1734432639124, 1734432639435, 1734432639740, 1734432640030, 1734432640314, 1734432640641, 1734432641016, 1734432641295, 1734432641937, 1734432641980, 1734432642456, 1734432642693, 1734432642892, 1734432643198, 1734432643541, 1734432643830, 1734432644261, 1734432644514, 1734432645082, 1734432645177, 1734432645802, 1734432645932, 1734432646420, 1734432647014, 1734432647199, 1734432647686, 1734432648075, 1734432648462, 1734432648607, 1734432648955, 1734432649663, 1734432649782, 1734432650062, 1734432650602, 1734432651084, 1734432651224, 1734432651472, 1734432651888, 1734432652474, 1734432652492, 1734432652867, 1734432653142, 1734432653452, 1734432653831, 1734432654344, 1734432654413, 1734432654765, 1734432655327, 1734432655768, 1734432655816, 1734432656377, 1734432656558, 1734432656928, 1734432657423, 1734432657571, 1734432657994, 1734432659063, 1734432659114, 1734432659291, 1734432660142, 1734432660487, 1734432660747, 1734432661000, 1734432661873, 1734432661936, 1734432662263, 1734432662341, 1734432662739, 1734432663369, 1734432663727, 1734432664001, 1734432664553, 1734432664959, 1734432665490, 1734432665609, 1734432665684, 1734432665879, 1734432666224, 1734432666940, 1734432667418, 1734432667682, 1734432667756, 1734432668142, 1734432668531, 1734432668862, 1734432669572, 1734432669734, 1734432670146, 1734432670730, 1734432671077, 1734432671310, 1734432671860, 1734432672449, 1734432672732, 1734432673119, 1734432673662, 1734432673925, 1734432674340, 1734432674785, 1734432675314, 1734432675597, 1734432676006, 1734432676712, 1734432677100, 1734432677294, 1734432677576, 1734432677576, 1734432678076, 1734432678646, 1734432679062, 1734432679261, 1734432679725, 1734432680130, 1734432680341, 1734432680758, 1734432681836, 1734432681902, 1734432682074, 1734432682450, 1734432682860, 1734432683483, 1734432683683, 1734432684107, 1734432684528, 1734432684998, 1734432685393, 1734432686152, 1734432686570, 1734432686975, 1734432687027, 1734432687812, 1734432687933, 1734432688673, 1734432689054, 1734432689545, 1734432690165, 1734432690327, 1734432690737, 1734432691202, 1734432691358, 1734432691939, 1734432692970, 1734432693366, 1734432693514, 1734432693733, 1734432694160, 1734432694487, 1734432694940, 1734432695257, 1734432695866, 1734432696105, 1734432696690, 1734432697238, 1734432697609, 1734432697869, 1734432698320, 1734432698397, 1734432698795, 1734432699302, 1734432699598, 1734432700104, 1734432700420, 1734432700776, 1734432701264, 1734432701795, 1734432701851, 1734432702183, 1734432702541, 1734432702940, 1734432703353, 1734432704067, 1734432704254, 1734432704607, 1734432704818, 1734432705342, 1734432705477, 1734432706144, 1734432706579, 1734432706622, 1734432707069, 1734432707414, 1734432707761, 1734432708468, 1734432708591, 1734432708954, 1734432709399, 1734432709770, 1734432710139, 1734432710695, 1734432711093, 1734432711479, 
end timestamps: 1734432630845, 1734432631198, 1734432631508, 1734432631758, 1734432632003, 1734432632273, 1734432632519, 1734432632779, 1734432633036, 1734432633306, 1734432633567, 1734432633826, 1734432634087, 1734432634350, 1734432634660, 1734432634947, 1734432635207, 1734432635473, 1734432635761, 1734432636009, 1734432636270, 1734432636540, 1734432636831, 1734432637104, 1734432637381, 1734432637652, 1734432637933, 1734432638262, 1734432638550, 1734432638836, 1734432639123, 1734432639433, 1734432639718, 1734432640028, 1734432640311, 1734432640596, 1734432640968, 1734432641289, 1734432641613, 1734432641936, 1734432642255, 1734432642585, 1734432642884, 1734432643176, 1734432643506, 1734432643829, 1734432644158, 1734432644471, 1734432644822, 1734432645173, 1734432645533, 1734432645892, 1734432646395, 1734432646839, 1734432647173, 1734432647520, 1734432647876, 1734432648226, 1734432648560, 1734432648926, 1734432649317, 1734432649661, 1734432650032, 1734432650416, 1734432650753, 1734432651075, 1734432651420, 1734432651780, 1734432652111, 1734432652413, 1734432652744, 1734432653116, 1734432653450, 1734432653757, 1734432654062, 1734432654383, 1734432654755, 1734432655075, 1734432655407, 1734432655741, 1734432656126, 1734432656467, 1734432656799, 1734432657173, 1734432657556, 1734432657939, 1734432658318, 1734432658806, 1734432659277, 1734432659799, 1734432660126, 1734432660483, 1734432660869, 1734432661240, 1734432661614, 1734432661955, 1734432662309, 1734432662673, 1734432663023, 1734432663375, 1734432663703, 1734432664061, 1734432664402, 1734432664766, 1734432665101, 1734432665486, 1734432665875, 1734432666213, 1734432666569, 1734432666938, 1734432667289, 1734432667680, 1734432668080, 1734432668468, 1734432668860, 1734432669262, 1734432669649, 1734432670040, 1734432670468, 1734432670849, 1734432671277, 1734432671844, 1734432672292, 1734432672699, 1734432673085, 1734432673490, 1734432673911, 1734432674327, 1734432674749, 1734432675203, 1734432675587, 1734432675951, 1734432676346, 1734432676708, 1734432677068, 1734432677468, 1734432677856, 1734432678243, 1734432678632, 1734432679030, 1734432679493, 1734432679924, 1734432680329, 1734432680748, 1734432681161, 1734432681594, 1734432682027, 1734432682444, 1734432682845, 1734432683252, 1734432683668, 1734432684089, 1734432684493, 1734432684897, 1734432685333, 1734432685770, 1734432686181, 1734432686585, 1734432687019, 1734432687424, 1734432687858, 1734432688268, 1734432688672, 1734432689073, 1734432689510, 1734432689940, 1734432690386, 1734432690843, 1734432691328, 1734432691912, 1734432692363, 1734432692743, 1734432693103, 1734432693483, 1734432693892, 1734432694290, 1734432694695, 1734432695175, 1734432695621, 1734432696021, 1734432696419, 1734432696816, 1734432697221, 1734432697600, 1734432697961, 1734432698369, 1734432698753, 1734432699126, 1734432699515, 1734432699903, 1734432700327, 1734432700699, 1734432701071, 1734432701432, 1734432701792, 1734432702169, 1734432702539, 1734432702932, 1734432703335, 1734432703695, 1734432704068, 1734432704411, 1734432704756, 1734432705124, 1734432705467, 1734432705799, 1734432706136, 1734432706473, 1734432706907, 1734432707401, 1734432707752, 1734432708168, 1734432708558, 1734432708947, 1734432709392, 1734432709763, 1734432710137, 1734432710694, 1734432711092, 1734432711472, 
Plugin Incoming Benchmark | start
size of start timestamps: 184
size of end timestamps: 184
latency: 375, 301, 301, 816, 576, 367, 309, 256, 282, 386, 553, 330, 311, 256, 270, 315, 705, 431, 445, 800, 325, 481, 306, 461, 501, 339, 592, 609, 519, 324, 292, 301, 323, 334, 800, 730, 383, 467, 446, 511, 507, 383, 388, 501, 850, 568, 407, 849, 471, 626, 853, 365, 524, 411, 458, 632, 346, 433, 650, 772, 495, 393, 341, 555, 706, 397, 702, 942, 610, 468, 646, 574, 412, 423, 746, 431, 371, 476, 717, 726, 631, 830, 890, 965, 722, 464, 629, 551, 430, 483, 464, 416, 465, 561, 651, 414, 419, 619, 531, 508, 507, 438, 677, 402, 415, 685, 707, 563, 608, 607, 408, 536, 559, 372, 447, 405, 590, 634, 875, 834, 623, 450, 419, 863, 509, 626, 579, 622, 839, 832, 885, 895, 636, 840, 834, 831, 463, 841, 551, 858, 832, 925, 1130, 888, 863, 897, 486, 544, 1269, 1135, 911, 758, 822, 754, 788, 485, 466, 434, 806, 443, 558, 519, 378, 457, 505, 596, 472, 600, 521, 445, 558, 712, 406, 734, 753, 451, 384, 738, 561, 525, 376, 467, 774, 779, 
start timestamps: 1734432630549, 1734432631400, 1734432631709, 1734432631965, 1734432632278, 1734432632523, 1734432632885, 1734432633413, 1734432634088, 1734432634411, 1734432634780, 1734432635074, 1734432635330, 1734432635640, 1734432635913, 1734432636388, 1734432636682, 1734432637096, 1734432637410, 1734432637767, 1734432638263, 1734432638643, 1734432638982, 1734432639279, 1734432639813, 1734432640104, 1734432640703, 1734432641328, 1734432641937, 1734432642254, 1734432642600, 1734432642897, 1734432643375, 1734432643927, 1734432644282, 1734432645072, 1734432645460, 1734432645798, 1734432646257, 1734432646688, 1734432647179, 1734432647692, 1734432648074, 1734432648454, 1734432648813, 1734432649214, 1734432649873, 1734432650235, 1734432650753, 1734432651262, 1734432651621, 1734432652127, 1734432652618, 1734432653041, 1734432653373, 1734432653712, 1734432654021, 1734432654332, 1734432654677, 1734432654996, 1734432655321, 1734432655656, 1734432656036, 1734432656373, 1734432656717, 1734432657073, 1734432657583, 1734432658121, 1734432658504, 1734432659063, 1734432659496, 1734432659913, 1734432660335, 1734432660737, 1734432661127, 1734432661505, 1734432661892, 1734432662263, 1734432662652, 1734432663001, 1734432663370, 1734432663723, 1734432664069, 1734432664525, 1734432664887, 1734432665220, 1734432665595, 1734432665973, 1734432666510, 1734432666935, 1734432667292, 1734432667726, 1734432668142, 1734432668545, 1734432668921, 1734432669320, 1734432669727, 1734432670111, 1734432670546, 1734432671045, 1734432671516, 1734432672011, 1734432672442, 1734432672845, 1734432673247, 1734432673655, 1734432674078, 1734432674514, 1734432674989, 1734432675399, 1734432675775, 1734432676176, 1734432676541, 1734432676922, 1734432677296, 1734432677671, 1734432678056, 1734432678428, 1734432678850, 1734432679296, 1734432679718, 1734432680135, 1734432680561, 1734432680973, 1734432681393, 1734432681824, 1734432682281, 1734432682861, 1734432683268, 1734432683696, 1734432684113, 1734432684498, 1734432684911, 1734432685312, 1734432685736, 1734432686144, 1734432686564, 1734432686971, 1734432687382, 1734432687815, 1734432688222, 1734432688621, 1734432689035, 1734432689439, 1734432689874, 1734432690305, 1734432690753, 1734432691171, 1734432691701, 1734432692231, 1734432692603, 1734432692975, 1734432693338, 1734432693733, 1734432694152, 1734432694591, 1734432695018, 1734432695478, 1734432695884, 1734432696292, 1734432696680, 1734432697090, 1734432697491, 1734432697863, 1734432698290, 1734432698706, 1734432699126, 1734432699504, 1734432699899, 1734432700331, 1734432700706, 1734432701083, 1734432701445, 1734432701807, 1734432702187, 1734432702579, 1734432702942, 1734432703329, 1734432703693, 1734432704082, 1734432704442, 1734432705010, 1734432705370, 1734432705800, 
end timestamps: 1734432630924, 1734432631701, 1734432632010, 1734432632781, 1734432632854, 1734432632890, 1734432633194, 1734432633669, 1734432634370, 1734432634797, 1734432635333, 1734432635404, 1734432635641, 1734432635896, 1734432636183, 1734432636703, 1734432637387, 1734432637527, 1734432637855, 1734432638567, 1734432638588, 1734432639124, 1734432639288, 1734432639740, 1734432640314, 1734432640443, 1734432641295, 1734432641937, 1734432642456, 1734432642578, 1734432642892, 1734432643198, 1734432643698, 1734432644261, 1734432645082, 1734432645802, 1734432645843, 1734432646265, 1734432646703, 1734432647199, 1734432647686, 1734432648075, 1734432648462, 1734432648955, 1734432649663, 1734432649782, 1734432650280, 1734432651084, 1734432651224, 1734432651888, 1734432652474, 1734432652492, 1734432653142, 1734432653452, 1734432653831, 1734432654344, 1734432654367, 1734432654765, 1734432655327, 1734432655768, 1734432655816, 1734432656049, 1734432656377, 1734432656928, 1734432657423, 1734432657470, 1734432658285, 1734432659063, 1734432659114, 1734432659531, 1734432660142, 1734432660487, 1734432660747, 1734432661160, 1734432661873, 1734432661936, 1734432662263, 1734432662739, 1734432663369, 1734432663727, 1734432664001, 1734432664553, 1734432664959, 1734432665490, 1734432665609, 1734432665684, 1734432666224, 1734432666524, 1734432666940, 1734432667418, 1734432667756, 1734432668142, 1734432668607, 1734432669106, 1734432669572, 1734432669734, 1734432670146, 1734432670730, 1734432671077, 1734432671553, 1734432672023, 1734432672449, 1734432673119, 1734432673247, 1734432673662, 1734432674340, 1734432674785, 1734432675077, 1734432675597, 1734432676006, 1734432676183, 1734432676712, 1734432677100, 1734432677294, 1734432677743, 1734432678076, 1734432678646, 1734432679062, 1734432679725, 1734432680130, 1734432680341, 1734432680585, 1734432680980, 1734432681836, 1734432681902, 1734432682450, 1734432682860, 1734432683483, 1734432684107, 1734432684528, 1734432684998, 1734432685393, 1734432685547, 1734432686152, 1734432686570, 1734432686975, 1734432687027, 1734432687812, 1734432687933, 1734432688673, 1734432689054, 1734432689546, 1734432690165, 1734432690327, 1734432690737, 1734432691202, 1734432691239, 1734432691715, 1734432692970, 1734432693366, 1734432693514, 1734432693733, 1734432694160, 1734432694487, 1734432694940, 1734432695076, 1734432695484, 1734432695912, 1734432696690, 1734432696735, 1734432697238, 1734432697609, 1734432697869, 1734432698320, 1734432698795, 1734432699302, 1734432699598, 1734432700104, 1734432700420, 1734432700776, 1734432701264, 1734432701795, 1734432701851, 1734432702541, 1734432702940, 1734432703030, 1734432703326, 1734432704067, 1734432704254, 1734432704607, 1734432704818, 1734432705477, 1734432706144, 1734432706579, 
