
**********************************************************
ConnectDAWs File Logger | only the ConnectionManagerThread will write to this file to avoid blocking calls inside the audio thread.
Log started: 17 Dec 2024 12:33:24pm

Network Benchmark | start
size of start timestamps: 236
size of end timestamps: 236
latency: -30559, -30109, -29754, -29265, -29085, -28917, -28733, -28534, -28346, -28188, -28028, -27865, -27701, -27177, -27051, -26947, -26840, -26797, -26733, -26654, -26551, -26464, -26251, -26155, -26076, -25968, -25865, -25769, -25667, -25559, -25470, -25369, -25309, -25236, -25138, -24955, -24866, -24807, -24719, -24561, -24248, -24154, -23970, -23781, -23768, -23702, -23586, -23499, -23324, -22807, -22675, -22541, -22416, -22146, -22156, -22209, -22105, -21998, -21849, -21790, -21568, -21585, -21560, -21498, -21349, -20804, -20528, -20426, -19996, -19896, -20143, -20046, -19793, -19588, -19134, -18975, -18867, -18366, -18157, -18353, -18216, -18023, -17819, -17608, -17423, -17458, -17259, -17078, -16911, -16753, -16619, -16499, -16343, -16142, -15942, -15716, -15453, -15243, -15073, -14872, -14657, -14457, -14266, -14051, -13832, -13628, -13397, -13171, -12918, -12632, -12357, -12119, -11892, -11641, -11427, -11228, -11001, -10749, -10495, -10199, -9940, -9628, -9384, -9147, -8948, -8743, -8591, -8387, -8189, -7965, -7711, -7476, -7216, -6877, -6603, -6324, -6029, -5768, -5502, -5257, -5091, -4894, -4672, -4456, -4228, -3946, -3716, -3482, -3230, -3013, -2764, -2505, -2073, -1813, -1562, -1363, -1168, -953, -740, -522, -307, -70, 167, 417, 651, 876, 1102, 1317, 1562, 1788, 2032, 2259, 2484, 2676, 2876, 3073, 3279, 3515, 3742, 3976, 4200, 4410, 4629, 4860, 5115, 5339, 5847, 6028, 6221, 6417, 6695, 6845, 7029, 7471, 7684, 7693, 7900, 8130, 8355, 8557, 8781, 9022, 9236, 9433, 9632, 9841, 10066, 10133, 10401, 10625, 10854, 11066, 11294, 11500, 11693, 11921, 12107, 12316, 12724, 12960, 13461, 13629, 13798, 13896, 14028, 14163, 14073, 14195, 14713, 14872, 15031, 15197, 15343, 15473, 15389, 15494, 
start timestamps: 1734435123635, 1734435124218, 1734435125065, 1734435125462, 1734435125754, 1734435126045, 1734435126340, 1734435126632, 1734435126937, 1734435127242, 1734435127560, 1734435127852, 1734435128161, 1734435128473, 1734435128766, 1734435129082, 1734435129421, 1734435129786, 1734435130137, 1734435130472, 1734435130803, 1734435131123, 1734435131441, 1734435131762, 1734435132082, 1734435132407, 1734435132735, 1734435133063, 1734435133383, 1734435133714, 1734435134048, 1734435134372, 1734435134732, 1734435135076, 1734435135399, 1734435135720, 1734435136049, 1734435136391, 1734435136729, 1734435137047, 1734435137387, 1734435137722, 1734435138053, 1734435138380, 1734435138753, 1734435139072, 1734435139398, 1734435139725, 1734435140054, 1734435140377, 1734435140689, 1734435141048, 1734435141370, 1734435141718, 1734435142202, 1734435142691, 1734435143079, 1734435143471, 1734435143867, 1734435144254, 1734435144621, 1734435145184, 1734435145574, 1734435145983, 1734435146329, 1734435146671, 1734435146994, 1734435147349, 1734435147805, 1734435148204, 1734435148910, 1734435149238, 1734435149553, 1734435149856, 1734435150418, 1734435150717, 1734435151057, 1734435151361, 1734435151660, 1734435152291, 1734435152587, 1734435152872, 1734435153144, 1734435153416, 1734435153711, 1734435154281, 1734435154584, 1734435154880, 1734435155196, 1734435155504, 1734435155842, 1734435156159, 1734435156474, 1734435156775, 1734435157077, 1734435157373, 1734435157673, 1734435157981, 1734435158289, 1734435158576, 1734435158840, 1734435159146, 1734435159422, 1734435159669, 1734435159916, 1734435160170, 1734435160411, 1734435160652, 1734435160889, 1734435161156, 1734435161397, 1734435161643, 1734435161892, 1734435162146, 1734435162428, 1734435162706, 1734435162961, 1734435163214, 1734435163471, 1734435163753, 1734435164000, 1734435164261, 1734435164538, 1734435164824, 1734435165096, 1734435165367, 1734435165700, 1734435165968, 1734435166239, 1734435166483, 1734435166705, 1734435166939, 1734435167148, 1734435167359, 1734435167584, 1734435167804, 1734435168022, 1734435168273, 1734435168513, 1734435168735, 1734435169058, 1734435169355, 1734435169596, 1734435169816, 1734435170034, 1734435170267, 1734435170497, 1734435170729, 1734435170936, 1734435171180, 1734435171396, 1734435171605, 1734435171811, 1734435172040, 1734435172249, 1734435172459, 1734435172671, 1734435172883, 1734435173095, 1734435173305, 1734435173506, 1734435173695, 1734435173897, 1734435174091, 1734435174283, 1734435174474, 1734435174669, 1734435174878, 1734435175082, 1734435175272, 1734435175486, 1734435175679, 1734435175873, 1734435176095, 1734435176297, 1734435176494, 1734435176689, 1734435176876, 1734435177067, 1734435177251, 1734435177434, 1734435177645, 1734435177836, 1734435178037, 1734435178229, 1734435178424, 1734435178620, 1734435178814, 1734435179010, 1734435179213, 1734435179458, 1734435179684, 1734435179877, 1734435180055, 1734435180226, 1734435180588, 1734435180752, 1734435180922, 1734435181099, 1734435181281, 1734435181453, 1734435181620, 1734435181790, 1734435181962, 1734435182130, 1734435182307, 1734435182488, 1734435182853, 1734435183045, 1734435183230, 1734435183406, 1734435183623, 1734435183807, 1734435183994, 1734435184182, 1734435184366, 1734435184562, 1734435184742, 1734435184919, 1734435185111, 1734435185320, 1734435185526, 1734435185754, 1734435185994, 1734435186215, 1734435186422, 1734435186851, 1734435187060, 1734435187250, 1734435187441, 1734435187638, 1734435187837, 1734435188023, 1734435188230, 1734435188643, 1734435188834, 
end timestamps: 1734435093076, 1734435094109, 1734435095311, 1734435096197, 1734435096669, 1734435097128, 1734435097607, 1734435098098, 1734435098591, 1734435099054, 1734435099532, 1734435099987, 1734435100460, 1734435101296, 1734435101715, 1734435102135, 1734435102581, 1734435102989, 1734435103404, 1734435103818, 1734435104252, 1734435104659, 1734435105190, 1734435105607, 1734435106006, 1734435106439, 1734435106870, 1734435107294, 1734435107716, 1734435108155, 1734435108578, 1734435109003, 1734435109423, 1734435109840, 1734435110261, 1734435110765, 1734435111183, 1734435111584, 1734435112010, 1734435112486, 1734435113139, 1734435113568, 1734435114083, 1734435114599, 1734435114985, 1734435115370, 1734435115812, 1734435116226, 1734435116730, 1734435117570, 1734435118014, 1734435118507, 1734435118954, 1734435119572, 1734435120046, 1734435120482, 1734435120974, 1734435121473, 1734435122018, 1734435122464, 1734435123053, 1734435123599, 1734435124014, 1734435124485, 1734435124980, 1734435125867, 1734435126466, 1734435126923, 1734435127809, 1734435128308, 1734435128767, 1734435129192, 1734435129760, 1734435130268, 1734435131284, 1734435131742, 1734435132190, 1734435132995, 1734435133503, 1734435133938, 1734435134371, 1734435134849, 1734435135325, 1734435135808, 1734435136288, 1734435136823, 1734435137325, 1734435137802, 1734435138285, 1734435138751, 1734435139223, 1734435139660, 1734435140131, 1734435140633, 1734435141135, 1734435141657, 1734435142220, 1734435142738, 1734435143216, 1734435143704, 1734435144183, 1734435144689, 1734435145156, 1734435145618, 1734435146084, 1734435146542, 1734435147014, 1734435147481, 1734435147971, 1734435148524, 1734435149040, 1734435149524, 1734435150000, 1734435150505, 1734435151001, 1734435151478, 1734435151960, 1734435152465, 1734435152976, 1734435153554, 1734435154060, 1734435154633, 1734435155154, 1734435155677, 1734435156148, 1734435156624, 1734435157109, 1734435157581, 1734435158050, 1734435158518, 1734435158994, 1734435159463, 1734435159932, 1734435160482, 1734435160981, 1734435161480, 1734435161993, 1734435162505, 1734435163011, 1734435163478, 1734435163967, 1734435164461, 1734435164924, 1734435165360, 1734435165806, 1734435166321, 1734435166781, 1734435167247, 1734435167706, 1734435168167, 1734435168632, 1734435169100, 1734435169738, 1734435170227, 1734435170687, 1734435171096, 1734435171503, 1734435171930, 1734435172355, 1734435172783, 1734435173199, 1734435173625, 1734435174064, 1734435174508, 1734435174934, 1734435175350, 1734435175771, 1734435176195, 1734435176644, 1734435177060, 1734435177518, 1734435177938, 1734435178357, 1734435178771, 1734435179173, 1734435179567, 1734435179968, 1734435180391, 1734435180809, 1734435181227, 1734435181634, 1734435182055, 1734435182465, 1734435182897, 1734435183344, 1734435183763, 1734435184467, 1734435184842, 1734435185231, 1734435185630, 1734435186153, 1734435186529, 1734435186906, 1734435187526, 1734435187910, 1734435188281, 1734435188652, 1734435189052, 1734435189454, 1734435189838, 1734435190234, 1734435190642, 1734435191026, 1734435191395, 1734435191762, 1734435192148, 1734435192554, 1734435192986, 1734435193446, 1734435193855, 1734435194260, 1734435194689, 1734435195101, 1734435195494, 1734435195875, 1734435196287, 1734435196669, 1734435197058, 1734435197643, 1734435198071, 1734435198781, 1734435199155, 1734435199552, 1734435199890, 1734435200243, 1734435200585, 1734435200924, 1734435201255, 1734435201963, 1734435202313, 1734435202669, 1734435203034, 1734435203366, 1734435203703, 1734435204032, 1734435204328, 
Plugin Outgoing Benchmark | start
size of start timestamps: 231
size of end timestamps: 226
latency: 465, 771, 833, 1282, 1154, 1186, 906, 441, 458, 812, 950, 994, 844, 476, 480, 501, 443, 941, 678, 449, 422, 537, 466, 418, 414, 403, 430, 713, 429, 830, 830, 632, 419, 424, 835, 1090, 1406, 865, 1064, 1534, 833, 926, 898, 1373, 801, 818, 1208, 838, 1211, 1308, 957, 961, 1399, 1493, 1466, 1437, 1496, 1976, 2268, 2414, 2488, 2927, 3039, 3494, 3222, 3470, 3814, 3919, 4278, 4303, 4191, 3877, 3834, 3427, 3089, 3294, 2661, 2913, 3386, 2825, 2730, 2346, 2215, 2196, 1421, 1451, 1391, 1527, 1534, 1476, 1561, 1608, 2188, 1903, 1551, 1820, 1589, 1419, 1517, 1753, 1853, 1821, 1764, 1685, 1487, 1640, 1616, 1843, 1845, 2001, 1994, 2047, 2045, 2134, 1701, 1691, 1944, 1976, 2094, 2084, 2099, 2177, 2730, 2678, 2712, 2772, 2673, 2644, 2588, 2196, 2283, 2541, 2160, 1982, 2000, 2187, 2079, 2074, 2133, 2014, 2211, 2544, 2039, 1945, 2454, 2406, 2444, 2238, 1908, 2171, 2154, 2390, 2180, 2261, 2428, 2489, 2237, 1817, 1704, 2128, 2332, 2490, 2306, 2116, 1924, 2103, 2521, 2349, 2350, 2786, 3360, 3363, 3132, 2722, 2729, 3167, 2872, 3141, 2874, 2718, 2737, 2334, 2304, 2791, 2751, 2570, 3367, 2762, 2847, 2722, 2492, 2203, 2179, 2319, 1971, 2000, 2294, 2545, 2844, 3192, 2810, 2846, 2628, 2074, 2261, 2619, 2599, 2193, 2111, 2146, 2543, 2522, 2523, 2475, 2882, 2687, 2879, 2695, 2869, 2732, 2805, 2950, 2752, 2638, 2206, 2133, 
start timestamps: 1734435092595, 1734435092755, 1734435093122, 1734435093123, 1734435093685, 1734435094121, 1734435094843, 1734435095761, 1734435096240, 1734435096369, 1734435096701, 1734435097142, 1734435097764, 1734435098604, 1734435099220, 1734435099664, 1734435100389, 1734435100389, 1734435101078, 1734435101726, 1734435102188, 1734435102522, 1734435103000, 1734435103475, 1734435104253, 1734435104794, 1734435106007, 1734435106143, 1734435106858, 1734435106869, 1734435107301, 1734435107919, 1734435108579, 1734435108984, 1734435108984, 1734435109265, 1734435109942, 1734435110930, 1734435111158, 1734435111198, 1734435112326, 1734435112744, 1734435113235, 1734435113236, 1734435114195, 1734435114618, 1734435115062, 1734435115820, 1734435115871, 1734435116289, 1734435117084, 1734435117573, 1734435117681, 1734435118036, 1734435118537, 1734435119085, 1734435119547, 1734435119588, 1734435119788, 1734435120126, 1734435120527, 1734435120591, 1734435120977, 1734435121007, 1734435121735, 1734435121962, 1734435122059, 1734435122544, 1734435122622, 1734435123020, 1734435123614, 1734435124376, 1734435124949, 1734435125876, 1734435126684, 1734435126909, 1734435127995, 1734435128318, 1734435128318, 1734435129308, 1734435129836, 1734435130661, 1734435131300, 1734435131755, 1734435133070, 1734435133505, 1734435134037, 1734435134384, 1734435134861, 1734435135442, 1734435135824, 1734435136250, 1734435136313, 1734435137075, 1734435137879, 1734435138062, 1734435138765, 1734435139443, 1734435139856, 1734435140143, 1734435140635, 1734435141148, 1734435141678, 1734435142237, 1734435142906, 1734435143228, 1734435143719, 1734435143935, 1734435144397, 1734435144707, 1734435145188, 1734435145612, 1734435146090, 1734435146556, 1734435147482, 1734435147983, 1734435148236, 1734435148692, 1734435149050, 1734435149539, 1734435150016, 1734435150445, 1734435150446, 1734435151021, 1734435151522, 1734435152004, 1734435152625, 1734435153195, 1734435153717, 1734435154637, 1734435155184, 1734435155503, 1734435156363, 1734435157024, 1734435157559, 1734435157869, 1734435158530, 1734435159039, 1734435159477, 1734435160108, 1734435160502, 1734435160647, 1734435161621, 1734435162220, 1734435162373, 1734435163201, 1734435163671, 1734435164360, 1734435165149, 1734435165375, 1734435165844, 1734435166118, 1734435166803, 1734435167190, 1734435167548, 1734435168012, 1734435168677, 1734435169511, 1734435170023, 1734435170023, 1734435170239, 1734435170503, 1734435171111, 1734435171737, 1734435172367, 1734435172623, 1734435172623, 1734435173216, 1734435173645, 1734435173835, 1734435174294, 1734435174729, 1734435175366, 1734435176197, 1734435177073, 1734435177231, 1734435177951, 1734435178507, 1734435179396, 1734435179981, 1734435180406, 1734435181236, 1734435181686, 1734435182063, 1734435182499, 1734435183154, 1734435183178, 1734435184475, 1734435184854, 1734435185352, 1734435186162, 1734435186855, 1734435187319, 1734435187558, 1734435188282, 1734435188660, 1734435189110, 1734435189223, 1734435189561, 1734435190235, 1734435191027, 1734435191404, 1734435192022, 1734435192995, 1734435193234, 1734435193448, 1734435193866, 1734435194663, 1734435195109, 1734435195504, 1734435195504, 1734435195887, 1734435196264, 1734435196690, 1734435196701, 1734435197223, 1734435197360, 1734435197888, 1734435198054, 1734435198790, 1734435199169, 1734435199380, 1734435199913, 1734435200432, 1734435201199, 1734435201593, 1734435201971, 1734435202290, 1734435202720, 1734435202746, 1734435202791, 
end timestamps: 1734435093060, 1734435093526, 1734435093955, 1734435094405, 1734435094839, 1734435095307, 1734435095749, 1734435096202, 1734435096698, 1734435097181, 1734435097651, 1734435098136, 1734435098608, 1734435099080, 1734435099700, 1734435100165, 1734435100832, 1734435101330, 1734435101756, 1734435102175, 1734435102610, 1734435103059, 1734435103466, 1734435103893, 1734435104667, 1734435105197, 1734435106437, 1734435106856, 1734435107287, 1734435107699, 1734435108131, 1734435108551, 1734435108998, 1734435109408, 1734435109819, 1734435110355, 1734435111348, 1734435111795, 1734435112222, 1734435112732, 1734435113159, 1734435113670, 1734435114133, 1734435114609, 1734435114996, 1734435115436, 1734435116270, 1734435116658, 1734435117082, 1734435117597, 1734435118041, 1734435118534, 1734435119080, 1734435119529, 1734435120003, 1734435120522, 1734435121043, 1734435121564, 1734435122056, 1734435122540, 1734435123015, 1734435123518, 1734435124016, 1734435124501, 1734435124957, 1734435125432, 1734435125873, 1734435126463, 1734435126900, 1734435127323, 1734435127805, 1734435128253, 1734435128783, 1734435129303, 1734435129773, 1734435130203, 1734435130656, 1734435131231, 1734435131704, 1734435132133, 1734435132566, 1734435133007, 1734435133515, 1734435133951, 1734435134491, 1734435134956, 1734435135428, 1734435135911, 1734435136395, 1734435136918, 1734435137385, 1734435137858, 1734435138501, 1734435138978, 1734435139430, 1734435139882, 1734435140354, 1734435140862, 1734435141373, 1734435141896, 1734435142488, 1734435142969, 1734435143442, 1734435143922, 1734435144393, 1734435144868, 1734435145335, 1734435145778, 1734435146242, 1734435146708, 1734435147182, 1734435147659, 1734435148135, 1734435148690, 1734435149183, 1734435149674, 1734435150180, 1734435150668, 1734435151144, 1734435151623, 1734435152115, 1734435152622, 1734435153176, 1734435153699, 1734435154234, 1734435154776, 1734435155298, 1734435155839, 1734435156305, 1734435156833, 1734435157467, 1734435158044, 1734435158523, 1734435159006, 1734435159559, 1734435160056, 1734435160609, 1734435161113, 1734435161610, 1734435162122, 1734435162713, 1734435163191, 1734435163660, 1734435164165, 1734435164827, 1734435165607, 1734435166115, 1734435166598, 1734435167057, 1734435167546, 1734435167998, 1734435168508, 1734435168983, 1734435169451, 1734435169976, 1734435170501, 1734435170914, 1734435171328, 1734435171727, 1734435172151, 1734435172571, 1734435172993, 1734435173417, 1734435173853, 1734435174291, 1734435174726, 1734435175144, 1734435175565, 1734435175995, 1734435176621, 1734435177654, 1734435178092, 1734435178498, 1734435178919, 1734435179802, 1734435180398, 1734435180823, 1734435181648, 1734435182270, 1734435182699, 1734435183143, 1734435183570, 1734435183990, 1734435184854, 1734435185250, 1734435185724, 1734435186545, 1734435187237, 1734435187701, 1734435188074, 1734435188654, 1734435189058, 1734435189498, 1734435189877, 1734435190253, 1734435190660, 1734435191404, 1734435191768, 1734435192405, 1734435193427, 1734435193837, 1734435194250, 1734435194650, 1734435195069, 1734435195495, 1734435196067, 1734435196465, 1734435196856, 1734435197220, 1734435197650, 1734435198047, 1734435198409, 1734435198787, 1734435199165, 1734435199583, 1734435199910, 1734435200239, 1734435200583, 1734435200923, 1734435201522, 1734435201974, 1734435202330, 1734435202665, 1734435203070, 1734435203405, 1734435203726, 
Plugin Incoming Benchmark | start
size of start timestamps: 237
size of end timestamps: 222
latency: 502, 448, 918, 488, 496, 470, 629, 990, 1113, 1069, 1327, 854, 1089, 892, 890, 804, 862, 890, 1255, 1386, 2153, 1887, 2073, 1672, 1690, 1905, 2138, 2112, 1688, 1541, 1780, 2350, 2153, 1773, 2485, 2388, 2467, 2051, 2607, 2559, 2329, 2673, 2200, 2104, 2474, 2579, 2245, 2217, 2307, 2001, 1970, 1570, 1252, 1044, 952, 541, 491, 29, 254, 37, 3, 452, 774, 931, 1374, 1249, 1035, 1525, 993, 506, 997, 1066, 1356, 1535, 1097, 1778, 1759, 1470, 1326, 1355, 1494, 1448, 1396, 984, 1262, 1585, 1235, 1437, 1638, 1568, 1387, 1406, 1484, 1543, 1600, 1762, 1562, 1493, 1193, 1176, 994, 1001, 916, 917, 935, 1394, 1437, 1218, 1206, 1074, 1008, 966, 916, 442, 510, 518, 523, 661, 723, 736, 1077, 1119, 864, 1204, 1343, 1402, 1240, 1418, 1455, 1423, 1578, 1504, 1181, 1683, 1733, 1387, 1710, 1670, 1849, 2134, 1892, 1872, 1653, 1875, 1827, 1737, 1681, 1893, 2254, 2313, 1852, 1599, 1219, 1366, 1504, 1675, 1522, 1116, 1281, 1286, 1046, 1089, 1101, 1298, 1685, 2131, 1876, 2177, 2308, 2746, 2916, 2884, 3291, 3325, 3289, 3324, 3583, 3207, 4077, 4042, 4122, 4524, 4796, 4852, 4658, 4935, 4569, 4640, 4375, 4303, 4459, 4872, 4858, 4893, 5462, 5317, 5165, 5209, 5606, 5648, 5659, 5264, 5240, 5236, 5290, 4933, 5071, 4802, 4898, 4604, 4931, 4902, 4687, 4809, 4935, 5320, 5304, 5298, 5069, 5069, 4336, 4003, 
start timestamps: 1734435092620, 1734435093673, 1734435094843, 1734435095752, 1734435096205, 1734435096672, 1734435097135, 1734435097614, 1734435098107, 1734435098595, 1734435099062, 1734435099535, 1734435099989, 1734435100834, 1734435101298, 1734435101718, 1734435102138, 1734435102585, 1734435102998, 1734435103408, 1734435103854, 1734435104256, 1734435104785, 1734435105197, 1734435105611, 1734435106014, 1734435106441, 1734435106872, 1734435107296, 1734435107724, 1734435108162, 1734435108580, 1734435109005, 1734435109425, 1734435109842, 1734435110356, 1734435110768, 1734435111185, 1734435111588, 1734435112059, 1734435112733, 1734435113147, 1734435113671, 1734435114185, 1734435114610, 1734435114994, 1734435115436, 1734435115819, 1734435116230, 1734435117084, 1734435117577, 1734435118018, 1734435118536, 1734435119082, 1734435119575, 1734435120050, 1734435120486, 1734435120978, 1734435121481, 1734435122022, 1734435122541, 1734435123162, 1734435123602, 1734435124018, 1734435124502, 1734435125435, 1734435125874, 1734435126470, 1734435127325, 1734435127812, 1734435128311, 1734435128770, 1734435129305, 1734435129765, 1734435130658, 1734435131292, 1734435131746, 1734435132567, 1734435133058, 1734435133506, 1734435133948, 1734435134376, 1734435134854, 1734435135329, 1734435135813, 1734435136294, 1734435136827, 1734435137328, 1734435137805, 1734435138288, 1734435138756, 1734435139229, 1734435139664, 1734435140135, 1734435140637, 1734435141144, 1734435141666, 1734435142226, 1734435142742, 1734435143221, 1734435143713, 1734435144187, 1734435144696, 1734435145173, 1734435145621, 1734435146088, 1734435146546, 1734435147018, 1734435147486, 1734435147976, 1734435148531, 1734435149050, 1734435149529, 1734435150004, 1734435150511, 1734435151005, 1734435151481, 1734435151964, 1734435152472, 1734435152981, 1734435153560, 1734435154065, 1734435154639, 1734435155159, 1734435155681, 1734435156157, 1734435156629, 1734435157112, 1734435157584, 1734435158054, 1734435158530, 1734435158998, 1734435159466, 1734435159938, 1734435160487, 1734435160986, 1734435161491, 1734435162001, 1734435162511, 1734435163015, 1734435163483, 1734435163972, 1734435164465, 1734435164928, 1734435165363, 1734435165811, 1734435166331, 1734435166784, 1734435167257, 1734435167710, 1734435168171, 1734435168640, 1734435169284, 1734435169745, 1734435170233, 1734435170692, 1734435171101, 1734435171507, 1734435171935, 1734435172359, 1734435172789, 1734435173205, 1734435173628, 1734435174068, 1734435174512, 1734435174942, 1734435175355, 1734435175774, 1734435176199, 1734435176650, 1734435177065, 1734435177522, 1734435177945, 1734435178361, 1734435178774, 1734435179175, 1734435179571, 1734435179971, 1734435180398, 1734435180812, 1734435181230, 1734435181638, 1734435182059, 1734435182467, 1734435182900, 1734435183347, 1734435184091, 1734435184470, 1734435184848, 1734435185258, 1734435185776, 1734435186155, 1734435186546, 1734435187129, 1734435187533, 1734435187917, 1734435188283, 1734435188657, 1734435189057, 1734435189461, 1734435189845, 1734435190240, 1734435190647, 1734435191028, 1734435191400, 1734435191768, 1734435192152, 1734435192558, 1734435192990, 1734435193450, 1734435193859, 1734435194267, 1734435194693, 1734435195104, 1734435195497, 1734435195879, 1734435196289, 1734435196673, 1734435197221, 1734435197651, 1734435198410, 1734435198788, 1734435199167, 1734435199558, 1734435199911, 1734435200246, 1734435200588, 1734435200928, 1734435201587, 1734435201965, 1734435202331, 1734435202671, 1734435203039, 1734435203374, 1734435203727, 1734435204034, 1734435204330, 
end timestamps: 1734435093122, 1734435094121, 1734435095761, 1734435096240, 1734435096701, 1734435097142, 1734435097764, 1734435098604, 1734435099220, 1734435099664, 1734435100389, 1734435100389, 1734435101078, 1734435101726, 1734435102188, 1734435102522, 1734435103000, 1734435103475, 1734435104253, 1734435104794, 1734435106007, 1734435106143, 1734435106858, 1734435106869, 1734435107301, 1734435107919, 1734435108579, 1734435108984, 1734435108984, 1734435109265, 1734435109942, 1734435110930, 1734435111158, 1734435111198, 1734435112327, 1734435112744, 1734435113235, 1734435113236, 1734435114195, 1734435114618, 1734435115062, 1734435115820, 1734435115871, 1734435116289, 1734435117084, 1734435117573, 1734435117681, 1734435118036, 1734435118537, 1734435119085, 1734435119547, 1734435119588, 1734435119788, 1734435120126, 1734435120527, 1734435120591, 1734435120977, 1734435121007, 1734435121735, 1734435122059, 1734435122544, 1734435123614, 1734435124376, 1734435124949, 1734435125876, 1734435126684, 1734435126909, 1734435127995, 1734435128318, 1734435128318, 1734435129308, 1734435129836, 1734435130661, 1734435131300, 1734435131755, 1734435133070, 1734435133505, 1734435134037, 1734435134384, 1734435134861, 1734435135442, 1734435135824, 1734435136250, 1734435136313, 1734435137075, 1734435137879, 1734435138062, 1734435138765, 1734435139443, 1734435139856, 1734435140143, 1734435140635, 1734435141148, 1734435141678, 1734435142237, 1734435142906, 1734435143228, 1734435143719, 1734435143935, 1734435144397, 1734435144707, 1734435145188, 1734435145612, 1734435146090, 1734435146556, 1734435147482, 1734435147983, 1734435148236, 1734435148692, 1734435149050, 1734435149539, 1734435150016, 1734435150445, 1734435150446, 1734435151021, 1734435151523, 1734435152004, 1734435152625, 1734435153195, 1734435153717, 1734435154637, 1734435155184, 1734435155503, 1734435156363, 1734435157024, 1734435157559, 1734435157869, 1734435158530, 1734435159039, 1734435159477, 1734435160108, 1734435160502, 1734435160647, 1734435161621, 1734435162220, 1734435162373, 1734435163201, 1734435163671, 1734435164360, 1734435165149, 1734435165375, 1734435165844, 1734435166118, 1734435166803, 1734435167190, 1734435167548, 1734435168012, 1734435168677, 1734435169511, 1734435170023, 1734435170023, 1734435170239, 1734435170503, 1734435171111, 1734435171737, 1734435172367, 1734435172623, 1734435172623, 1734435173216, 1734435173645, 1734435173835, 1734435174294, 1734435174729, 1734435175366, 1734435176197, 1734435177073, 1734435177231, 1734435177951, 1734435178507, 1734435179396, 1734435179981, 1734435180406, 1734435181236, 1734435181686, 1734435182063, 1734435182499, 1734435183154, 1734435183178, 1734435184475, 1734435184854, 1734435185352, 1734435186162, 1734435186855, 1734435187319, 1734435187558, 1734435188282, 1734435188660, 1734435189110, 1734435189223, 1734435189561, 1734435190235, 1734435191027, 1734435191404, 1734435192022, 1734435192995, 1734435193234, 1734435193448, 1734435193866, 1734435194663, 1734435195109, 1734435195504, 1734435195504, 1734435195887, 1734435196264, 1734435196690, 1734435196701, 1734435197223, 1734435197360, 1734435197888, 1734435198054, 1734435198790, 1734435199169, 1734435199380, 1734435199913, 1734435200432, 1734435201199, 1734435201593, 1734435201971, 1734435202290, 1734435202720, 1734435202746, 1734435202791, 
