
**********************************************************
ConnectDAWs File Logger | only the ConnectionManagerThread will write to this file to avoid blocking calls inside the audio thread.
Log started: 17 Dec 2024 12:02:59pm

Network Benchmark | start
size of start timestamps: 201
size of end timestamps: 201
latency: 5904, 5814, 5756, 5539, 5460, 5323, 5237, 5060, 4973, 4814, 4686, 4579, 4597, 4655, 4538, 4331, 4227, 4118, 4104, 4068, 4047, 4003, 3939, 3971, 3949, 3940, 3855, 3649, 3433, 3294, 3131, 3107, 3072, 2947, 2805, 2600, 2537, 2474, 2456, 2329, 2215, 2162, 2070, 2012, 1936, 1865, 1677, 1698, 1707, 1639, 1476, 1415, 1323, 778, 619, 550, 471, 323, 180, 38, 34, 15, -72, -204, -370, -436, -965, -1064, -1110, -1132, -1151, -1230, -1419, -1484, -1585, -2061, -2102, -2148, -2237, -2375, -2530, -2617, -2667, -2714, -2885, -3064, -3165, -3325, -3420, -3854, -3978, -4113, -4265, -4331, -4544, -4625, -4690, -4713, -4874, -4811, -4887, -4992, -5062, -5161, -5817, -6013, -6283, -6547, -6678, -6830, -6899, -7047, -7151, -7260, -7395, -7402, -7543, -7728, -7831, -7906, -8024, -8718, -8905, -9177, -9312, -9544, -9616, -9639, -9699, -9732, -9819, -9972, -10057, -10128, -10234, -10469, -10672, -10790, -10858, -10988, -10934, -11036, -11065, -10995, -10967, -11000, -11065, -11113, -11292, -11396, -11408, -11378, -11444, -11436, -11470, -11366, -11099, -10947, -10953, -10936, -10660, -10606, -10996, -10940, -10918, -11300, -11240, -11176, -11258, -11312, -11318, -11253, -11106, -11084, -11023, -10939, -10927, -10738, -10718, -10589, -10503, -10404, -10270, -10072, -10004, -10251, -10147, -10081, -9892, -9886, -9828, -9804, -9761, -9709, -9659, -9455, -9314, -9233, -8973, -8802, -8774, 
start timestamps: 1734433297130, 1734433297470, 1734433297848, 1734433298279, 1734433298703, 1734433299091, 1734433299429, 1734433299878, 1734433300208, 1734433300583, 1734433300960, 1734433301325, 1734433301732, 1734433302058, 1734433302417, 1734433302818, 1734433303165, 1734433303488, 1734433303781, 1734433304079, 1734433304374, 1734433304705, 1734433304996, 1734433305303, 1734433305617, 1734433305964, 1734433306337, 1734433306787, 1734433307240, 1734433307668, 1734433308065, 1734433308433, 1734433308821, 1734433309249, 1734433309692, 1734433310150, 1734433310481, 1734433310801, 1734433311136, 1734433311517, 1734433311898, 1734433312216, 1734433312554, 1734433312873, 1734433313204, 1734433313553, 1734433313993, 1734433314305, 1734433314621, 1734433314939, 1734433315356, 1734433315691, 1734433316038, 1734433316821, 1734433317211, 1734433317606, 1734433317983, 1734433318373, 1734433318778, 1734433319167, 1734433319624, 1734433319971, 1734433320310, 1734433320676, 1734433321101, 1734433321493, 1734433322346, 1734433322679, 1734433323025, 1734433323383, 1734433323745, 1734433324113, 1734433324558, 1734433324919, 1734433325278, 1734433326056, 1734433326467, 1734433326852, 1734433327259, 1734433327701, 1734433328192, 1734433328620, 1734433329013, 1734433329409, 1734433329909, 1734433330381, 1734433330789, 1734433331215, 1734433331653, 1734433332483, 1734433332929, 1734433333350, 1734433333857, 1734433334319, 1734433334825, 1734433335224, 1734433335613, 1734433336029, 1734433336560, 1734433337022, 1734433337468, 1734433337905, 1734433338419, 1734433338870, 1734433339935, 1734433340472, 1734433341144, 1734433341722, 1734433342259, 1734433342760, 1734433343228, 1734433343733, 1734433344209, 1734433344752, 1734433345277, 1734433345763, 1734433346378, 1734433346994, 1734433347558, 1734433348045, 1734433348639, 1734433349710, 1734433350258, 1734433350855, 1734433351440, 1734433352019, 1734433352555, 1734433353008, 1734433353416, 1734433353843, 1734433354272, 1734433354790, 1734433355213, 1734433355630, 1734433356123, 1734433356667, 1734433357168, 1734433357606, 1734433357982, 1734433358452, 1734433358824, 1734433359271, 1734433359669, 1734433360044, 1734433360405, 1734433360777, 1734433361266, 1734433361676, 1734433362198, 1734433362754, 1734433363198, 1734433363582, 1734433364030, 1734433364446, 1734433364838, 1734433365199, 1734433365564, 1734433365941, 1734433366381, 1734433366853, 1734433367235, 1734433367583, 1734433368338, 1734433368680, 1734433369032, 1734433369768, 1734433370128, 1734433370490, 1734433370959, 1734433371397, 1734433371763, 1734433372111, 1734433372463, 1734433372899, 1734433373243, 1734433373588, 1734433373977, 1734433374316, 1734433374672, 1734433375011, 1734433375329, 1734433375650, 1734433375967, 1734433376312, 1734433376635, 1734433377279, 1734433377684, 1734433378089, 1734433378408, 1734433378811, 1734433379131, 1734433379494, 1734433379909, 1734433380262, 1734433380594, 1734433380970, 1734433381290, 1734433381624, 1734433381941, 1734433382292, 1734433382648, 
end timestamps: 1734433303034, 1734433303284, 1734433303604, 1734433303818, 1734433304163, 1734433304414, 1734433304666, 1734433304938, 1734433305181, 1734433305397, 1734433305646, 1734433305904, 1734433306329, 1734433306713, 1734433306955, 1734433307149, 1734433307392, 1734433307606, 1734433307885, 1734433308147, 1734433308421, 1734433308708, 1734433308935, 1734433309274, 1734433309566, 1734433309904, 1734433310192, 1734433310436, 1734433310673, 1734433310962, 1734433311196, 1734433311540, 1734433311893, 1734433312196, 1734433312497, 1734433312750, 1734433313018, 1734433313275, 1734433313592, 1734433313846, 1734433314113, 1734433314378, 1734433314624, 1734433314885, 1734433315140, 1734433315418, 1734433315670, 1734433316003, 1734433316328, 1734433316578, 1734433316832, 1734433317106, 1734433317361, 1734433317599, 1734433317830, 1734433318156, 1734433318454, 1734433318696, 1734433318958, 1734433319205, 1734433319658, 1734433319986, 1734433320238, 1734433320472, 1734433320731, 1734433321057, 1734433321381, 1734433321615, 1734433321915, 1734433322251, 1734433322594, 1734433322883, 1734433323139, 1734433323435, 1734433323693, 1734433323995, 1734433324365, 1734433324704, 1734433325022, 1734433325326, 1734433325662, 1734433326003, 1734433326346, 1734433326695, 1734433327024, 1734433327317, 1734433327624, 1734433327890, 1734433328233, 1734433328629, 1734433328951, 1734433329237, 1734433329592, 1734433329988, 1734433330281, 1734433330599, 1734433330923, 1734433331316, 1734433331686, 1734433332211, 1734433332581, 1734433332913, 1734433333357, 1734433333709, 1734433334118, 1734433334459, 1734433334861, 1734433335175, 1734433335581, 1734433335930, 1734433336329, 1734433336686, 1734433337058, 1734433337492, 1734433337882, 1734433338361, 1734433338835, 1734433339266, 1734433339727, 1734433340139, 1734433340615, 1734433340992, 1734433341353, 1734433341678, 1734433342128, 1734433342475, 1734433342939, 1734433343369, 1734433343717, 1734433344111, 1734433344453, 1734433344818, 1734433345156, 1734433345502, 1734433345889, 1734433346198, 1734433346496, 1734433346816, 1734433347124, 1734433347464, 1734433347890, 1734433348235, 1734433348604, 1734433349049, 1734433349438, 1734433349777, 1734433350201, 1734433350563, 1734433350906, 1734433351358, 1734433351790, 1734433352204, 1734433352586, 1734433353010, 1734433353368, 1734433353833, 1734433354465, 1734433354994, 1734433355428, 1734433355917, 1734433356575, 1734433356977, 1734433357342, 1734433357740, 1734433358114, 1734433358468, 1734433358888, 1734433359314, 1734433359701, 1734433360085, 1734433360445, 1734433360858, 1734433361357, 1734433361815, 1734433362220, 1734433362649, 1734433363050, 1734433363578, 1734433363954, 1734433364422, 1734433364826, 1734433365246, 1734433365697, 1734433366240, 1734433366631, 1734433367028, 1734433367537, 1734433368008, 1734433368516, 1734433368925, 1734433369303, 1734433369690, 1734433370148, 1734433370553, 1734433370935, 1734433371515, 1734433371976, 1734433372391, 1734433372968, 1734433373490, 1734433373874, 
Plugin Outgoing Benchmark | start
size of start timestamps: 234
size of end timestamps: 216
latency: 237, 240, 442, 492, 514, 521, 756, 1003, 955, 978, 1131, 1315, 1428, 1621, 1736, 1737, 1941, 1908, 2024, 2013, 2249, 2462, 2698, 2930, 3089, 3040, 3027, 3088, 3102, 2942, 2991, 3172, 2999, 3150, 3431, 3376, 3260, 3439, 3568, 3476, 3454, 3330, 3409, 3342, 3322, 3331, 3205, 3224, 3147, 3152, 3141, 3359, 3437, 3410, 3405, 3420, 3365, 3175, 3365, 3424, 3550, 3652, 3687, 3831, 3781, 3838, 3762, 3906, 3634, 3783, 4033, 4126, 4064, 4089, 4164, 4019, 3944, 3680, 3811, 3998, 4027, 4106, 4140, 4147, 4140, 3753, 3783, 3949, 3776, 3574, 3698, 3818, 3807, 3672, 3860, 4046, 3989, 3994, 3930, 3962, 3693, 3698, 3943, 4274, 4120, 3905, 4239, 4522, 4637, 4784, 4438, 4648, 4514, 4824, 4820, 4825, 4745, 4794, 4993, 5084, 5073, 5107, 5022, 5427, 5463, 5641, 5613, 5302, 5512, 5464, 5302, 5169, 5155, 5004, 4961, 4412, 4612, 4370, 4319, 4262, 4607, 4801, 4837, 4415, 4608, 4993, 4918, 4979, 5134, 5115, 5140, 4971, 4984, 5023, 5364, 5368, 5315, 5392, 5548, 5732, 5679, 6076, 6082, 6134, 6483, 6344, 6254, 6497, 6495, 6250, 6227, 6553, 6587, 6686, 6676, 6515, 6250, 6447, 6246, 6320, 6230, 6433, 6374, 6498, 6476, 6366, 6677, 6642, 7089, 7240, 7203, 6969, 7022, 6986, 7190, 7015, 7335, 7236, 7160, 6978, 7384, 7207, 7183, 6851, 7301, 7478, 7335, 7229, 6783, 7103, 7097, 7033, 6948, 6350, 6403, 6689, 
start timestamps: 1734433302807, 1734433303092, 1734433303131, 1734433303315, 1734433303594, 1734433303827, 1734433303852, 1734433303881, 1734433304164, 1734433304361, 1734433304420, 1734433304467, 1734433304614, 1734433304705, 1734433304942, 1734433305197, 1734433305249, 1734433305555, 1734433305692, 1734433305922, 1734433305922, 1734433305923, 1734433305951, 1734433305952, 1734433306052, 1734433306349, 1734433306685, 1734433306939, 1734433307221, 1734433307645, 1734433307892, 1734433307941, 1734433308425, 1734433308656, 1734433308656, 1734433308943, 1734433309279, 1734433309335, 1734433309411, 1734433309743, 1734433310043, 1734433310443, 1734433310596, 1734433310891, 1734433311197, 1734433311434, 1734433311823, 1734433312088, 1734433312425, 1734433312727, 1734433312997, 1734433313039, 1734433313220, 1734433313497, 1734433313782, 1734433314014, 1734433314301, 1734433314760, 1734433314886, 1734433315220, 1734433315424, 1734433315579, 1734433316011, 1734433316233, 1734433316586, 1734433316775, 1734433317107, 1734433317207, 1734433317716, 1734433317867, 1734433317939, 1734433318253, 1734433318684, 1734433318981, 1734433319301, 1734433319702, 1734433320095, 1734433320620, 1734433320750, 1734433320874, 1734433321179, 1734433321386, 1734433321720, 1734433322035, 1734433322406, 1734433323146, 1734433323443, 1734433323545, 1734433324060, 1734433324563, 1734433324724, 1734433324892, 1734433325213, 1734433325629, 1734433325693, 1734433325876, 1734433326210, 1734433326568, 1734433326950, 1734433327274, 1734433327843, 1734433328253, 1734433328400, 1734433328439, 1734433328955, 1734433329555, 1734433329639, 1734433329776, 1734433330034, 1734433330222, 1734433330892, 1734433331041, 1734433331544, 1734433331587, 1734433331973, 1734433332385, 1734433332935, 1734433333469, 1734433333777, 1734433334159, 1734433334688, 1734433335009, 1734433335549, 1734433335608, 1734433335954, 1734433336112, 1734433336461, 1734433337084, 1734433337239, 1734433337689, 1734433338265, 1734433338811, 1734433339270, 1734433339763, 1734433340147, 1734433340998, 1734433341123, 1734433341780, 1734433342141, 1734433342572, 1734433342586, 1734433342762, 1734433343173, 1734433343949, 1734433344122, 1734433344122, 1734433344614, 1734433344901, 1734433345115, 1734433345514, 1734433345898, 1734433346508, 1734433346859, 1734433347214, 1734433347229, 1734433347565, 1734433348013, 1734433348442, 1734433348772, 1734433349154, 1734433349818, 1734433349818, 1734433350204, 1734433350570, 1734433350772, 1734433351400, 1734433351845, 1734433351970, 1734433352351, 1734433352936, 1734433353370, 1734433353428, 1734433353883, 1734433354353, 1734433354889, 1734433355521, 1734433356173, 1734433356412, 1734433357003, 1734433357321, 1734433357906, 1734433358128, 1734433358587, 1734433358861, 1734433359325, 1734433359984, 1734433360140, 1734433360636, 1734433360637, 1734433361057, 1734433361574, 1734433362221, 1734433362563, 1734433363018, 1734433363252, 1734433363967, 1734433364198, 1734433364739, 1734433365195, 1734433365755, 1734433365807, 1734433366390, 1734433366820, 1734433367570, 1734433367571, 1734433367794, 1734433368336, 1734433368788, 1734433369593, 1734433369654, 1734433370019, 1734433370479, 1734433370986, 1734433371984, 1734433372366, 1734433372463, 1734433372843, 1734433373196, 1734433373627, 1734433374126, 1734433374430, 1734433374884, 1734433375328, 1734433375912, 1734433375912, 1734433376140, 1734433376461, 1734433376865, 1734433377149, 1734433377585, 1734433378011, 1734433378604, 1734433378775, 1734433379201, 
end timestamps: 1734433303044, 1734433303332, 1734433303573, 1734433303807, 1734433304108, 1734433304348, 1734433304608, 1734433304884, 1734433305119, 1734433305339, 1734433305551, 1734433305782, 1734433306042, 1734433306326, 1734433306678, 1734433306934, 1734433307190, 1734433307463, 1734433307716, 1734433307935, 1734433308171, 1734433308385, 1734433308649, 1734433308882, 1734433309141, 1734433309389, 1734433309712, 1734433310027, 1734433310323, 1734433310587, 1734433310883, 1734433311113, 1734433311424, 1734433311806, 1734433312087, 1734433312319, 1734433312539, 1734433312774, 1734433312979, 1734433313219, 1734433313497, 1734433313773, 1734433314005, 1734433314233, 1734433314519, 1734433314765, 1734433315028, 1734433315312, 1734433315572, 1734433315879, 1734433316138, 1734433316398, 1734433316657, 1734433316907, 1734433317187, 1734433317434, 1734433317666, 1734433317935, 1734433318251, 1734433318644, 1734433318974, 1734433319231, 1734433319698, 1734433320064, 1734433320367, 1734433320613, 1734433320869, 1734433321113, 1734433321350, 1734433321650, 1734433321972, 1734433322379, 1734433322748, 1734433323070, 1734433323465, 1734433323721, 1734433324039, 1734433324300, 1734433324561, 1734433324872, 1734433325206, 1734433325492, 1734433325860, 1734433326182, 1734433326546, 1734433326899, 1734433327226, 1734433327494, 1734433327836, 1734433328137, 1734433328422, 1734433328710, 1734433329020, 1734433329301, 1734433329553, 1734433329922, 1734433330199, 1734433330562, 1734433330880, 1734433331236, 1734433331536, 1734433331951, 1734433332343, 1734433332713, 1734433333075, 1734433333460, 1734433333878, 1734433334298, 1734433334671, 1734433335006, 1734433335330, 1734433335689, 1734433336058, 1734433336411, 1734433336793, 1734433337210, 1734433337680, 1734433338263, 1734433338770, 1734433339243, 1734433339761, 1734433340116, 1734433340571, 1734433341035, 1734433341417, 1734433341753, 1734433342074, 1734433342386, 1734433342751, 1734433343153, 1734433343567, 1734433343980, 1734433344425, 1734433344767, 1734433345108, 1734433345410, 1734433345735, 1734433346150, 1734433346460, 1734433346834, 1734433347193, 1734433347563, 1734433348010, 1734433348364, 1734433348730, 1734433349115, 1734433349532, 1734433349880, 1734433350249, 1734433350629, 1734433351038, 1734433351479, 1734433351843, 1734433352237, 1734433352593, 1734433352933, 1734433353328, 1734433353834, 1734433354320, 1734433354886, 1734433355497, 1734433355894, 1734433356286, 1734433356704, 1734433357255, 1734433357744, 1734433358099, 1734433358467, 1734433358846, 1734433359186, 1734433359597, 1734433359981, 1734433360470, 1734433361039, 1734433361565, 1734433362036, 1734433362423, 1734433362859, 1734433363249, 1734433363641, 1734433364136, 1734433364561, 1734433364961, 1734433365359, 1734433365801, 1734433366350, 1734433366817, 1734433367278, 1734433367726, 1734433368297, 1734433368777, 1734433369190, 1734433369585, 1734433370004, 1734433370442, 1734433370982, 1734433371533, 1734433371975, 1734433372355, 1734433372733, 1734433373191, 1734433373597, 1734433374003, 1734433374421, 1734433374872, 1734433375272, 1734433375671, 1734433376017, 1734433376376, 1734433376757, 1734433377116, 1734433377512, 1734433377934, 1734433378334, 1734433378769, 1734433379152, 
Plugin Incoming Benchmark | start
size of start timestamps: 201
size of end timestamps: 207
latency: 281, 270, 533, 247, 288, 255, 284, 235, 250, 360, 257, 230, 395, 382, 505, 292, 493, 499, 332, 537, 505, 232, 233, 341, 57, 3, 7, 248, 158, 215, 6, 63, 29, -326, -270, -282, -261, -268, -239, -217, -245, -258, -81, -231, -129, -142, -200, -248, 5, -97, 4, -60, -5, -155, -239, -116, -291, -286, -128, 21, 22, -368, -320, -176, -230, -115, -311, -204, -232, -301, -218, -324, -271, 4, 6, -154, 63, 184, 8, -134, -117, -34, -312, -338, -314, -309, -324, -251, -49, 19, -231, 0, 315, 19, -214, -258, 271, 48, -277, -145, -488, -364, -281, -423, -296, -344, -306, -177, -169, -34, -326, -379, -332, -344, -415, -377, -468, -469, -419, -493, -379, -471, 2, -335, 25, 0, 36, -355, -424, 228, 7, -333, -207, -258, -580, -379, -304, 11, 40, 84, -239, -429, -673, -704, -609, -821, -718, -741, -749, -1099, -794, -1023, -809, -745, -1042, -1021, -899, -1099, -1568, -1548, -1679, -1535, -1521, -1172, -1160, -1115, -1104, -1003, -1192, -1117, -773, -908, -877, -1220, -1182, -1587, -1747, -1803, -1759, -1737, -1693, -1579, -1289, -1520, -1505, -1439, -1277, -1734, -1621, -1698, -1869, -1736, -2128, -2139, -1870, -1392, -1865, -2247, -1954, -1984, -2404, 
start timestamps: 1734433302811, 1734433303045, 1734433303294, 1734433303605, 1734433303876, 1734433304165, 1734433304421, 1734433304707, 1734433304947, 1734433305195, 1734433305435, 1734433305692, 1734433305954, 1734433306332, 1734433306716, 1734433306958, 1734433307152, 1734433307393, 1734433307609, 1734433307888, 1734433308151, 1734433308424, 1734433308710, 1734433308938, 1734433309278, 1734433309567, 1734433309906, 1734433310195, 1734433310438, 1734433310676, 1734433310965, 1734433311199, 1734433311541, 1734433311896, 1734433312199, 1734433312499, 1734433312766, 1734433313034, 1734433313278, 1734433313594, 1734433313849, 1734433314116, 1734433314382, 1734433314627, 1734433314889, 1734433315142, 1734433315420, 1734433315672, 1734433316006, 1734433316330, 1734433316582, 1734433316835, 1734433317112, 1734433317362, 1734433317601, 1734433317832, 1734433318158, 1734433318457, 1734433318699, 1734433318960, 1734433319209, 1734433319669, 1734433319988, 1734433320238, 1734433320477, 1734433320735, 1734433321061, 1734433321383, 1734433321618, 1734433321917, 1734433322253, 1734433322596, 1734433322885, 1734433323142, 1734433323437, 1734433323699, 1734433323997, 1734433324379, 1734433324716, 1734433325026, 1734433325330, 1734433325663, 1734433326005, 1734433326349, 1734433326696, 1734433327026, 1734433327366, 1734433327626, 1734433327892, 1734433328234, 1734433328631, 1734433328955, 1734433329240, 1734433329620, 1734433329990, 1734433330292, 1734433330621, 1734433330993, 1734433331318, 1734433331689, 1734433332214, 1734433332586, 1734433332916, 1734433333358, 1734433333765, 1734433334121, 1734433334465, 1734433334865, 1734433335178, 1734433335583, 1734433335934, 1734433336333, 1734433336689, 1734433337060, 1734433337499, 1734433337884, 1734433338364, 1734433338837, 1734433339268, 1734433339763, 1734433340142, 1734433340618, 1734433340996, 1734433341356, 1734433341755, 1734433342141, 1734433342536, 1734433342941, 1734433343372, 1734433343721, 1734433344115, 1734433344455, 1734433344821, 1734433345159, 1734433345506, 1734433345893, 1734433346202, 1734433346497, 1734433346819, 1734433347130, 1734433347468, 1734433347902, 1734433348238, 1734433348607, 1734433349051, 1734433349441, 1734433349782, 1734433350209, 1734433350567, 1734433350917, 1734433351364, 1734433351795, 1734433352209, 1734433352590, 1734433353012, 1734433353372, 1734433353835, 1734433354469, 1734433354996, 1734433355431, 1734433356163, 1734433356578, 1734433356981, 1734433357345, 1734433357744, 1734433358118, 1734433358473, 1734433358909, 1734433359320, 1734433359704, 1734433360098, 1734433360448, 1734433360861, 1734433361360, 1734433361818, 1734433362224, 1734433362653, 1734433363161, 1734433363582, 1734433363958, 1734433364426, 1734433364831, 1734433365256, 1734433365718, 1734433366244, 1734433366634, 1734433367032, 1734433367541, 1734433368011, 1734433368518, 1734433368928, 1734433369307, 1734433369699, 1734433370152, 1734433370556, 1734433370985, 1734433371519, 1734433371979, 1734433372433, 1734433372970, 1734433373493, 
end timestamps: 1734433303092, 1734433303315, 1734433303827, 1734433303852, 1734433304164, 1734433304420, 1734433304705, 1734433304942, 1734433305197, 1734433305555, 1734433305692, 1734433305922, 1734433306349, 1734433306714, 1734433307221, 1734433307250, 1734433307645, 1734433307892, 1734433307941, 1734433308425, 1734433308656, 1734433308656, 1734433308943, 1734433309279, 1734433309335, 1734433309570, 1734433309913, 1734433310443, 1734433310596, 1734433310891, 1734433310971, 1734433311262, 1734433311570, 1734433311570, 1734433311929, 1734433312217, 1734433312505, 1734433312766, 1734433313039, 1734433313377, 1734433313604, 1734433313858, 1734433314301, 1734433314396, 1734433314760, 1734433315000, 1734433315220, 1734433315424, 1734433316011, 1734433316233, 1734433316586, 1734433316775, 1734433317107, 1734433317207, 1734433317362, 1734433317716, 1734433317867, 1734433318171, 1734433318571, 1734433318981, 1734433319231, 1734433319301, 1734433319668, 1734433320062, 1734433320247, 1734433320620, 1734433320750, 1734433321179, 1734433321386, 1734433321616, 1734433322035, 1734433322272, 1734433322614, 1734433323146, 1734433323443, 1734433323545, 1734433324060, 1734433324563, 1734433324724, 1734433324892, 1734433325213, 1734433325629, 1734433325693, 1734433326011, 1734433326382, 1734433326717, 1734433327042, 1734433327375, 1734433327843, 1734433328253, 1734433328400, 1734433328955, 1734433329555, 1734433329639, 1734433329776, 1734433330034, 1734433330892, 1734433331041, 1734433331041, 1734433331544, 1734433331726, 1734433332222, 1734433332635, 1734433332935, 1734433333469, 1734433333777, 1734433334159, 1734433334688, 1734433335009, 1734433335549, 1734433335608, 1734433335954, 1734433336357, 1734433336716, 1734433337084, 1734433337507, 1734433337896, 1734433338368, 1734433338849, 1734433339270, 1734433339763, 1734433340147, 1734433340998, 1734433341021, 1734433341780, 1734433342141, 1734433342572, 1734433342586, 1734433342948, 1734433343949, 1734433344122, 1734433344122, 1734433344614, 1734433344901, 1734433344926, 1734433345514, 1734433345898, 1734433346508, 1734433346859, 1734433347214, 1734433347229, 1734433347473, 1734433347565, 1734433347903, 1734433348442, 1734433348620, 1734433349064, 1734433349468, 1734433349818, 1734433349818, 1734433350570, 1734433350772, 1734433351400, 1734433351845, 1734433351970, 1734433352351, 1734433352936, 1734433353370, 1734433353428, 1734433353883, 1734433354484, 1734433355043, 1734433355460, 1734433356173, 1734433356584, 1734433357003, 1734433357369, 1734433357906, 1734433358128, 1734433358587, 1734433359325, 1734433359540, 1734433359984, 1734433360140, 1734433360636, 1734433360637, 1734433360906, 1734433361358, 1734433361823, 1734433362221, 1734433362733, 1734433363252, 1734433363967, 1734433364198, 1734433364739, 1734433365195, 1734433365755, 1734433365807, 1734433366390, 1734433366820, 1734433367059, 1734433367571, 1734433367571, 1734433368013, 1734433368686, 1734433369593, 1734433369654, 1734433369732, 1734433370479, 1734433370986, 1734433371089, 1734433371526, 1734433371984, 1734433372463, 1734433373003, 1734433373583, 1734433373905, 
